ID,Type,Submit Time,Start Time,End Time,Wait Time,Makespan,Turnaround Time,Status,Nodes
0,Rigid,0,298498,440850,298498,142352,440850,completed,756
1,Rigid,71527,383929,428823,312402,44894,357296,completed,576
2,Rigid,71527,383929,431186,312402,47257,359659,completed,576
3,Rigid,71527,428825,470901,357298,42076,399374,completed,576
4,Rigid,169836,440852,588733,271016,147881,418897,completed,756
5,Rigid,242336,242337,501545,1,259208,259209,completed,32
6,Rigid,335965,335965,396548,0,60583,60583,completed,32
7,Rigid,335965,335965,397311,0,61346,61346,completed,32
8,Rigid,335965,335965,392042,0,56077,56077,completed,32
9,Rigid,335965,335965,385457,0,49492,49492,completed,32
10,Rigid,335965,335965,394832,0,58867,58867,completed,32
11,Rigid,335965,335965,402296,0,66331,66331,completed,32
12,Rigid,335965,335965,404011,0,68046,68046,completed,32
13,Rigid,335965,335965,396569,0,60604,60604,completed,32
14,Rigid,335965,335965,396805,0,60840,60840,completed,32
15,Rigid,335965,335965,401648,0,65683,65683,completed,32
16,Rigid,335965,335965,399366,0,63401,63401,completed,32
17,Rigid,335965,335965,390293,0,54328,54328,completed,32
18,Rigid,335989,335992,487256,3,151264,151267,completed,756
19,Rigid,336012,588734,736146,252722,147412,400134,completed,756
20,Rigid,338278,338278,683903,0,345625,345625,completed,288
21,Rigid,338543,338544,402894,1,64350,64351,completed,32
22,Rigid,338543,338544,399970,1,61426,61427,completed,32
23,Rigid,338543,338544,393405,1,54861,54862,completed,32
24,Rigid,338543,338544,399030,1,60486,60487,completed,32
25,Rigid,338543,338544,397671,1,59127,59128,completed,32
26,Rigid,338543,338544,397450,1,58906,58907,completed,32
27,Rigid,338543,338544,404248,1,65704,65705,completed,32
28,Rigid,338543,338544,398676,1,60132,60133,completed,32
29,Rigid,338543,338544,395550,1,57006,57007,completed,32
30,Rigid,338543,338544,400812,1,62268,62269,completed,32
31,Rigid,338543,338544,399605,1,61061,61062,completed,32
32,Rigid,338543,338544,397957,1,59413,59414,completed,32
33,Rigid,339366,339367,411767,1,72400,72401,completed,32
34,Rigid,339366,339367,411508,1,72141,72142,completed,32
35,Rigid,339366,339367,407715,1,68348,68349,completed,32
36,Rigid,339366,339367,410215,1,70848,70849,completed,32
37,Rigid,339366,339367,412489,1,73122,73123,completed,32
38,Rigid,339366,339367,409401,1,70034,70035,completed,32
39,Rigid,339366,339367,407787,1,68420,68421,completed,32
40,Rigid,339366,339367,390721,1,51354,51355,completed,32
41,Rigid,339366,339367,398898,1,59531,59532,completed,32
42,Rigid,339366,339367,408858,1,69491,69492,completed,32
43,Rigid,339366,339367,414631,1,75264,75265,completed,32
44,Rigid,339366,339367,415003,1,75636,75637,completed,32
45,Rigid,339573,339573,399566,0,59993,59993,completed,32
46,Rigid,339573,339573,423533,0,83960,83960,completed,32
47,Rigid,339573,339573,425245,0,85672,85672,completed,32
48,Rigid,339573,339573,426692,0,87119,87119,completed,32
49,Rigid,339573,339573,411606,0,72033,72033,completed,32
50,Rigid,339573,339573,414391,0,74818,74818,completed,32
51,Rigid,339573,339573,420246,0,80673,80673,completed,32
52,Rigid,339573,339573,416005,0,76432,76432,completed,32
53,Rigid,339573,339573,405967,0,66394,66394,completed,32
54,Rigid,339573,339573,412283,0,72710,72710,completed,32
55,Rigid,339573,339573,413462,0,73889,73889,completed,32
56,Rigid,339573,339573,418922,0,79349,79349,completed,32
57,Rigid,341930,341932,421770,2,79838,79840,completed,72
58,Rigid,388561,388562,420548,1,31986,31987,completed,24
59,Rigid,388656,388657,422443,1,33786,33787,completed,24
60,Rigid,394103,394103,713717,0,319614,319614,completed,252
61,Rigid,394558,394558,689200,0,294642,294642,completed,252
62,Rigid,394695,394695,691864,0,297169,297169,completed,252
63,Rigid,394759,394759,682940,0,288181,288181,completed,252
64,Rigid,395115,395115,682160,0,287045,287045,completed,252
65,Rigid,417755,417755,487952,0,70197,70197,completed,72
66,Rigid,421959,421960,429406,1,7446,7447,completed,4
67,Rigid,422104,422105,476264,1,54159,54160,completed,72
68,Rigid,422468,422469,423095,1,626,627,completed,36
69,Rigid,422719,422719,422854,0,135,135,completed,36
70,Rigid,422723,422724,422852,1,128,129,completed,36
71,Rigid,422873,422873,423097,0,224,224,completed,36
72,Rigid,422987,422988,425010,1,2022,2023,completed,36
73,Rigid,427876,427876,428154,0,278,278,completed,144
74,Rigid,429131,429132,472354,1,43222,43223,completed,36
75,Rigid,429220,429220,515646,0,86426,86426,completed,144
76,Rigid,429220,429220,515646,0,86426,86426,completed,144
77,Rigid,429220,429220,515646,0,86426,86426,completed,144
78,Rigid,429220,429224,513858,4,84634,84638,completed,144
79,Rigid,429220,429224,515646,4,86422,86426,completed,144
80,Rigid,429220,429224,514710,4,85486,85490,completed,144
81,Rigid,429220,429224,515646,4,86422,86426,completed,144
82,Rigid,429220,429224,515646,4,86422,86426,completed,144
83,Rigid,429220,429224,515646,4,86422,86426,completed,144
84,Rigid,429281,429282,513073,1,83791,83792,completed,144
85,Rigid,429281,429282,514941,1,85659,85660,completed,144
86,Rigid,429281,429282,514354,1,85072,85073,completed,144
87,Rigid,429281,429282,515706,1,86424,86425,completed,144
88,Rigid,429283,429286,515706,3,86420,86423,completed,144
89,Rigid,429283,429286,515704,3,86418,86421,completed,144
90,Rigid,430396,430397,439969,1,9572,9573,completed,144
91,Rigid,430397,430397,440108,0,9711,9711,completed,144
92,Rigid,430397,430401,440272,4,9871,9875,completed,144
93,Rigid,430397,430401,439368,4,8967,8971,completed,144
94,Rigid,430397,430397,440657,0,10260,10260,completed,144
95,Rigid,430397,430397,450280,0,19883,19883,completed,144
96,Rigid,430397,430401,440636,4,10235,10239,completed,144
97,Rigid,430397,430401,446478,4,16077,16081,completed,144
98,Rigid,430398,430401,438307,3,7906,7909,completed,144
99,Rigid,430398,430401,438762,3,8361,8364,completed,144
100,Rigid,430398,430401,440252,3,9851,9854,completed,144
101,Rigid,430722,446875,450757,16153,3882,20035,completed,144
102,Rigid,430722,430722,450757,0,20035,20035,completed,144
103,Rigid,430722,431187,446874,465,15687,16152,completed,144
104,Rigid,430722,431187,450757,465,19570,20035,completed,144
105,Rigid,430722,431187,450757,465,19570,20035,completed,144
106,Rigid,430722,431187,450757,465,19570,20035,completed,144
107,Rigid,433248,433249,433649,1,400,401,completed,36
108,Rigid,434133,434134,434502,1,368,369,completed,36
109,Rigid,434826,434827,435205,1,378,379,completed,36
110,Rigid,445036,445037,445058,1,21,22,completed,36
111,Rigid,445834,445834,446139,0,305,305,completed,36
112,Rigid,446269,446269,449017,0,2748,2748,completed,144
113,Rigid,446353,446354,446653,1,299,300,completed,36
114,Rigid,446969,446970,447273,1,303,304,completed,36
115,Rigid,450380,450381,450402,1,21,22,completed,144
116,Rigid,450380,450381,450402,1,21,22,completed,144
117,Rigid,450380,450381,450402,1,21,22,completed,144
118,Rigid,450380,450381,450402,1,21,22,completed,144
119,Rigid,450380,450381,450402,1,21,22,completed,144
120,Rigid,450380,450381,450402,1,21,22,completed,144
121,Rigid,450380,450381,450402,1,21,22,completed,144
122,Rigid,450380,450381,450402,1,21,22,completed,144
123,Rigid,450380,450381,450402,1,21,22,completed,144
124,Rigid,450380,450381,450402,1,21,22,completed,144
125,Rigid,450380,450381,450402,1,21,22,completed,144
126,Rigid,450380,450381,450402,1,21,22,completed,144
127,Rigid,450380,450381,450402,1,21,22,completed,144
128,Rigid,450380,450381,450402,1,21,22,completed,144
129,Rigid,450380,450381,450402,1,21,22,completed,144
130,Rigid,450380,450381,450402,1,21,22,completed,144
131,Rigid,450380,450381,450402,1,21,22,completed,144
132,Rigid,450381,450381,450402,0,21,21,completed,144
133,Rigid,450381,450381,450402,0,21,21,completed,144
134,Rigid,450381,450381,450402,0,21,21,completed,144
135,Rigid,450381,450381,450402,0,21,21,completed,144
136,Rigid,450381,450381,450402,0,21,21,completed,144
137,Rigid,452142,452142,452148,0,6,6,completed,36
138,Rigid,452347,452347,452490,0,143,143,completed,36
139,Rigid,452561,452562,452723,1,161,162,completed,36
140,Rigid,453854,453855,466012,1,12157,12158,completed,36
141,Rigid,455041,455041,493472,0,38431,38431,completed,144
142,Rigid,455041,455041,488677,0,33636,33636,completed,144
143,Rigid,455041,455041,491180,0,36139,36139,completed,144
144,Rigid,455041,455041,490964,0,35923,35923,completed,144
145,Rigid,455041,455045,485140,4,30095,30099,completed,144
146,Rigid,455041,455045,491835,4,36790,36794,completed,144
147,Rigid,455042,455045,493280,3,38235,38238,completed,144
148,Rigid,455042,455045,499449,3,44404,44407,completed,144
149,Rigid,455042,455045,480220,3,25175,25178,completed,144
150,Rigid,455042,455045,493560,3,38515,38518,completed,144
151,Rigid,455042,455045,485355,3,30310,30313,completed,144
152,Rigid,455042,455045,489293,3,34248,34251,completed,144
153,Rigid,455042,455045,486397,3,31352,31355,completed,144
154,Rigid,455042,455045,482119,3,27074,27077,completed,144
155,Rigid,455042,455045,486656,3,31611,31614,completed,144
156,Rigid,455042,455045,485783,3,30738,30741,completed,144
157,Rigid,455042,455045,495630,3,40585,40588,completed,144
158,Rigid,455043,455045,487352,2,32307,32309,completed,144
159,Rigid,455043,455045,487168,2,32123,32125,completed,144
160,Rigid,455043,455045,485810,2,30765,30767,completed,144
161,Rigid,455043,455045,495786,2,40741,40743,completed,144
162,Rigid,455043,455045,483976,2,28931,28933,completed,144
163,Rigid,455043,480221,520644,25178,40423,65601,completed,144
164,Rigid,455043,482120,514747,27077,32627,59704,completed,144
165,Rigid,455043,483977,515111,28934,31134,60068,completed,144
166,Rigid,455043,485142,523258,30099,38116,68215,completed,144
167,Rigid,455043,485356,512282,30313,26926,57239,completed,144
168,Rigid,455043,485785,523997,30742,38212,68954,completed,144
169,Rigid,455043,485811,520323,30768,34512,65280,completed,144
170,Rigid,455043,486398,518653,31355,32255,63610,completed,144
171,Rigid,455043,486657,524430,31614,37773,69387,completed,144
172,Rigid,455043,487169,518817,32126,31648,63774,completed,144
173,Rigid,455043,487354,527694,32311,40340,72651,completed,144
174,Rigid,455043,488679,528438,33636,39759,73395,completed,144
175,Rigid,455043,489295,523897,34252,34602,68854,completed,144
176,Rigid,455043,490965,530965,35922,40000,75922,completed,144
177,Rigid,455043,491181,526878,36138,35697,71835,completed,144
178,Rigid,455043,491836,523840,36793,32004,68797,completed,144
179,Rigid,455043,493281,524252,38238,30971,69209,completed,144
180,Rigid,455043,493474,521346,38431,27872,66303,completed,144
181,Rigid,455044,493561,526315,38517,32754,71271,completed,144
182,Rigid,455044,495631,526386,40587,30755,71342,completed,144
183,Rigid,455044,495788,522422,40744,26634,67378,completed,144
184,Rigid,455044,499450,543533,44406,44083,88489,completed,144
185,Rigid,455044,512284,547290,57240,35006,92246,completed,144
186,Rigid,455044,514748,545278,59704,30530,90234,completed,144
187,Rigid,455044,515112,551151,60068,36039,96107,completed,144
188,Rigid,455044,518654,547732,63610,29078,92688,completed,144
189,Rigid,455044,518818,555399,63774,36581,100355,completed,144
190,Rigid,455044,520324,554378,65280,34054,99334,completed,144
191,Rigid,455044,520645,546238,65601,25593,91194,completed,144
192,Rigid,455044,521347,553475,66303,32128,98431,completed,144
193,Rigid,455044,522424,553747,67380,31323,98703,completed,144
194,Rigid,455044,523259,555081,68215,31822,100037,completed,144
195,Rigid,455044,523841,558269,68797,34428,103225,completed,144
196,Rigid,455044,523898,565525,68854,41627,110481,completed,144
197,Rigid,455044,523998,563728,68954,39730,108684,completed,144
198,Rigid,455044,524253,546923,69209,22670,91879,completed,144
199,Rigid,455044,524431,555559,69387,31128,100515,completed,144
200,Rigid,455044,526316,557078,71272,30762,102034,completed,144
201,Rigid,455044,526387,559307,71343,32920,104263,completed,144
202,Rigid,455044,526879,565037,71835,38158,109993,completed,144
203,Rigid,455044,527695,557075,72651,29380,102031,completed,144
204,Rigid,455044,528439,568293,73395,39854,113249,completed,144
205,Rigid,455044,530966,564143,75922,33177,109099,completed,144
206,Rigid,455044,545280,579498,90236,34218,124454,completed,144
207,Rigid,455044,545899,575631,90855,29732,120587,completed,144
208,Rigid,455044,546239,584402,91195,38163,129358,completed,144
209,Rigid,455044,546924,576292,91880,29368,121248,completed,144
210,Rigid,455044,547291,583641,92247,36350,128597,completed,144
211,Rigid,455045,547734,575414,92689,27680,120369,completed,144
212,Rigid,455045,551151,585848,96106,34697,130803,completed,144
213,Rigid,455045,553476,589081,98431,35605,134036,completed,144
214,Rigid,455045,553748,588351,98703,34603,133306,completed,144
215,Rigid,455045,554380,596050,99335,41670,141005,completed,144
216,Rigid,455045,555082,594924,100037,39842,139879,completed,144
217,Rigid,455045,555401,588575,100356,33174,133530,completed,144
218,Rigid,455045,555561,591504,100516,35943,136459,completed,144
219,Rigid,455045,557076,586984,102031,29908,131939,completed,144
220,Rigid,455045,557080,594020,102035,36940,138975,completed,144
221,Rigid,455045,558270,595796,103225,37526,140751,completed,144
222,Rigid,455045,559308,591380,104263,32072,136335,completed,144
223,Rigid,455045,563729,607004,108684,43275,151959,completed,144
224,Rigid,455045,564144,601007,109099,36863,145962,completed,144
225,Rigid,455045,565038,599826,109993,34788,144781,completed,144
226,Rigid,455045,565526,608067,110481,42541,153022,completed,144
227,Rigid,455045,568295,605289,113250,36994,150244,completed,144
228,Rigid,455046,575416,606633,120370,31217,151587,completed,144
229,Rigid,455046,575632,613003,120586,37371,157957,completed,144
230,Rigid,455046,576292,613398,121246,37106,158352,completed,144
231,Rigid,455046,579500,614722,124454,35222,159676,completed,144
232,Rigid,455046,583642,622005,128596,38363,166959,completed,144
233,Rigid,455046,584403,621720,129357,37317,166674,completed,144
234,Rigid,455046,585848,614503,130802,28655,159457,completed,144
235,Rigid,455046,586985,620855,131939,33870,165809,completed,144
236,Rigid,455046,588353,634258,133307,45905,179212,completed,144
237,Rigid,455046,588577,615985,133531,27408,160939,completed,144
238,Rigid,455046,589082,625491,134036,36409,170445,completed,144
239,Rigid,455046,591381,624782,136335,33401,169736,completed,144
240,Rigid,455046,591505,622175,136459,30670,167129,completed,144
241,Rigid,455046,594022,630392,138976,36370,175346,completed,144
242,Rigid,455046,594925,624429,139879,29504,169383,completed,144
243,Rigid,455046,595797,629346,140751,33549,174300,completed,144
244,Rigid,455046,596051,626389,141005,30338,171343,completed,144
245,Rigid,455046,600548,629474,145502,28926,174428,completed,144
246,Rigid,455046,601271,630114,146225,28843,175068,completed,144
247,Rigid,455046,605289,635157,150243,29868,180111,completed,144
248,Rigid,455046,606634,642491,151588,35857,187445,completed,144
249,Rigid,455046,607006,640240,151960,33234,185194,completed,144
250,Rigid,455046,608068,633078,153022,25010,178032,completed,144
251,Rigid,455046,613004,646271,157958,33267,191225,completed,144
252,Rigid,455047,613400,641006,158353,27606,185959,completed,144
253,Rigid,455047,614504,644037,159457,29533,188990,completed,144
254,Rigid,455047,614724,644921,159677,30197,189874,completed,144
255,Rigid,455047,615987,647455,160940,31468,192408,completed,144
256,Rigid,455047,620857,656454,165810,35597,201407,completed,144
257,Rigid,455047,621721,653834,166674,32113,198787,completed,144
258,Rigid,455047,622007,655440,166960,33433,200393,completed,144
259,Rigid,455047,622176,654183,167129,32007,199136,completed,144
260,Rigid,455047,624431,659687,169384,35256,204640,completed,144
261,Rigid,455047,624784,660623,169737,35839,205576,completed,144
262,Rigid,455047,625493,655820,170446,30327,200773,completed,144
263,Rigid,455047,626391,658556,171344,32165,203509,completed,144
264,Rigid,455047,629347,659995,174300,30648,204948,completed,144
265,Rigid,455047,629475,665402,174428,35927,210355,completed,144
266,Rigid,455047,630115,668764,175068,38649,213717,completed,144
267,Rigid,455047,630393,662225,175346,31832,207178,completed,144
268,Rigid,455047,633079,665713,178032,32634,210666,completed,144
269,Rigid,455047,634259,667645,179212,33386,212598,completed,144
270,Rigid,455047,635158,673693,180111,38535,218646,completed,144
271,Rigid,455047,640242,676427,185195,36185,221380,completed,144
272,Rigid,455047,641007,671983,185960,30976,216936,completed,144
273,Rigid,455047,642492,685454,187445,42962,230407,completed,144
274,Rigid,455047,644039,684373,188992,40334,229326,completed,144
275,Rigid,455047,644922,676379,189875,31457,221332,completed,144
276,Rigid,455047,646272,677836,191225,31564,222789,completed,144
277,Rigid,455047,647456,679373,192409,31917,224326,completed,144
278,Rigid,455047,653836,690058,198789,36222,235011,completed,144
279,Rigid,455047,654185,694833,199138,40648,239786,completed,144
280,Rigid,455047,655442,695210,200395,39768,240163,completed,144
281,Rigid,455047,655822,684713,200775,28891,229666,completed,144
282,Rigid,455047,656455,694950,201408,38495,239903,completed,144
283,Rigid,455048,658558,696163,203510,37605,241115,completed,144
284,Rigid,455048,659688,699494,204640,39806,244446,completed,144
285,Rigid,455048,659996,701230,204948,41234,246182,completed,144
286,Rigid,455048,660625,681690,205577,21065,226642,completed,144
287,Rigid,455048,662226,697662,207178,35436,242614,completed,144
288,Rigid,455048,665403,697223,210355,31820,242175,completed,144
289,Rigid,455048,665714,695030,210666,29316,239982,completed,144
290,Rigid,455048,667647,703079,212599,35432,248031,completed,144
291,Rigid,455048,668765,702988,213717,34223,247940,completed,144
292,Rigid,455048,671984,709274,216936,37290,254226,completed,144
293,Rigid,455048,673695,707562,218647,33867,252514,completed,144
294,Rigid,455048,676380,716309,221332,39929,261261,completed,144
295,Rigid,455048,676429,708457,221381,32028,253409,completed,144
296,Rigid,455048,678950,704896,223902,25946,249848,completed,144
297,Rigid,455048,679375,711577,224327,32202,256529,completed,144
298,Rigid,455049,682162,716776,227113,34614,261727,completed,144
299,Rigid,455049,684375,716633,229326,32258,261584,completed,144
300,Rigid,455049,684715,719121,229666,34406,264072,completed,144
301,Rigid,455049,685456,718758,230407,33302,263709,completed,144
302,Rigid,455049,690060,729214,235011,39154,274165,completed,144
303,Rigid,455049,694835,733392,239786,38557,278343,completed,144
304,Rigid,455049,694952,741375,239903,46423,286326,completed,144
305,Rigid,455151,455156,504871,5,49715,49720,completed,144
306,Rigid,455151,455156,501742,5,46586,46591,completed,144
307,Rigid,455152,455156,495394,4,40238,40242,completed,144
308,Rigid,455152,455156,499953,4,44797,44801,completed,144
309,Rigid,455152,455156,466195,4,11039,11043,completed,144
310,Rigid,455152,466217,497576,11065,31359,42424,completed,144
311,Rigid,455152,470906,532503,15754,61597,77351,completed,144
312,Rigid,455152,470906,516138,15754,45232,60986,completed,144
313,Rigid,455152,470906,521271,15754,50365,66119,completed,144
314,Rigid,455152,470906,507949,15754,37043,52797,completed,144
315,Rigid,455152,495395,549370,40243,53975,94218,completed,144
316,Rigid,455152,497577,543580,42425,46003,88428,completed,144
317,Rigid,455152,499954,545898,44802,45944,90746,completed,144
318,Rigid,455152,501743,557954,46591,56211,102802,completed,144
319,Rigid,455152,510589,552577,55437,41988,97425,completed,144
320,Rigid,455152,514834,559165,59682,44331,104013,completed,144
321,Rigid,455152,516139,553765,60987,37626,98613,completed,144
322,Rigid,455152,521271,567150,66119,45879,111998,completed,144
323,Rigid,455152,532504,581149,77352,48645,125997,completed,144
324,Rigid,455152,546343,593030,91191,46687,137878,completed,144
325,Rigid,455152,546343,594257,91191,47914,139105,completed,144
326,Rigid,455152,549371,604942,94219,55571,149790,completed,144
327,Rigid,455152,552578,603389,97426,50811,148237,completed,144
328,Rigid,455152,553766,601270,98614,47504,146118,completed,144
329,Rigid,455152,557955,608638,102803,50683,153486,completed,144
330,Rigid,455152,559167,607653,104015,48486,152501,completed,144
331,Rigid,455153,567151,616504,111998,49353,161351,completed,144
332,Rigid,455153,581150,621774,125997,40624,166621,completed,144
333,Rigid,455153,593031,634802,137878,41771,179649,completed,144
334,Rigid,455153,601744,654847,146591,53103,199694,completed,144
335,Rigid,455153,603329,650530,148176,47201,195377,completed,144
336,Rigid,455153,603391,656536,148238,53145,201383,completed,144
337,Rigid,455153,604943,648888,149790,43945,193735,completed,144
338,Rigid,455153,607655,672421,152502,64766,217268,completed,144
339,Rigid,455153,632904,675913,177751,43009,220760,completed,144
340,Rigid,455153,634803,685184,179650,50381,230031,completed,144
341,Rigid,455153,634824,673044,179671,38220,217891,completed,144
342,Rigid,455153,641965,689733,186812,47768,234580,completed,144
343,Rigid,455153,648890,701735,193737,52845,246582,completed,144
344,Rigid,455153,650531,696063,195378,45532,240910,completed,144
345,Rigid,455153,654849,695543,199696,40694,240390,completed,144
346,Rigid,455153,656538,702464,201385,45926,247311,completed,144
347,Rigid,455153,672423,720074,217270,47651,264921,completed,144
348,Rigid,455153,673046,719668,217893,46622,264515,completed,144
349,Rigid,455153,713719,763237,258566,49518,308084,completed,144
350,Rigid,455153,715682,771908,260529,56226,316755,completed,144
351,Rigid,455153,716190,763916,261037,47726,308763,completed,144
352,Rigid,455154,716199,761749,261045,45550,306595,completed,144
353,Rigid,455154,716311,758513,261157,42202,303359,completed,144
354,Rigid,455154,716635,762086,261481,45451,306932,completed,144
355,Rigid,455154,716777,768688,261623,51911,313534,completed,144
356,Rigid,456427,456428,456437,1,9,10,completed,36
357,Rigid,456532,456535,456579,3,44,47,completed,36
358,Rigid,456653,456655,456687,2,32,34,completed,36
359,Rigid,458832,458833,458854,1,21,22,completed,36
360,Rigid,458905,458906,458921,1,15,16,completed,36
361,Rigid,459050,459050,459064,0,14,14,completed,36
362,Rigid,459122,459123,459136,1,13,14,completed,36
363,Rigid,459212,459213,459224,1,11,12,completed,36
364,Rigid,459301,459302,459313,1,11,12,completed,36
365,Rigid,459374,459374,459384,0,10,10,completed,36
366,Rigid,459444,459444,459453,0,9,9,completed,36
367,Rigid,459484,459485,459494,1,9,10,completed,36
368,Rigid,459562,459562,459574,0,12,12,completed,72
369,Rigid,459651,459651,459665,0,14,14,completed,144
370,Rigid,459671,459672,496673,1,37001,37002,completed,1
371,Rigid,459727,459728,459747,1,19,20,completed,288
372,Rigid,459812,459812,459876,0,64,64,completed,576
373,Rigid,459917,459917,459947,0,30,30,completed,576
374,Rigid,460013,460015,460027,2,12,14,completed,1152
375,Rigid,460110,460147,460189,37,42,79,completed,2304
376,Rigid,462005,462008,634817,3,172809,172812,completed,108
377,Rigid,462086,462098,632301,12,170203,170215,completed,108
378,Rigid,462159,462188,634997,29,172809,172838,completed,22
379,Rigid,462338,462368,525465,30,63097,63127,completed,22
380,Rigid,463340,463361,463363,21,2,23,completed,4
381,Rigid,463539,463541,632900,2,169359,169361,completed,24
382,Rigid,463551,463571,636377,20,172806,172826,completed,24
383,Rigid,471344,471357,471365,13,8,21,completed,144
384,Rigid,471453,471477,471488,24,11,35,completed,144
385,Rigid,471594,471598,471605,4,7,11,completed,72
386,Rigid,471710,471718,471722,8,4,12,completed,36
387,Rigid,471821,471838,471842,17,4,21,completed,36
388,Rigid,471903,471928,471934,25,6,31,completed,36
389,Rigid,472017,472018,472023,1,5,6,completed,36
390,Rigid,472060,472078,472083,18,5,23,completed,36
391,Rigid,472150,472169,472173,19,4,23,completed,36
392,Rigid,472869,472869,472872,0,3,3,completed,36
393,Rigid,472898,472899,472909,1,10,11,completed,36
394,Rigid,472982,472983,472995,1,12,13,completed,72
395,Rigid,473067,473068,473083,1,15,16,completed,144
396,Rigid,473140,473140,473160,0,20,20,completed,288
397,Rigid,473221,473222,473256,1,34,35,completed,576
398,Rigid,473297,473298,473318,1,20,21,completed,1152
399,Rigid,473420,473421,473448,1,27,28,completed,432
400,Rigid,473523,473524,473687,1,163,164,completed,24
401,Rigid,473544,473545,473568,1,23,24,completed,360
402,Rigid,473641,473641,473663,0,22,22,completed,324
403,Rigid,473701,473701,506133,0,32432,32432,completed,24
404,Rigid,473736,473737,473754,1,17,18,completed,216
405,Rigid,473826,473826,473842,0,16,16,completed,180
406,Rigid,473935,473936,473955,1,19,20,completed,252
407,Rigid,474007,474008,474026,1,18,19,completed,216
408,Rigid,476863,476864,479798,1,2934,2935,completed,72
409,Rigid,489059,489059,489104,0,45,45,completed,72
410,Rigid,489920,489920,489931,0,11,11,completed,72
411,Rigid,490051,490052,490063,1,11,12,completed,72
412,Rigid,490369,490370,490407,1,37,38,completed,72
413,Rigid,490562,490562,490573,0,11,11,completed,72
414,Rigid,490737,490737,493755,0,3018,3018,completed,72
415,Rigid,494186,494187,496996,1,2809,2810,completed,72
416,Rigid,496550,496551,519771,1,23220,23221,completed,144
417,Rigid,497142,497142,585923,0,88781,88781,completed,36
418,Rigid,497142,497142,561195,0,64053,64053,completed,36
419,Rigid,497142,497142,561696,0,64554,64554,completed,36
420,Rigid,497204,497204,532388,0,35184,35184,completed,36
421,Rigid,497204,497204,545131,0,47927,47927,completed,36
422,Rigid,497204,497204,595574,0,98370,98370,completed,36
423,Rigid,497304,497306,568274,2,70968,70970,completed,36
424,Rigid,497304,497306,583021,2,85715,85717,completed,36
425,Rigid,497304,497307,584931,3,87624,87627,completed,36
426,Rigid,497484,497485,565021,1,67536,67537,completed,36
427,Rigid,497484,497485,590740,1,93255,93256,completed,36
428,Rigid,497484,497485,551355,1,53870,53871,completed,36
429,Rigid,499979,499979,672799,0,172820,172820,completed,36
430,Rigid,499979,499979,672799,0,172820,172820,completed,36
431,Rigid,499979,499979,672799,0,172820,172820,completed,36
432,Rigid,500129,500129,500151,0,22,22,completed,36
433,Rigid,500129,500129,500151,0,22,22,completed,36
434,Rigid,500129,500129,500151,0,22,22,completed,36
435,Rigid,500199,500200,500213,1,13,14,completed,36
436,Rigid,500199,500200,500213,1,13,14,completed,36
437,Rigid,500199,500200,500213,1,13,14,completed,36
438,Rigid,500296,500297,673099,1,172802,172803,completed,36
439,Rigid,500296,500297,673099,1,172802,172803,completed,36
440,Rigid,500296,500297,673099,1,172802,172803,completed,36
441,Rigid,500377,500378,673189,1,172811,172812,completed,36
442,Rigid,500377,500378,673189,1,172811,172812,completed,36
443,Rigid,500377,500378,673189,1,172811,172812,completed,36
444,Rigid,500430,500431,673249,1,172818,172819,completed,36
445,Rigid,500430,500431,673249,1,172818,172819,completed,36
446,Rigid,500430,500431,673249,1,172818,172819,completed,36
447,Rigid,500475,500475,673279,0,172804,172804,completed,36
448,Rigid,500475,500475,673279,0,172804,172804,completed,36
449,Rigid,500475,500476,673279,1,172803,172804,completed,36
450,Rigid,500571,500575,673399,4,172824,172828,completed,36
451,Rigid,500571,500575,673399,4,172824,172828,completed,36
452,Rigid,500571,500575,673399,4,172824,172828,completed,36
453,Rigid,500645,500645,644502,0,143857,143857,completed,36
454,Rigid,500645,500645,673459,0,172814,172814,completed,36
455,Rigid,500645,500646,673459,1,172813,172814,completed,36
456,Rigid,500709,500709,673519,0,172810,172810,completed,36
457,Rigid,500709,500709,673519,0,172810,172810,completed,36
458,Rigid,500709,500709,673519,0,172810,172810,completed,36
459,Rigid,500853,532389,705216,31536,172827,204363,completed,36
460,Rigid,500853,546343,719168,45490,172825,218315,completed,36
461,Rigid,500853,551356,724178,50503,172822,223325,completed,36
462,Rigid,500894,561195,734019,60301,172824,233125,completed,36
463,Rigid,500894,561697,734499,60803,172802,233605,completed,36
464,Rigid,500894,565022,737829,64128,172807,236935,completed,36
465,Rigid,500955,568276,741099,67321,172823,240144,completed,36
466,Rigid,500955,583021,755830,82066,172809,254875,completed,36
467,Rigid,500955,584932,757750,83977,172818,256795,completed,36
468,Rigid,500998,585924,758740,84926,172816,257742,completed,36
469,Rigid,500998,590742,763570,89744,172828,262572,completed,36
470,Rigid,500998,603329,776140,102331,172811,275142,completed,36
471,Rigid,501046,644503,817332,143457,172829,316286,completed,36
472,Rigid,501046,672803,845630,171757,172827,344584,completed,36
473,Rigid,501046,672803,845630,171757,172827,344584,completed,36
474,Rigid,502950,502951,514160,1,11209,11210,completed,360
475,Rigid,503035,503035,514042,0,11007,11007,completed,360
476,Rigid,503436,503436,504996,0,1560,1560,completed,180
477,Rigid,503498,503498,503500,0,2,2,completed,36
478,Rigid,503532,503533,503535,1,2,3,completed,360
479,Rigid,503764,503764,506715,0,2951,2951,completed,72
480,Rigid,503871,503875,507486,4,3611,3615,completed,36
481,Rigid,504308,504308,504315,0,7,7,completed,180
482,Rigid,504335,504335,504342,0,7,7,completed,360
483,Rigid,504486,504487,514807,1,10320,10321,completed,360
484,Rigid,504517,504517,571857,0,67340,67340,completed,180
485,Rigid,504741,505135,572630,394,67495,67889,completed,360
486,Rigid,504855,513859,579211,9004,65352,74356,completed,360
487,Rigid,504893,514043,571855,9150,57812,66962,completed,360
488,Rigid,504961,514161,578118,9200,63957,73157,completed,360
489,Rigid,505081,515654,551106,10573,35452,46025,completed,360
490,Rigid,505111,514383,535074,9272,20691,29963,completed,180
491,Rigid,507447,507448,510564,1,3116,3117,completed,72
492,Rigid,510814,510815,554018,1,43203,43204,completed,36
493,Rigid,512731,512731,512740,0,9,9,completed,36
494,Rigid,514278,514808,1724428,530,1209620,1210150,completed,216
495,Rigid,514537,514714,514719,177,5,182,completed,36
496,Rigid,514666,515655,572323,989,56668,57657,completed,360
497,Rigid,514692,515655,564631,963,48976,49939,completed,360
498,Rigid,515121,515121,515124,0,3,3,completed,1
499,Rigid,515317,515318,515321,1,3,4,completed,1
500,Rigid,515318,515343,515346,25,3,28,completed,1
501,Rigid,516279,516279,516284,0,5,5,completed,1
502,Rigid,516279,516295,516298,16,3,19,completed,1
503,Rigid,521403,521403,521466,0,63,63,completed,36
504,Rigid,521441,521441,521669,0,228,228,completed,36
505,Rigid,522003,522004,522105,1,101,102,completed,36
506,Rigid,522192,522193,523075,1,882,883,completed,36
507,Rigid,522999,522999,523072,0,73,73,completed,36
508,Rigid,523085,523086,523152,1,66,67,completed,72
509,Rigid,523213,523213,523537,0,324,324,completed,72
510,Rigid,523232,523232,545192,0,21960,21960,completed,36
511,Rigid,523400,523401,563117,1,39716,39717,completed,36
512,Rigid,524006,524007,524077,1,70,71,completed,72
513,Rigid,524266,524266,524527,0,261,261,completed,72
514,Rigid,524460,524460,584550,0,60090,60090,completed,72
515,Rigid,524586,524587,524717,1,130,131,completed,72
516,Rigid,525231,525231,525239,0,8,8,completed,36
517,Rigid,525986,525986,526002,0,16,16,completed,72
518,Rigid,526414,526414,526430,0,16,16,completed,72
519,Rigid,526471,526471,699275,0,172804,172804,completed,108
520,Rigid,527437,527437,527466,0,29,29,completed,72
521,Rigid,527518,527518,537619,0,10101,10101,completed,72
522,Rigid,527568,527569,530578,1,3009,3010,completed,36
523,Rigid,529809,529809,702636,0,172827,172827,completed,144
524,Rigid,531830,531830,539554,0,7724,7724,completed,4
525,Rigid,532011,532011,532013,0,2,2,completed,216
526,Rigid,532071,736148,879976,204077,143828,347905,completed,756
527,Rigid,533619,533619,533935,0,316,316,completed,36
528,Rigid,535082,535083,535451,1,368,369,completed,36
529,Rigid,535176,535177,535188,1,11,12,completed,72
530,Rigid,535446,535446,535457,0,11,11,completed,72
531,Rigid,535562,535563,535937,1,374,375,completed,36
532,Rigid,535946,535946,536310,0,364,364,completed,36
533,Rigid,535946,535946,536044,0,98,98,completed,216
534,Rigid,536447,536447,536472,0,25,25,completed,36
535,Rigid,537302,537303,537399,1,96,97,completed,216
536,Rigid,538152,538152,538166,0,14,14,completed,144
537,Rigid,538239,538240,538264,1,24,25,completed,144
538,Rigid,538756,538757,538902,1,145,146,completed,144
539,Rigid,539752,539754,644321,2,104567,104569,completed,432
540,Rigid,540320,540321,540613,1,292,293,completed,36
541,Rigid,541848,545132,546338,3284,1206,4490,completed,432
542,Rigid,550889,550889,558402,0,7513,7513,completed,4
543,Rigid,581872,581872,581997,0,125,125,completed,72
544,Rigid,584602,584603,595856,1,11253,11254,completed,144
545,Rigid,584919,584920,588050,1,3130,3131,completed,36
546,Rigid,585999,586000,700313,1,114313,114314,completed,36
547,Rigid,585999,586000,692145,1,106145,106146,completed,36
548,Rigid,585999,586000,647978,1,61978,61979,completed,36
549,Rigid,586118,586119,674281,1,88162,88163,completed,36
550,Rigid,586118,586119,700063,1,113944,113945,completed,36
551,Rigid,586118,586119,710950,1,124831,124832,completed,36
552,Rigid,586303,586303,586706,0,403,403,completed,36
553,Rigid,586573,586574,589616,1,3042,3043,completed,72
554,Rigid,586756,586756,586836,0,80,80,completed,4
555,Rigid,587652,587653,587660,1,7,8,completed,360
556,Rigid,587832,587832,604358,0,16526,16526,completed,360
557,Rigid,587892,587892,629896,0,42004,42004,completed,4
558,Rigid,587940,587941,604746,1,16805,16806,completed,360
559,Rigid,588255,588255,591015,0,2760,2760,completed,36
560,Rigid,588325,588326,604626,1,16300,16301,completed,360
561,Rigid,588693,588693,591747,0,3054,3054,completed,36
562,Rigid,589667,589667,595536,0,5869,5869,completed,72
563,Rigid,589884,589884,603327,0,13443,13443,completed,360
564,Rigid,589976,589977,710028,1,120051,120052,completed,360
565,Rigid,590048,590048,708188,0,118140,118140,completed,360
566,Rigid,590155,590157,590558,2,401,403,completed,36
567,Rigid,590158,590161,593445,3,3284,3287,completed,36
568,Rigid,590208,590209,593499,1,3290,3291,completed,36
569,Rigid,590243,590243,594193,0,3950,3950,completed,36
570,Rigid,590274,590277,594061,3,3784,3787,completed,36
571,Rigid,590380,590381,590438,1,57,58,completed,36
572,Rigid,590384,590385,590438,1,53,54,completed,36
573,Rigid,590460,590461,590558,1,97,98,completed,36
574,Rigid,590586,590586,633797,0,43211,43211,completed,36
575,Rigid,591578,591579,592289,1,710,711,completed,36
576,Rigid,591580,591583,592294,3,711,714,completed,36
577,Rigid,591581,591583,592294,2,711,713,completed,36
578,Rigid,591583,591620,592333,37,713,750,completed,36
579,Rigid,591584,591620,592333,36,713,749,completed,36
580,Rigid,591585,591748,592461,163,713,876,completed,36
581,Rigid,591586,592290,593001,704,711,1415,completed,36
582,Rigid,591587,592295,593008,708,713,1421,completed,36
583,Rigid,591660,591660,591664,0,4,4,completed,1
584,Rigid,591909,591909,673438,0,81529,81529,completed,36
585,Rigid,591964,592296,669702,332,77406,77738,completed,36
586,Rigid,591964,592334,678948,370,86614,86984,completed,36
587,Rigid,591964,592334,639360,370,47026,47396,completed,36
588,Rigid,592813,592814,592817,1,3,4,completed,1
589,Rigid,592848,592849,592852,1,3,4,completed,1
590,Rigid,592868,592869,592871,1,2,3,completed,1
591,Rigid,592868,592869,592871,1,2,3,completed,1
592,Rigid,592888,592889,592891,1,2,3,completed,1
593,Rigid,592908,592909,592910,1,1,2,completed,9
594,Rigid,592908,592909,592910,1,1,2,completed,9
595,Rigid,592928,592928,592930,0,2,2,completed,1
596,Rigid,592944,592944,599840,0,6896,6896,completed,18
597,Rigid,592944,592944,599839,0,6895,6895,completed,18
598,Rigid,592948,592948,592953,0,5,5,completed,1
599,Rigid,592948,592948,592949,0,1,1,completed,1
600,Rigid,592948,592948,592956,0,8,8,completed,1
601,Rigid,592968,592968,592972,0,4,4,completed,1
602,Rigid,593230,595542,609232,2312,13690,16002,completed,432
603,Rigid,593292,593292,593865,0,573,573,completed,36
604,Rigid,593368,593369,594424,1,1055,1056,completed,36
605,Rigid,593389,593389,593538,0,149,149,completed,36
606,Rigid,593504,593505,593640,1,135,136,completed,36
607,Rigid,593509,593510,593638,1,128,129,completed,36
608,Rigid,593576,593577,604052,1,10475,10476,completed,4
609,Rigid,593660,593661,593867,1,206,207,completed,36
610,Rigid,595348,595348,595351,0,3,3,completed,36
611,Rigid,595449,595449,595453,0,4,4,completed,36
612,Rigid,595648,595648,620839,0,25191,25191,completed,4
613,Rigid,595660,595661,598423,1,2762,2763,completed,72
614,Rigid,595706,595864,674763,158,78899,79057,completed,36
615,Rigid,595706,595864,647091,158,51227,51385,completed,36
616,Rigid,595706,595864,690543,158,94679,94837,completed,36
617,Rigid,596203,596204,621494,1,25290,25291,completed,4
618,Rigid,596543,596544,623151,1,26607,26608,completed,4
619,Rigid,596546,596548,623035,2,26487,26489,completed,4
620,Rigid,596548,596549,622865,1,26316,26317,completed,4
621,Rigid,596576,596577,630639,1,34062,34063,completed,4
622,Rigid,596578,596579,631224,1,34645,34646,completed,4
623,Rigid,596579,596579,630646,0,34067,34067,completed,4
624,Rigid,596581,596581,630761,0,34180,34180,completed,4
625,Rigid,596582,596585,630682,3,34097,34100,completed,4
626,Rigid,596598,596598,639175,0,42577,42577,completed,4
627,Rigid,596600,596602,641915,2,45313,45315,completed,4
628,Rigid,596601,596602,641938,1,45336,45337,completed,4
629,Rigid,596602,596606,641553,4,44947,44951,completed,4
630,Rigid,597800,598430,599151,630,721,1351,completed,36
631,Rigid,597802,598430,599146,628,716,1344,completed,36
632,Rigid,597803,599147,599866,1344,719,2063,completed,36
633,Rigid,597804,599152,599874,1348,722,2070,completed,36
634,Rigid,597805,599827,600550,2022,723,2745,completed,36
635,Rigid,597806,599827,600546,2021,719,2740,completed,36
636,Rigid,597807,599827,600547,2020,720,2740,completed,36
637,Rigid,597808,599827,600546,2019,719,2738,completed,36
638,Rigid,598712,599867,601700,1155,1833,2988,completed,36
639,Rigid,599212,858614,859373,259402,759,260161,completed,288
640,Rigid,599212,604359,647567,5147,43208,48355,completed,288
641,Rigid,599212,647578,690807,48366,43229,91595,completed,288
642,Rigid,599212,755834,799062,156622,43228,199850,completed,288
643,Rigid,599212,799073,842300,199861,43227,243088,completed,288
644,Rigid,599212,842311,858612,243099,16301,259400,completed,288
645,Rigid,599363,601035,601737,1672,702,2374,completed,72
646,Rigid,600098,600099,600104,1,5,6,completed,1
647,Rigid,600098,600099,600103,1,4,5,completed,1
648,Rigid,600098,600099,600135,1,36,37,completed,1
649,Rigid,600098,600099,600112,1,13,14,completed,1
650,Rigid,600100,600102,600110,2,8,10,completed,1
651,Rigid,600141,600141,600154,0,13,13,completed,36
652,Rigid,600189,600190,600404,1,214,215,completed,36
653,Rigid,600195,600195,600313,0,118,118,completed,1
654,Rigid,600195,600195,600328,0,133,133,completed,1
655,Rigid,600195,600195,600329,0,134,134,completed,1
656,Rigid,600195,600195,600350,0,155,155,completed,1
657,Rigid,600195,600195,600351,0,156,156,completed,1
658,Rigid,600195,600195,601795,0,1600,1600,completed,2
659,Rigid,600195,600195,604660,0,4465,4465,completed,1
660,Rigid,600196,600199,600276,3,77,80,completed,1
661,Rigid,600196,600199,600364,3,165,168,completed,1
662,Rigid,600196,600199,600321,3,122,125,completed,1
663,Rigid,600196,600199,601674,3,1475,1478,completed,2
664,Rigid,600196,600199,601436,3,1237,1240,completed,2
665,Rigid,600196,600199,601233,3,1034,1037,completed,2
666,Rigid,600197,600199,600271,2,72,74,completed,1
667,Rigid,600197,600199,600259,2,60,62,completed,1
668,Rigid,600197,600199,600234,2,35,37,completed,1
669,Rigid,600197,600199,600349,2,150,152,completed,1
670,Rigid,600197,600199,605043,2,4844,4846,completed,1
671,Rigid,600198,600199,600292,1,93,94,completed,1
672,Rigid,600198,600199,600346,1,147,148,completed,1
673,Rigid,600198,600199,600317,1,118,119,completed,1
674,Rigid,600198,600199,605752,1,5553,5554,completed,1
675,Rigid,600198,600199,601715,1,1516,1517,completed,2
676,Rigid,600198,600199,601239,1,1040,1041,completed,2
677,Rigid,600198,600199,601323,1,1124,1125,completed,2
678,Rigid,600198,600199,601647,1,1448,1449,completed,2
679,Rigid,600198,600199,601513,1,1314,1315,completed,2
680,Rigid,600199,600199,600301,0,102,102,completed,1
681,Rigid,600199,600203,600342,4,139,143,completed,1
682,Rigid,600199,600199,601211,0,1012,1012,completed,2
683,Rigid,600199,600199,601381,0,1182,1182,completed,2
684,Rigid,600199,600199,601209,0,1010,1010,completed,2
685,Rigid,600200,600203,600286,3,83,86,completed,1
686,Rigid,600200,600203,600309,3,106,109,completed,1
687,Rigid,600200,600203,600370,3,167,170,completed,1
688,Rigid,600200,600203,601558,3,1355,1358,completed,2
689,Rigid,600201,600203,600275,2,72,74,completed,1
690,Rigid,600201,600203,600226,2,23,25,completed,1
691,Rigid,600201,600203,600350,2,147,149,completed,1
692,Rigid,600201,600203,600354,2,151,153,completed,1
693,Rigid,600201,600203,600351,2,148,150,completed,1
694,Rigid,600201,600203,601204,2,1001,1003,completed,2
695,Rigid,600201,600203,601381,2,1178,1180,completed,2
696,Rigid,600202,600203,600360,1,157,158,completed,1
697,Rigid,600202,600203,600311,1,108,109,completed,1
698,Rigid,600202,600203,600359,1,156,157,completed,1
699,Rigid,600202,600203,600338,1,135,136,completed,1
700,Rigid,600202,600203,601231,1,1028,1029,completed,2
701,Rigid,600202,600203,601440,1,1237,1238,completed,2
702,Rigid,600202,600203,601465,1,1262,1263,completed,2
703,Rigid,600202,600203,601266,1,1063,1064,completed,2
704,Rigid,600203,600203,600236,0,33,33,completed,1
705,Rigid,600203,600207,600266,4,59,63,completed,1
706,Rigid,600203,600203,600319,0,116,116,completed,1
707,Rigid,600203,600203,600357,0,154,154,completed,1
708,Rigid,600203,600203,601819,0,1616,1616,completed,2
709,Rigid,600203,600207,601473,4,1266,1270,completed,2
710,Rigid,600204,600207,600276,3,69,72,completed,1
711,Rigid,600204,600207,600269,3,62,65,completed,1
712,Rigid,600204,600207,604959,3,4752,4755,completed,1
713,Rigid,600204,600207,601700,3,1493,1496,completed,2
714,Rigid,600205,600207,600251,2,44,46,completed,1
715,Rigid,600205,600207,601145,2,938,940,completed,2
716,Rigid,600205,600207,605604,2,5397,5399,completed,1
717,Rigid,600205,600207,601702,2,1495,1497,completed,2
718,Rigid,600206,600207,601189,1,982,983,completed,2
719,Rigid,600206,600207,601615,1,1408,1409,completed,2
720,Rigid,600206,600207,601259,1,1052,1053,completed,2
721,Rigid,600206,600207,604814,1,4607,4608,completed,1
722,Rigid,600206,600207,604153,1,3946,3947,completed,1
723,Rigid,600206,600207,603854,1,3647,3648,completed,1
724,Rigid,600206,600207,601246,1,1039,1040,completed,2
725,Rigid,600206,600207,601596,1,1389,1390,completed,2
726,Rigid,600206,600207,604133,1,3926,3927,completed,1
727,Rigid,600207,600207,601276,0,1069,1069,completed,2
728,Rigid,600207,600207,601596,0,1389,1389,completed,2
729,Rigid,600207,600207,604268,0,4061,4061,completed,1
730,Rigid,600207,600207,601574,0,1367,1367,completed,2
731,Rigid,600207,600207,604044,0,3837,3837,completed,1
732,Rigid,600207,600207,604066,0,3859,3859,completed,1
733,Rigid,600207,600207,601586,0,1379,1379,completed,2
734,Rigid,600208,600211,601157,3,946,949,completed,2
735,Rigid,600208,600211,601136,3,925,928,completed,2
736,Rigid,600208,600211,601568,3,1357,1360,completed,2
737,Rigid,600208,600211,601568,3,1357,1360,completed,2
738,Rigid,600208,600211,604151,3,3940,3943,completed,1
739,Rigid,600208,600211,601231,3,1020,1023,completed,2
740,Rigid,600208,600211,604236,3,4025,4028,completed,1
741,Rigid,600208,600211,601445,3,1234,1237,completed,2
742,Rigid,600208,600211,603709,3,3498,3501,completed,1
743,Rigid,600209,600211,601568,2,1357,1359,completed,2
744,Rigid,600209,600211,601719,2,1508,1510,completed,2
745,Rigid,600209,600211,601221,2,1010,1012,completed,2
746,Rigid,600209,600211,601216,2,1005,1007,completed,2
747,Rigid,600210,600211,601568,1,1357,1358,completed,2
748,Rigid,600210,600211,601234,1,1023,1024,completed,2
749,Rigid,600210,600211,604193,1,3982,3983,completed,1
750,Rigid,600210,600211,601219,1,1008,1009,completed,2
751,Rigid,600210,600211,601591,1,1380,1381,completed,2
752,Rigid,600210,600211,601665,1,1454,1455,completed,2
753,Rigid,600228,600228,600890,0,662,662,completed,2
754,Rigid,600246,600246,600904,0,658,658,completed,2
755,Rigid,600250,600250,602394,0,2144,2144,completed,1
756,Rigid,600261,600262,601515,1,1253,1254,completed,2
757,Rigid,600266,600267,600870,1,603,604,completed,2
758,Rigid,600270,600270,600888,0,618,618,completed,2
759,Rigid,600270,600270,602422,0,2152,2152,completed,1
760,Rigid,600286,600287,601515,1,1228,1229,completed,2
761,Rigid,600386,600409,600416,23,7,30,completed,36
762,Rigid,600451,600551,601324,100,773,873,completed,36
763,Rigid,600908,601008,602073,100,1065,1165,completed,36
764,Rigid,600944,601008,601422,64,414,478,completed,36
765,Rigid,601314,601317,601325,3,8,11,completed,36
766,Rigid,601336,601336,601339,0,3,3,completed,36
767,Rigid,601354,601354,601361,0,7,7,completed,36
768,Rigid,601792,601792,602711,0,919,919,completed,36
769,Rigid,602060,602074,602594,14,520,534,completed,72
770,Rigid,602248,602595,602621,347,26,373,completed,36
771,Rigid,602540,602595,623869,55,21274,21329,completed,36
772,Rigid,602997,603329,603769,332,440,772,completed,144
773,Rigid,603446,603447,689876,1,86429,86430,completed,36
774,Rigid,603500,603501,604081,1,580,581,completed,36
775,Rigid,604131,604131,608106,0,3975,3975,completed,36
776,Rigid,604171,604172,604244,1,72,73,completed,1
777,Rigid,604171,604172,604244,1,72,73,completed,1
778,Rigid,604171,604172,604284,1,112,113,completed,1
779,Rigid,604172,604172,604246,0,74,74,completed,1
780,Rigid,604172,604172,604244,0,72,72,completed,1
781,Rigid,604172,604172,604244,0,72,72,completed,1
782,Rigid,604172,604172,604252,0,80,80,completed,1
783,Rigid,604172,604172,604254,0,82,82,completed,1
784,Rigid,604172,604172,604249,0,77,77,completed,1
785,Rigid,604172,604172,604244,0,72,72,completed,1
786,Rigid,604172,604172,604244,0,72,72,completed,1
787,Rigid,604172,604172,604244,0,72,72,completed,1
788,Rigid,604172,604172,604254,0,82,82,completed,1
789,Rigid,604172,604172,604244,0,72,72,completed,1
790,Rigid,604172,604176,604254,4,78,82,completed,1
791,Rigid,604172,604176,604251,4,75,79,completed,1
792,Rigid,604172,604176,604246,4,70,74,completed,1
793,Rigid,604172,604176,604244,4,68,72,completed,1
794,Rigid,604172,604176,604244,4,68,72,completed,1
795,Rigid,604172,604176,604251,4,75,79,completed,1
796,Rigid,604173,604176,604249,3,73,76,completed,1
797,Rigid,604173,604176,604254,3,78,81,completed,1
798,Rigid,604173,604176,604244,3,68,71,completed,1
799,Rigid,604173,604176,604246,3,70,73,completed,1
800,Rigid,604173,604176,604244,3,68,71,completed,1
801,Rigid,604173,604176,604244,3,68,71,completed,1
802,Rigid,604173,604176,604244,3,68,71,completed,1
803,Rigid,604173,604176,604244,3,68,71,completed,1
804,Rigid,604173,604176,604244,3,68,71,completed,1
805,Rigid,604173,604176,604244,3,68,71,completed,1
806,Rigid,604173,604176,604256,3,80,83,completed,1
807,Rigid,604173,604176,604244,3,68,71,completed,1
808,Rigid,604173,604176,604244,3,68,71,completed,1
809,Rigid,604173,604176,604244,3,68,71,completed,1
810,Rigid,604173,604176,604244,3,68,71,completed,1
811,Rigid,604173,604176,604244,3,68,71,completed,1
812,Rigid,604173,604176,604244,3,68,71,completed,1
813,Rigid,604173,604176,604244,3,68,71,completed,1
814,Rigid,604173,604176,604246,3,70,73,completed,1
815,Rigid,604173,604176,604255,3,79,82,completed,1
816,Rigid,604174,604176,604244,2,68,70,completed,1
817,Rigid,604174,604176,604244,2,68,70,completed,1
818,Rigid,604174,604176,604249,2,73,75,completed,1
819,Rigid,604174,604176,604246,2,70,72,completed,1
820,Rigid,604174,604176,604255,2,79,81,completed,1
821,Rigid,604174,604176,604244,2,68,70,completed,1
822,Rigid,604174,604176,604244,2,68,70,completed,1
823,Rigid,604174,604176,604254,2,78,80,completed,1
824,Rigid,604174,604176,604249,2,73,75,completed,1
825,Rigid,604174,604176,604244,2,68,70,completed,1
826,Rigid,604174,604176,604254,2,78,80,completed,1
827,Rigid,604174,604176,604253,2,77,79,completed,1
828,Rigid,604175,604176,604246,1,70,71,completed,1
829,Rigid,604175,604176,604253,1,77,78,completed,1
830,Rigid,604175,604176,604249,1,73,74,completed,1
831,Rigid,604175,604176,604246,1,70,71,completed,1
832,Rigid,604175,604176,604244,1,68,69,completed,1
833,Rigid,604175,604176,604244,1,68,69,completed,1
834,Rigid,604175,604176,604244,1,68,69,completed,1
835,Rigid,604175,604176,604244,1,68,69,completed,1
836,Rigid,604175,604176,604251,1,75,76,completed,1
837,Rigid,604175,604176,604244,1,68,69,completed,1
838,Rigid,604175,604176,604244,1,68,69,completed,1
839,Rigid,604175,604176,604253,1,77,78,completed,1
840,Rigid,604175,604176,604244,1,68,69,completed,1
841,Rigid,604175,604176,604244,1,68,69,completed,1
842,Rigid,604175,604176,604254,1,78,79,completed,1
843,Rigid,604175,604176,604244,1,68,69,completed,1
844,Rigid,604175,604176,604251,1,75,76,completed,1
845,Rigid,604175,604176,604244,1,68,69,completed,1
846,Rigid,604175,604176,604244,1,68,69,completed,1
847,Rigid,604176,604176,604244,0,68,68,completed,1
848,Rigid,604176,604176,604244,0,68,68,completed,1
849,Rigid,604176,604176,604244,0,68,68,completed,1
850,Rigid,604176,604176,604244,0,68,68,completed,1
851,Rigid,604176,604176,604244,0,68,68,completed,1
852,Rigid,604176,604176,604244,0,68,68,completed,1
853,Rigid,604176,604176,604246,0,70,70,completed,1
854,Rigid,604176,604176,604244,0,68,68,completed,1
855,Rigid,604176,604176,604254,0,78,78,completed,1
856,Rigid,604176,604176,604244,0,68,68,completed,1
857,Rigid,604176,604176,604244,0,68,68,completed,1
858,Rigid,604176,604176,604244,0,68,68,completed,1
859,Rigid,604176,604176,604251,0,75,75,completed,1
860,Rigid,604176,604180,604255,4,75,79,completed,1
861,Rigid,604176,604180,604244,4,64,68,completed,1
862,Rigid,604176,604180,604254,4,74,78,completed,1
863,Rigid,604177,604180,604244,3,64,67,completed,1
864,Rigid,604177,604180,604244,3,64,67,completed,1
865,Rigid,604177,604180,604244,3,64,67,completed,1
866,Rigid,604177,604180,604254,3,74,77,completed,1
867,Rigid,604177,604180,604244,3,64,67,completed,1
868,Rigid,604177,604180,604244,3,64,67,completed,1
869,Rigid,604177,604180,604244,3,64,67,completed,1
870,Rigid,604177,604180,604244,3,64,67,completed,1
871,Rigid,604177,604180,604252,3,72,75,completed,1
872,Rigid,604177,604180,604244,3,64,67,completed,1
873,Rigid,604177,604180,604244,3,64,67,completed,1
874,Rigid,604177,604180,604244,3,64,67,completed,1
875,Rigid,604177,604180,604252,3,72,75,completed,1
876,Rigid,604177,604180,604244,3,64,67,completed,1
877,Rigid,604177,604180,604244,3,64,67,completed,1
878,Rigid,604177,604180,604252,3,72,75,completed,1
879,Rigid,604177,604180,604244,3,64,67,completed,1
880,Rigid,604177,604180,604251,3,71,74,completed,1
881,Rigid,604177,604180,604251,3,71,74,completed,1
882,Rigid,604177,604180,604244,3,64,67,completed,1
883,Rigid,604178,604180,604246,2,66,68,completed,1
884,Rigid,604178,604180,604244,2,64,66,completed,1
885,Rigid,604178,604180,604251,2,71,73,completed,1
886,Rigid,604178,604180,604244,2,64,66,completed,1
887,Rigid,604178,604180,604246,2,66,68,completed,1
888,Rigid,604178,604180,604244,2,64,66,completed,1
889,Rigid,604178,604180,604244,2,64,66,completed,1
890,Rigid,604178,604180,604244,2,64,66,completed,1
891,Rigid,604178,604180,604244,2,64,66,completed,1
892,Rigid,604178,604180,604244,2,64,66,completed,1
893,Rigid,604178,604180,604249,2,69,71,completed,1
894,Rigid,604178,604180,604246,2,66,68,completed,1
895,Rigid,604178,604180,604246,2,66,68,completed,1
896,Rigid,604178,604180,604244,2,64,66,completed,1
897,Rigid,604178,604180,604249,2,69,71,completed,1
898,Rigid,604178,604180,604244,2,64,66,completed,1
899,Rigid,604178,604180,604251,2,71,73,completed,1
900,Rigid,604178,604180,604244,2,64,66,completed,1
901,Rigid,604178,604180,604246,2,66,68,completed,1
902,Rigid,604178,604180,604251,2,71,73,completed,1
903,Rigid,604178,604180,604253,2,73,75,completed,1
904,Rigid,604178,604180,604244,2,64,66,completed,1
905,Rigid,604178,604180,604256,2,76,78,completed,1
906,Rigid,604178,604180,604244,2,64,66,completed,1
907,Rigid,604178,604180,604244,2,64,66,completed,1
908,Rigid,604178,604180,604244,2,64,66,completed,1
909,Rigid,604179,604180,604244,1,64,65,completed,1
910,Rigid,604179,604180,604244,1,64,65,completed,1
911,Rigid,604179,604180,604244,1,64,65,completed,1
912,Rigid,604179,604180,604246,1,66,67,completed,1
913,Rigid,604179,604180,604244,1,64,65,completed,1
914,Rigid,604179,604180,604244,1,64,65,completed,1
915,Rigid,604179,604180,604244,1,64,65,completed,1
916,Rigid,604179,604180,604246,1,66,67,completed,1
917,Rigid,604179,604180,604250,1,70,71,completed,1
918,Rigid,604179,604180,604244,1,64,65,completed,1
919,Rigid,604179,604180,604244,1,64,65,completed,1
920,Rigid,604179,604180,604244,1,64,65,completed,1
921,Rigid,604179,604180,604246,1,66,67,completed,1
922,Rigid,604179,604180,604244,1,64,65,completed,1
923,Rigid,604179,604180,604244,1,64,65,completed,1
924,Rigid,604179,604180,604246,1,66,67,completed,1
925,Rigid,604179,604180,604244,1,64,65,completed,1
926,Rigid,604179,604180,604244,1,64,65,completed,1
927,Rigid,604179,604180,604244,1,64,65,completed,1
928,Rigid,604180,604180,604246,0,66,66,completed,1
929,Rigid,604180,604180,604246,0,66,66,completed,1
930,Rigid,604180,604180,604244,0,64,64,completed,1
931,Rigid,604180,604180,604244,0,64,64,completed,1
932,Rigid,604180,604180,604246,0,66,66,completed,1
933,Rigid,604180,604180,604251,0,71,71,completed,1
934,Rigid,604180,604180,604244,0,64,64,completed,1
935,Rigid,604180,604180,604244,0,64,64,completed,1
936,Rigid,604180,604184,604246,4,62,66,completed,1
937,Rigid,604180,604184,604246,4,62,66,completed,1
938,Rigid,604181,604184,604249,3,65,68,completed,1
939,Rigid,604181,604184,604246,3,62,65,completed,1
940,Rigid,604181,604184,604250,3,66,69,completed,1
941,Rigid,604181,604184,604249,3,65,68,completed,1
942,Rigid,604181,604184,604244,3,60,63,completed,1
943,Rigid,604181,604184,604244,3,60,63,completed,1
944,Rigid,604181,604184,604244,3,60,63,completed,1
945,Rigid,604181,604184,604254,3,70,73,completed,1
946,Rigid,604181,604184,604246,3,62,65,completed,1
947,Rigid,604182,604184,604244,2,60,62,completed,1
948,Rigid,604182,604184,604244,2,60,62,completed,1
949,Rigid,604182,604184,604244,2,60,62,completed,1
950,Rigid,604182,604184,604244,2,60,62,completed,1
951,Rigid,604182,604184,604244,2,60,62,completed,1
952,Rigid,604182,604184,604244,2,60,62,completed,1
953,Rigid,604182,604184,604244,2,60,62,completed,1
954,Rigid,604182,604184,604244,2,60,62,completed,1
955,Rigid,604182,604184,604244,2,60,62,completed,1
956,Rigid,604182,604184,604244,2,60,62,completed,1
957,Rigid,604182,604184,604244,2,60,62,completed,1
958,Rigid,604182,604184,604244,2,60,62,completed,1
959,Rigid,604648,604649,604706,1,57,58,completed,1
960,Rigid,604648,604649,604713,1,64,65,completed,1
961,Rigid,604648,604649,604713,1,64,65,completed,1
962,Rigid,604648,604649,604706,1,57,58,completed,1
963,Rigid,604648,604649,604706,1,57,58,completed,1
964,Rigid,604649,604649,604707,0,58,58,completed,1
965,Rigid,604649,604649,604706,0,57,57,completed,1
966,Rigid,604649,604649,604706,0,57,57,completed,1
967,Rigid,604649,604649,604706,0,57,57,completed,1
968,Rigid,604649,604653,604706,4,53,57,completed,1
969,Rigid,604649,604653,604706,4,53,57,completed,1
970,Rigid,604649,604653,604706,4,53,57,completed,1
971,Rigid,604649,604653,604707,4,54,58,completed,1
972,Rigid,604649,604653,604707,4,54,58,completed,1
973,Rigid,604649,604653,604706,4,53,57,completed,1
974,Rigid,604649,604653,604707,4,54,58,completed,1
975,Rigid,604649,604653,604707,4,54,58,completed,1
976,Rigid,604649,604653,604706,4,53,57,completed,1
977,Rigid,604649,604653,604706,4,53,57,completed,1
978,Rigid,604650,604653,604706,3,53,56,completed,1
979,Rigid,604650,604653,604706,3,53,56,completed,1
980,Rigid,604650,604653,604706,3,53,56,completed,1
981,Rigid,604650,604653,604706,3,53,56,completed,1
982,Rigid,604650,604653,604706,3,53,56,completed,1
983,Rigid,604650,604653,604706,3,53,56,completed,1
984,Rigid,604650,604653,604706,3,53,56,completed,1
985,Rigid,604650,604653,604706,3,53,56,completed,1
986,Rigid,604650,604653,604706,3,53,56,completed,1
987,Rigid,604650,604653,604706,3,53,56,completed,1
988,Rigid,604650,604653,604706,3,53,56,completed,1
989,Rigid,604650,604653,604708,3,55,58,completed,1
990,Rigid,604650,604653,604707,3,54,57,completed,1
991,Rigid,604650,604653,604706,3,53,56,completed,1
992,Rigid,604650,604653,604706,3,53,56,completed,1
993,Rigid,604650,604653,604706,3,53,56,completed,1
994,Rigid,604650,604653,604706,3,53,56,completed,1
995,Rigid,604650,604653,604712,3,59,62,completed,1
996,Rigid,604650,604653,604707,3,54,57,completed,1
997,Rigid,604651,604653,604706,2,53,55,completed,1
998,Rigid,604651,604653,604706,2,53,55,completed,1
999,Rigid,604651,604653,604711,2,58,60,completed,1
1000,Rigid,604651,604653,604706,2,53,55,completed,1
1001,Rigid,604651,604653,604707,2,54,56,completed,1
1002,Rigid,604651,604653,604706,2,53,55,completed,1
1003,Rigid,604651,604653,604706,2,53,55,completed,1
1004,Rigid,604651,604653,604706,2,53,55,completed,1
1005,Rigid,604651,604653,604706,2,53,55,completed,1
1006,Rigid,604651,604653,604711,2,58,60,completed,1
1007,Rigid,604651,604653,604706,2,53,55,completed,1
1008,Rigid,604651,604653,604706,2,53,55,completed,1
1009,Rigid,604651,604653,604706,2,53,55,completed,1
1010,Rigid,604651,604653,604706,2,53,55,completed,1
1011,Rigid,604651,604653,604708,2,55,57,completed,1
1012,Rigid,604651,604653,604707,2,54,56,completed,1
1013,Rigid,604651,604653,604706,2,53,55,completed,1
1014,Rigid,604651,604653,604706,2,53,55,completed,1
1015,Rigid,604651,604653,604706,2,53,55,completed,1
1016,Rigid,604652,604653,604711,1,58,59,completed,1
1017,Rigid,604652,604653,604706,1,53,54,completed,1
1018,Rigid,604652,604653,604706,1,53,54,completed,1
1019,Rigid,604652,604653,604706,1,53,54,completed,1
1020,Rigid,604652,604653,604706,1,53,54,completed,1
1021,Rigid,604652,604653,604706,1,53,54,completed,1
1022,Rigid,604652,604653,604706,1,53,54,completed,1
1023,Rigid,604652,604653,604706,1,53,54,completed,1
1024,Rigid,604652,604653,604706,1,53,54,completed,1
1025,Rigid,604652,604653,604706,1,53,54,completed,1
1026,Rigid,604652,604653,604708,1,55,56,completed,1
1027,Rigid,604652,604653,604706,1,53,54,completed,1
1028,Rigid,604652,604653,604708,1,55,56,completed,1
1029,Rigid,604652,604653,604706,1,53,54,completed,1
1030,Rigid,604652,604653,604707,1,54,55,completed,1
1031,Rigid,604652,604653,604706,1,53,54,completed,1
1032,Rigid,604652,604653,604708,1,55,56,completed,1
1033,Rigid,604652,604653,604706,1,53,54,completed,1
1034,Rigid,604652,604653,604709,1,56,57,completed,1
1035,Rigid,604652,604653,604706,1,53,54,completed,1
1036,Rigid,604652,604653,604706,1,53,54,completed,1
1037,Rigid,604652,604653,604706,1,53,54,completed,1
1038,Rigid,604652,604653,604706,1,53,54,completed,1
1039,Rigid,604653,604653,604706,0,53,53,completed,1
1040,Rigid,604653,604653,604706,0,53,53,completed,1
1041,Rigid,604653,604653,604711,0,58,58,completed,1
1042,Rigid,604653,604653,604707,0,54,54,completed,1
1043,Rigid,604653,604653,604706,0,53,53,completed,1
1044,Rigid,604653,604653,604706,0,53,53,completed,1
1045,Rigid,604653,604653,604706,0,53,53,completed,1
1046,Rigid,604653,604653,604707,0,54,54,completed,1
1047,Rigid,604653,604653,604707,0,54,54,completed,1
1048,Rigid,604653,604657,604706,4,49,53,completed,1
1049,Rigid,604653,604657,604708,4,51,55,completed,1
1050,Rigid,604653,604657,604709,4,52,56,completed,1
1051,Rigid,604653,604657,604707,4,50,54,completed,1
1052,Rigid,604653,604657,604706,4,49,53,completed,1
1053,Rigid,604654,604657,604712,3,55,58,completed,1
1054,Rigid,604654,604657,604706,3,49,52,completed,1
1055,Rigid,604654,604657,604707,3,50,53,completed,1
1056,Rigid,604654,604657,604706,3,49,52,completed,1
1057,Rigid,604654,604657,604706,3,49,52,completed,1
1058,Rigid,604654,604657,604706,3,49,52,completed,1
1059,Rigid,604654,604657,604706,3,49,52,completed,1
1060,Rigid,604654,604657,604707,3,50,53,completed,1
1061,Rigid,604654,604657,604707,3,50,53,completed,1
1062,Rigid,604654,604657,604708,3,51,54,completed,1
1063,Rigid,604654,604657,604706,3,49,52,completed,1
1064,Rigid,604654,604657,604706,3,49,52,completed,1
1065,Rigid,604654,604657,604706,3,49,52,completed,1
1066,Rigid,604654,604657,604706,3,49,52,completed,1
1067,Rigid,604654,604657,604706,3,49,52,completed,1
1068,Rigid,604654,604657,604706,3,49,52,completed,1
1069,Rigid,604654,604657,604708,3,51,54,completed,1
1070,Rigid,604654,604657,604708,3,51,54,completed,1
1071,Rigid,604655,604657,604706,2,49,51,completed,1
1072,Rigid,604655,604657,604706,2,49,51,completed,1
1073,Rigid,604655,604657,604712,2,55,57,completed,1
1074,Rigid,604655,604657,604715,2,58,60,completed,1
1075,Rigid,604655,604657,604706,2,49,51,completed,1
1076,Rigid,604655,604657,604706,2,49,51,completed,1
1077,Rigid,604655,604657,604706,2,49,51,completed,1
1078,Rigid,604655,604657,604706,2,49,51,completed,1
1079,Rigid,604655,604657,604706,2,49,51,completed,1
1080,Rigid,604655,604657,604711,2,54,56,completed,1
1081,Rigid,604655,604657,604706,2,49,51,completed,1
1082,Rigid,604655,604657,604706,2,49,51,completed,1
1083,Rigid,604655,604657,604706,2,49,51,completed,1
1084,Rigid,604655,604657,604706,2,49,51,completed,1
1085,Rigid,604655,604657,604707,2,50,52,completed,1
1086,Rigid,604655,604657,604706,2,49,51,completed,1
1087,Rigid,604655,604657,604712,2,55,57,completed,1
1088,Rigid,604656,604657,604706,1,49,50,completed,1
1089,Rigid,604656,604657,604706,1,49,50,completed,1
1090,Rigid,604656,604657,604708,1,51,52,completed,1
1091,Rigid,604656,604657,604707,1,50,51,completed,1
1092,Rigid,604656,604657,604737,1,80,81,completed,1
1093,Rigid,604656,604657,604706,1,49,50,completed,1
1094,Rigid,604656,604657,604706,1,49,50,completed,1
1095,Rigid,604656,604657,604706,1,49,50,completed,1
1096,Rigid,604656,604657,604707,1,50,51,completed,1
1097,Rigid,604656,604657,604706,1,49,50,completed,1
1098,Rigid,604656,604657,604707,1,50,51,completed,1
1099,Rigid,604656,604657,604706,1,49,50,completed,1
1100,Rigid,604656,604657,604707,1,50,51,completed,1
1101,Rigid,604656,604657,604706,1,49,50,completed,1
1102,Rigid,604656,604657,604707,1,50,51,completed,1
1103,Rigid,604656,604657,604706,1,49,50,completed,1
1104,Rigid,604656,604657,604707,1,50,51,completed,1
1105,Rigid,604656,604657,604706,1,49,50,completed,1
1106,Rigid,604656,604657,604706,1,49,50,completed,1
1107,Rigid,604657,604657,604706,0,49,49,completed,1
1108,Rigid,604657,604657,604706,0,49,49,completed,1
1109,Rigid,604657,604657,604706,0,49,49,completed,1
1110,Rigid,604657,604657,604706,0,49,49,completed,1
1111,Rigid,604657,604657,604706,0,49,49,completed,1
1112,Rigid,604657,604657,604706,0,49,49,completed,1
1113,Rigid,604657,604657,604708,0,51,51,completed,1
1114,Rigid,604657,604657,604711,0,54,54,completed,1
1115,Rigid,604657,604657,604706,0,49,49,completed,1
1116,Rigid,604657,604657,604708,0,51,51,completed,1
1117,Rigid,604657,604657,604706,0,49,49,completed,1
1118,Rigid,604657,604657,604706,0,49,49,completed,1
1119,Rigid,604657,604657,604706,0,49,49,completed,1
1120,Rigid,604657,604657,604706,0,49,49,completed,1
1121,Rigid,604657,604661,604711,4,50,54,completed,1
1122,Rigid,604657,604661,604706,4,45,49,completed,1
1123,Rigid,604657,604661,604707,4,46,50,completed,1
1124,Rigid,604657,604661,604708,4,47,51,completed,1
1125,Rigid,604658,604661,604706,3,45,48,completed,1
1126,Rigid,604658,604661,604711,3,50,53,completed,1
1127,Rigid,604658,604661,604706,3,45,48,completed,1
1128,Rigid,604658,604661,604706,3,45,48,completed,1
1129,Rigid,604658,604661,604706,3,45,48,completed,1
1130,Rigid,604764,604764,605326,0,562,562,completed,36
1131,Rigid,605104,605105,605154,1,49,50,completed,1
1132,Rigid,605105,605105,605160,0,55,55,completed,1
1133,Rigid,605105,605105,605156,0,51,51,completed,1
1134,Rigid,605105,605105,605158,0,53,53,completed,1
1135,Rigid,605105,605105,605158,0,53,53,completed,1
1136,Rigid,605105,605105,605158,0,53,53,completed,1
1137,Rigid,605105,605105,605159,0,54,54,completed,1
1138,Rigid,605105,605105,605156,0,51,51,completed,1
1139,Rigid,605105,605105,605176,0,71,71,completed,1
1140,Rigid,605105,605105,605154,0,49,49,completed,1
1141,Rigid,605105,605105,605156,0,51,51,completed,1
1142,Rigid,605105,605105,605158,0,53,53,completed,1
1143,Rigid,605105,605105,605158,0,53,53,completed,1
1144,Rigid,605105,605105,605154,0,49,49,completed,1
1145,Rigid,605105,605110,605158,5,48,53,completed,1
1146,Rigid,605105,605110,605156,5,46,51,completed,1
1147,Rigid,605105,605110,605159,5,49,54,completed,1
1148,Rigid,605105,605110,605156,5,46,51,completed,1
1149,Rigid,605105,605110,605158,5,48,53,completed,1
1150,Rigid,605106,605110,605158,4,48,52,completed,1
1151,Rigid,605106,605110,605156,4,46,50,completed,1
1152,Rigid,605106,605110,605156,4,46,50,completed,1
1153,Rigid,605106,605110,605156,4,46,50,completed,1
1154,Rigid,605106,605110,605154,4,44,48,completed,1
1155,Rigid,605106,605110,605160,4,50,54,completed,1
1156,Rigid,605106,605110,605159,4,49,53,completed,1
1157,Rigid,605106,605110,605156,4,46,50,completed,1
1158,Rigid,605106,605110,605160,4,50,54,completed,1
1159,Rigid,605106,605110,605158,4,48,52,completed,1
1160,Rigid,605106,605110,605158,4,48,52,completed,1
1161,Rigid,605106,605110,605158,4,48,52,completed,1
1162,Rigid,605106,605110,605156,4,46,50,completed,1
1163,Rigid,605106,605110,605158,4,48,52,completed,1
1164,Rigid,605106,605110,605158,4,48,52,completed,1
1165,Rigid,605106,605110,605156,4,46,50,completed,1
1166,Rigid,605106,605110,605154,4,44,48,completed,1
1167,Rigid,605106,605110,605158,4,48,52,completed,1
1168,Rigid,605106,605110,605154,4,44,48,completed,1
1169,Rigid,605106,605110,605156,4,46,50,completed,1
1170,Rigid,605107,605110,605156,3,46,49,completed,1
1171,Rigid,605107,605110,605158,3,48,51,completed,1
1172,Rigid,605107,605110,605156,3,46,49,completed,1
1173,Rigid,605107,605110,605156,3,46,49,completed,1
1174,Rigid,605107,605110,605154,3,44,47,completed,1
1175,Rigid,605107,605110,605160,3,50,53,completed,1
1176,Rigid,605107,605110,605157,3,47,50,completed,1
1177,Rigid,605107,605110,605162,3,52,55,completed,1
1178,Rigid,605107,605110,605160,3,50,53,completed,1
1179,Rigid,605107,605110,605154,3,44,47,completed,1
1180,Rigid,605107,605110,605154,3,44,47,completed,1
1181,Rigid,605107,605110,605156,3,46,49,completed,1
1182,Rigid,605108,605110,605156,2,46,48,completed,1
1183,Rigid,605108,605110,605156,2,46,48,completed,1
1184,Rigid,605108,605110,605162,2,52,54,completed,1
1185,Rigid,605108,605110,605156,2,46,48,completed,1
1186,Rigid,605108,605110,605156,2,46,48,completed,1
1187,Rigid,605108,605110,605156,2,46,48,completed,1
1188,Rigid,605109,605110,605157,1,47,48,completed,1
1189,Rigid,605109,605110,605160,1,50,51,completed,1
1190,Rigid,605109,605110,605166,1,56,57,completed,1
1191,Rigid,605109,605110,605156,1,46,47,completed,1
1192,Rigid,605109,605110,605156,1,46,47,completed,1
1193,Rigid,605109,605110,605156,1,46,47,completed,1
1194,Rigid,605109,605110,605154,1,44,45,completed,1
1195,Rigid,605109,605110,605160,1,50,51,completed,1
1196,Rigid,605109,605110,605160,1,50,51,completed,1
1197,Rigid,605109,605110,605160,1,50,51,completed,1
1198,Rigid,605109,605110,605157,1,47,48,completed,1
1199,Rigid,605110,605110,605158,0,48,48,completed,1
1200,Rigid,605110,605110,605157,0,47,47,completed,1
1201,Rigid,605110,605110,605154,0,44,44,completed,1
1202,Rigid,605110,605110,605160,0,50,50,completed,1
1203,Rigid,605110,605110,605154,0,44,44,completed,1
1204,Rigid,605110,605114,605156,4,42,46,completed,1
1205,Rigid,605110,605114,605156,4,42,46,completed,1
1206,Rigid,605110,605114,605157,4,43,47,completed,1
1207,Rigid,605111,605114,605154,3,40,43,completed,1
1208,Rigid,605111,605114,605160,3,46,49,completed,1
1209,Rigid,605111,605114,605154,3,40,43,completed,1
1210,Rigid,605111,605114,605160,3,46,49,completed,1
1211,Rigid,605111,605114,605156,3,42,45,completed,1
1212,Rigid,605111,605114,605157,3,43,46,completed,1
1213,Rigid,605111,605114,605160,3,46,49,completed,1
1214,Rigid,605111,605114,605154,3,40,43,completed,1
1215,Rigid,605111,605114,605156,3,42,45,completed,1
1216,Rigid,605111,605114,605156,3,42,45,completed,1
1217,Rigid,605111,605114,605154,3,40,43,completed,1
1218,Rigid,605111,605114,605154,3,40,43,completed,1
1219,Rigid,605111,605114,605154,3,40,43,completed,1
1220,Rigid,605111,605114,605156,3,42,45,completed,1
1221,Rigid,605111,605114,605160,3,46,49,completed,1
1222,Rigid,605111,605114,605156,3,42,45,completed,1
1223,Rigid,605111,605114,605161,3,47,50,completed,1
1224,Rigid,605111,605114,605154,3,40,43,completed,1
1225,Rigid,605111,605114,605156,3,42,45,completed,1
1226,Rigid,605111,605114,605158,3,44,47,completed,1
1227,Rigid,605111,605114,605160,3,46,49,completed,1
1228,Rigid,605111,605114,605161,3,47,50,completed,1
1229,Rigid,605111,605114,605154,3,40,43,completed,1
1230,Rigid,605112,605114,605154,2,40,42,completed,1
1231,Rigid,605112,605114,605160,2,46,48,completed,1
1232,Rigid,605112,605114,605154,2,40,42,completed,1
1233,Rigid,605112,605114,605160,2,46,48,completed,1
1234,Rigid,605112,605114,605157,2,43,45,completed,1
1235,Rigid,605112,605114,605154,2,40,42,completed,1
1236,Rigid,605112,605114,605156,2,42,44,completed,1
1237,Rigid,605112,605114,605153,2,39,41,completed,1
1238,Rigid,605112,605114,605153,2,39,41,completed,1
1239,Rigid,605112,605114,605153,2,39,41,completed,1
1240,Rigid,605112,605114,605153,2,39,41,completed,1
1241,Rigid,605112,605114,605154,2,40,42,completed,1
1242,Rigid,605112,605114,605153,2,39,41,completed,1
1243,Rigid,605112,605114,605153,2,39,41,completed,1
1244,Rigid,605113,605114,605153,1,39,40,completed,1
1245,Rigid,605113,605114,605153,1,39,40,completed,1
1246,Rigid,605113,605114,605153,1,39,40,completed,1
1247,Rigid,605113,605114,605153,1,39,40,completed,1
1248,Rigid,605113,605114,605153,1,39,40,completed,1
1249,Rigid,605113,605114,605153,1,39,40,completed,1
1250,Rigid,605214,605217,605275,3,58,61,completed,1
1251,Rigid,605214,605217,605277,3,60,63,completed,1
1252,Rigid,605214,605217,605273,3,56,59,completed,1
1253,Rigid,605214,605217,605273,3,56,59,completed,1
1254,Rigid,605214,605217,605276,3,59,62,completed,1
1255,Rigid,605214,605217,605278,3,61,64,completed,1
1256,Rigid,605214,605217,605276,3,59,62,completed,1
1257,Rigid,605214,605217,605277,3,60,63,completed,1
1258,Rigid,605215,605217,605273,2,56,58,completed,1
1259,Rigid,605215,605217,605278,2,61,63,completed,1
1260,Rigid,605215,605217,605275,2,58,60,completed,1
1261,Rigid,605215,605217,605278,2,61,63,completed,1
1262,Rigid,605215,605217,605277,2,60,62,completed,1
1263,Rigid,605215,605217,605277,2,60,62,completed,1
1264,Rigid,605215,605217,605275,2,58,60,completed,1
1265,Rigid,605215,605218,605278,3,60,63,completed,1
1266,Rigid,605215,605218,605274,3,56,59,completed,1
1267,Rigid,605215,605218,605278,3,60,63,completed,1
1268,Rigid,605215,605218,605273,3,55,58,completed,1
1269,Rigid,605215,605218,605273,3,55,58,completed,1
1270,Rigid,605215,605218,605282,3,64,67,completed,1
1271,Rigid,605215,605218,605277,3,59,62,completed,1
1272,Rigid,605215,605218,605275,3,57,60,completed,1
1273,Rigid,605215,605218,605285,3,67,70,completed,1
1274,Rigid,605215,605218,605274,3,56,59,completed,1
1275,Rigid,605215,605218,605273,3,55,58,completed,1
1276,Rigid,605215,605218,605286,3,68,71,completed,1
1277,Rigid,605215,605218,605273,3,55,58,completed,1
1278,Rigid,605215,605218,605276,3,58,61,completed,1
1279,Rigid,605216,605218,605278,2,60,62,completed,1
1280,Rigid,605216,605218,605274,2,56,58,completed,1
1281,Rigid,605216,605218,605273,2,55,57,completed,1
1282,Rigid,605216,605218,605274,2,56,58,completed,1
1283,Rigid,605216,605218,605277,2,59,61,completed,1
1284,Rigid,605216,605218,605275,2,57,59,completed,1
1285,Rigid,605216,605218,605274,2,56,58,completed,1
1286,Rigid,605216,605218,605287,2,69,71,completed,1
1287,Rigid,605216,605218,605273,2,55,57,completed,1
1288,Rigid,605216,605218,605274,2,56,58,completed,1
1289,Rigid,605216,605218,605284,2,66,68,completed,1
1290,Rigid,605216,605218,605273,2,55,57,completed,1
1291,Rigid,605216,605218,605274,2,56,58,completed,1
1292,Rigid,605216,605218,605277,2,59,61,completed,1
1293,Rigid,605216,605218,605277,2,59,61,completed,1
1294,Rigid,605216,605218,605275,2,57,59,completed,1
1295,Rigid,605217,605218,605277,1,59,60,completed,1
1296,Rigid,605217,605218,605278,1,60,61,completed,1
1297,Rigid,605217,605218,605277,1,59,60,completed,1
1298,Rigid,605217,605218,605274,1,56,57,completed,1
1299,Rigid,605217,605218,605275,1,57,58,completed,1
1300,Rigid,605217,605218,605277,1,59,60,completed,1
1301,Rigid,605217,605218,605277,1,59,60,completed,1
1302,Rigid,605217,605218,605273,1,55,56,completed,1
1303,Rigid,605217,605218,605273,1,55,56,completed,1
1304,Rigid,605217,605218,605274,1,56,57,completed,1
1305,Rigid,605217,605218,605275,1,57,58,completed,1
1306,Rigid,605217,605218,605275,1,57,58,completed,1
1307,Rigid,605217,605218,605288,1,70,71,completed,1
1308,Rigid,605217,605218,605278,1,60,61,completed,1
1309,Rigid,605217,605218,605274,1,56,57,completed,1
1310,Rigid,605217,605218,605284,1,66,67,completed,1
1311,Rigid,605217,605218,605280,1,62,63,completed,1
1312,Rigid,605217,605218,605277,1,59,60,completed,1
1313,Rigid,605217,605218,605274,1,56,57,completed,1
1314,Rigid,605217,605218,605274,1,56,57,completed,1
1315,Rigid,605218,605221,605275,3,54,57,completed,1
1316,Rigid,605218,605221,605276,3,55,58,completed,1
1317,Rigid,605218,605221,605273,3,52,55,completed,1
1318,Rigid,605218,605221,605273,3,52,55,completed,1
1319,Rigid,605218,605221,605277,3,56,59,completed,1
1320,Rigid,605218,605221,605273,3,52,55,completed,1
1321,Rigid,605218,605222,605275,4,53,57,completed,1
1322,Rigid,605218,605222,605275,4,53,57,completed,1
1323,Rigid,605218,605222,605274,4,52,56,completed,1
1324,Rigid,605218,605222,605273,4,51,55,completed,1
1325,Rigid,605218,605222,605273,4,51,55,completed,1
1326,Rigid,605218,605222,605273,4,51,55,completed,1
1327,Rigid,605218,605222,605273,4,51,55,completed,1
1328,Rigid,605218,605222,605275,4,53,57,completed,1
1329,Rigid,605218,605222,605286,4,64,68,completed,1
1330,Rigid,605218,605222,605274,4,52,56,completed,1
1331,Rigid,605219,605222,605282,3,60,63,completed,1
1332,Rigid,605219,605222,605273,3,51,54,completed,1
1333,Rigid,605219,605222,605276,3,54,57,completed,1
1334,Rigid,605219,605222,605273,3,51,54,completed,1
1335,Rigid,605219,605222,605277,3,55,58,completed,1
1336,Rigid,605219,605222,605282,3,60,63,completed,1
1337,Rigid,605219,605222,605274,3,52,55,completed,1
1338,Rigid,605219,605222,605278,3,56,59,completed,1
1339,Rigid,605219,605222,605288,3,66,69,completed,1
1340,Rigid,605219,605222,605273,3,51,54,completed,1
1341,Rigid,605219,605222,605274,3,52,55,completed,1
1342,Rigid,605219,605222,605288,3,66,69,completed,1
1343,Rigid,605219,605222,605287,3,65,68,completed,1
1344,Rigid,605219,605222,605273,3,51,54,completed,1
1345,Rigid,605219,605222,605274,3,52,55,completed,1
1346,Rigid,605219,605222,605273,3,51,54,completed,1
1347,Rigid,605219,605222,605275,3,53,56,completed,1
1348,Rigid,605219,605222,605285,3,63,66,completed,1
1349,Rigid,605219,605222,605273,3,51,54,completed,1
1350,Rigid,605219,605222,605274,3,52,55,completed,1
1351,Rigid,605219,605222,605273,3,51,54,completed,1
1352,Rigid,605219,605222,605276,3,54,57,completed,1
1353,Rigid,605219,605222,605276,3,54,57,completed,1
1354,Rigid,605219,605222,605273,3,51,54,completed,1
1355,Rigid,605219,605222,605274,3,52,55,completed,1
1356,Rigid,605220,605222,605277,2,55,57,completed,1
1357,Rigid,605220,605222,605278,2,56,58,completed,1
1358,Rigid,605220,605222,605279,2,57,59,completed,1
1359,Rigid,605220,605222,605275,2,53,55,completed,1
1360,Rigid,605220,605222,605273,2,51,53,completed,1
1361,Rigid,605220,605222,605275,2,53,55,completed,1
1362,Rigid,605220,605222,605278,2,56,58,completed,1
1363,Rigid,605220,605222,605277,2,55,57,completed,1
1364,Rigid,605220,605222,605275,2,53,55,completed,1
1365,Rigid,605220,605222,605275,2,53,55,completed,1
1366,Rigid,605220,605222,605278,2,56,58,completed,1
1367,Rigid,605220,605222,605278,2,56,58,completed,1
1368,Rigid,605220,605222,605273,2,51,53,completed,1
1369,Rigid,605220,605222,605279,2,57,59,completed,1
1370,Rigid,605220,605222,605287,2,65,67,completed,1
1371,Rigid,605220,605222,605277,2,55,57,completed,1
1372,Rigid,605220,605222,605273,2,51,53,completed,1
1373,Rigid,605220,605222,605286,2,64,66,completed,1
1374,Rigid,605220,605222,605277,2,55,57,completed,1
1375,Rigid,605220,605222,605277,2,55,57,completed,1
1376,Rigid,605220,605222,605278,2,56,58,completed,1
1377,Rigid,605220,605222,605275,2,53,55,completed,1
1378,Rigid,605220,605222,605278,2,56,58,completed,1
1379,Rigid,605220,605222,605278,2,56,58,completed,1
1380,Rigid,605220,605222,605273,2,51,53,completed,1
1381,Rigid,605220,605222,605273,2,51,53,completed,1
1382,Rigid,605221,605222,605277,1,55,56,completed,1
1383,Rigid,605221,605222,605273,1,51,52,completed,1
1384,Rigid,605221,605222,605286,1,64,65,completed,1
1385,Rigid,605221,605222,605277,1,55,56,completed,1
1386,Rigid,605221,605222,605277,1,55,56,completed,1
1387,Rigid,605221,605222,605278,1,56,57,completed,1
1388,Rigid,605221,605222,605277,1,55,56,completed,1
1389,Rigid,605221,605222,605279,1,57,58,completed,1
1390,Rigid,605221,605222,605273,1,51,52,completed,1
1391,Rigid,605221,605222,605279,1,57,58,completed,1
1392,Rigid,605221,605222,605283,1,61,62,completed,1
1393,Rigid,605221,605222,605273,1,51,52,completed,1
1394,Rigid,605221,605222,605277,1,55,56,completed,1
1395,Rigid,605221,605222,605280,1,58,59,completed,1
1396,Rigid,605221,605222,605273,1,51,52,completed,1
1397,Rigid,605221,605222,605279,1,57,58,completed,1
1398,Rigid,605221,605222,605280,1,58,59,completed,1
1399,Rigid,605221,605222,605278,1,56,57,completed,1
1400,Rigid,605221,605222,605280,1,58,59,completed,1
1401,Rigid,605221,605222,605279,1,57,58,completed,1
1402,Rigid,605221,605222,605282,1,60,61,completed,1
1403,Rigid,605221,605222,605280,1,58,59,completed,1
1404,Rigid,605221,605222,605279,1,57,58,completed,1
1405,Rigid,605221,605222,605278,1,56,57,completed,1
1406,Rigid,605221,605222,605278,1,56,57,completed,1
1407,Rigid,605221,605222,605275,1,53,54,completed,1
1408,Rigid,605222,605226,605279,4,53,57,completed,1
1409,Rigid,605222,605226,605279,4,53,57,completed,1
1410,Rigid,605222,605226,605278,4,52,56,completed,1
1411,Rigid,605222,605226,605280,4,54,58,completed,1
1412,Rigid,605222,605226,605278,4,52,56,completed,1
1413,Rigid,605222,605226,605278,4,52,56,completed,1
1414,Rigid,605222,605226,605277,4,51,55,completed,1
1415,Rigid,605222,605226,605277,4,51,55,completed,1
1416,Rigid,605222,605226,605276,4,50,54,completed,1
1417,Rigid,605222,605226,605280,4,54,58,completed,1
1418,Rigid,605222,605226,605274,4,48,52,completed,1
1419,Rigid,605222,605226,605273,4,47,51,completed,1
1420,Rigid,605222,605226,605273,4,47,51,completed,1
1421,Rigid,605222,605226,605278,4,52,56,completed,1
1422,Rigid,605222,605226,605273,4,47,51,completed,1
1423,Rigid,605222,605226,605279,4,53,57,completed,1
1424,Rigid,605223,605226,605280,3,54,57,completed,1
1425,Rigid,605223,605226,605278,3,52,55,completed,1
1426,Rigid,605223,605226,605275,3,49,52,completed,1
1427,Rigid,605223,605226,605287,3,61,64,completed,1
1428,Rigid,605223,605226,605273,3,47,50,completed,1
1429,Rigid,605223,605226,605273,3,47,50,completed,1
1430,Rigid,605223,605226,605273,3,47,50,completed,1
1431,Rigid,605223,605226,605274,3,48,51,completed,1
1432,Rigid,605223,605226,605273,3,47,50,completed,1
1433,Rigid,605223,605226,605274,3,48,51,completed,1
1434,Rigid,605223,605226,605273,3,47,50,completed,1
1435,Rigid,605223,605226,605273,3,47,50,completed,1
1436,Rigid,605223,605226,605273,3,47,50,completed,1
1437,Rigid,605223,605226,605273,3,47,50,completed,1
1438,Rigid,605223,605226,605273,3,47,50,completed,1
1439,Rigid,605223,605226,605273,3,47,50,completed,1
1440,Rigid,605223,605226,605277,3,51,54,completed,1
1441,Rigid,605223,605226,605273,3,47,50,completed,1
1442,Rigid,605223,605226,605286,3,60,63,completed,1
1443,Rigid,605223,605226,605273,3,47,50,completed,1
1444,Rigid,605223,605226,605273,3,47,50,completed,1
1445,Rigid,605224,605226,605273,2,47,49,completed,1
1446,Rigid,605224,605226,605289,2,63,65,completed,1
1447,Rigid,605224,605226,605273,2,47,49,completed,1
1448,Rigid,605224,605226,605273,2,47,49,completed,1
1449,Rigid,605224,605226,605273,2,47,49,completed,1
1450,Rigid,605276,605276,605325,0,49,49,completed,1
1451,Rigid,605277,605277,605327,0,50,50,completed,1
1452,Rigid,605277,605277,605327,0,50,50,completed,1
1453,Rigid,605277,605277,605323,0,46,46,completed,1
1454,Rigid,605277,605277,605323,0,46,46,completed,1
1455,Rigid,605277,605277,605323,0,46,46,completed,1
1456,Rigid,605278,605278,605323,0,45,45,completed,1
1457,Rigid,605278,605278,605323,0,45,45,completed,1
1458,Rigid,605278,605278,605323,0,45,45,completed,1
1459,Rigid,605278,605278,605323,0,45,45,completed,1
1460,Rigid,605278,605278,605323,0,45,45,completed,1
1461,Rigid,605278,605278,605323,0,45,45,completed,1
1462,Rigid,605278,605278,605324,0,46,46,completed,1
1463,Rigid,605278,605278,605327,0,49,49,completed,1
1464,Rigid,605279,605279,605324,0,45,45,completed,1
1465,Rigid,605279,605279,605326,0,47,47,completed,1
1466,Rigid,605279,605279,605326,0,47,47,completed,1
1467,Rigid,605279,605279,605326,0,47,47,completed,1
1468,Rigid,605279,605279,605325,0,46,46,completed,1
1469,Rigid,605279,605279,605325,0,46,46,completed,1
1470,Rigid,605279,605279,605325,0,46,46,completed,1
1471,Rigid,605279,605279,605328,0,49,49,completed,1
1472,Rigid,605279,605279,605324,0,45,45,completed,1
1473,Rigid,605279,605279,605328,0,49,49,completed,1
1474,Rigid,605280,605280,605325,0,45,45,completed,1
1475,Rigid,605280,605280,605327,0,47,47,completed,1
1476,Rigid,605280,605280,605324,0,44,44,completed,1
1477,Rigid,605280,605280,605334,0,54,54,completed,1
1478,Rigid,605280,605280,605327,0,47,47,completed,1
1479,Rigid,605280,605280,605325,0,45,45,completed,1
1480,Rigid,605280,605280,605326,0,46,46,completed,1
1481,Rigid,605280,605280,605326,0,46,46,completed,1
1482,Rigid,605280,605280,605326,0,46,46,completed,1
1483,Rigid,605281,605281,605324,0,43,43,completed,1
1484,Rigid,605281,605281,605325,0,44,44,completed,1
1485,Rigid,605281,605281,605325,0,44,44,completed,1
1486,Rigid,605281,605281,605324,0,43,43,completed,1
1487,Rigid,605281,605281,605323,0,42,42,completed,1
1488,Rigid,605281,605281,605326,0,45,45,completed,1
1489,Rigid,605281,605281,605323,0,42,42,completed,1
1490,Rigid,605281,605282,605323,1,41,42,completed,1
1491,Rigid,605281,605282,605323,1,41,42,completed,1
1492,Rigid,605281,605282,605323,1,41,42,completed,1
1493,Rigid,605282,605283,605325,1,42,43,completed,1
1494,Rigid,605282,605283,605327,1,44,45,completed,1
1495,Rigid,605282,605283,605325,1,42,43,completed,1
1496,Rigid,605282,605283,605324,1,41,42,completed,1
1497,Rigid,605282,605283,605323,1,40,41,completed,1
1498,Rigid,605282,605283,605323,1,40,41,completed,1
1499,Rigid,605282,605283,605325,1,42,43,completed,1
1500,Rigid,605282,605283,605323,1,40,41,completed,1
1501,Rigid,605283,605283,605323,0,40,40,completed,1
1502,Rigid,605283,605283,605323,0,40,40,completed,1
1503,Rigid,605283,605283,605323,0,40,40,completed,1
1504,Rigid,605283,605283,605323,0,40,40,completed,1
1505,Rigid,605283,605283,605323,0,40,40,completed,1
1506,Rigid,605283,605284,605323,1,39,40,completed,1
1507,Rigid,605283,605284,605323,1,39,40,completed,1
1508,Rigid,605283,605284,605323,1,39,40,completed,1
1509,Rigid,605283,605284,605323,1,39,40,completed,1
1510,Rigid,605284,605284,605324,0,40,40,completed,1
1511,Rigid,605284,605284,605323,0,39,39,completed,1
1512,Rigid,605284,605285,605323,1,38,39,completed,1
1513,Rigid,605284,605285,605323,1,38,39,completed,1
1514,Rigid,605284,605285,605323,1,38,39,completed,1
1515,Rigid,605284,605285,605323,1,38,39,completed,1
1516,Rigid,605284,605285,605323,1,38,39,completed,1
1517,Rigid,605284,605285,605323,1,38,39,completed,1
1518,Rigid,605285,605285,605323,0,38,38,completed,1
1519,Rigid,605285,605285,605323,0,38,38,completed,1
1520,Rigid,605285,605286,605323,1,37,38,completed,1
1521,Rigid,605285,605286,605323,1,37,38,completed,1
1522,Rigid,605285,605286,605323,1,37,38,completed,1
1523,Rigid,605285,605286,605323,1,37,38,completed,1
1524,Rigid,605285,605286,605323,1,37,38,completed,1
1525,Rigid,605285,605286,605323,1,37,38,completed,1
1526,Rigid,605285,605286,605323,1,37,38,completed,1
1527,Rigid,605285,605286,605323,1,37,38,completed,1
1528,Rigid,605286,605286,605323,0,37,37,completed,1
1529,Rigid,605286,605287,605324,1,37,38,completed,1
1530,Rigid,605286,605287,605323,1,36,37,completed,1
1531,Rigid,605286,605287,605323,1,36,37,completed,1
1532,Rigid,605286,605287,605325,1,38,39,completed,1
1533,Rigid,605286,605287,605323,1,36,37,completed,1
1534,Rigid,605286,605287,605323,1,36,37,completed,1
1535,Rigid,605286,605287,605323,1,36,37,completed,1
1536,Rigid,605286,605287,605324,1,37,38,completed,1
1537,Rigid,605287,605287,605323,0,36,36,completed,1
1538,Rigid,605287,605287,605323,0,36,36,completed,1
1539,Rigid,605287,605287,605323,0,36,36,completed,1
1540,Rigid,605287,605288,605325,1,37,38,completed,1
1541,Rigid,605287,605288,605324,1,36,37,completed,1
1542,Rigid,605287,605288,605323,1,35,36,completed,1
1543,Rigid,605288,605288,605370,0,82,82,completed,1
1544,Rigid,605288,605288,605323,0,35,35,completed,1
1545,Rigid,605288,605288,605324,0,36,36,completed,1
1546,Rigid,605288,605288,605323,0,35,35,completed,1
1547,Rigid,605288,605288,605326,0,38,38,completed,1
1548,Rigid,605288,605289,605323,1,34,35,completed,1
1549,Rigid,605288,605289,605323,1,34,35,completed,1
1550,Rigid,605288,605289,605323,1,34,35,completed,1
1551,Rigid,605288,605289,605323,1,34,35,completed,1
1552,Rigid,605289,605289,605325,0,36,36,completed,1
1553,Rigid,605289,605289,605324,0,35,35,completed,1
1554,Rigid,605289,605289,605323,0,34,34,completed,1
1555,Rigid,605289,605289,605323,0,34,34,completed,1
1556,Rigid,605289,605289,605324,0,35,35,completed,1
1557,Rigid,605289,605289,605323,0,34,34,completed,1
1558,Rigid,605289,605289,605323,0,34,34,completed,1
1559,Rigid,605289,605290,605323,1,33,34,completed,1
1560,Rigid,605289,605290,605327,1,37,38,completed,1
1561,Rigid,605289,605290,605323,1,33,34,completed,1
1562,Rigid,605289,605290,605323,1,33,34,completed,1
1563,Rigid,605289,605290,605324,1,34,35,completed,1
1564,Rigid,605289,605290,605323,1,33,34,completed,1
1565,Rigid,605290,605290,605323,0,33,33,completed,1
1566,Rigid,605290,605290,605325,0,35,35,completed,1
1567,Rigid,605394,605397,605452,3,55,58,completed,1
1568,Rigid,605394,605397,605452,3,55,58,completed,1
1569,Rigid,605394,605397,605454,3,57,60,completed,1
1570,Rigid,605394,605397,605466,3,69,72,completed,1
1571,Rigid,605394,605397,605452,3,55,58,completed,1
1572,Rigid,605394,605397,605454,3,57,60,completed,1
1573,Rigid,605394,605397,605453,3,56,59,completed,1
1574,Rigid,605394,605397,605456,3,59,62,completed,1
1575,Rigid,605394,605397,605453,3,56,59,completed,1
1576,Rigid,605394,605397,605452,3,55,58,completed,1
1577,Rigid,605394,605397,605456,3,59,62,completed,1
1578,Rigid,605394,605397,605452,3,55,58,completed,1
1579,Rigid,605394,605397,605455,3,58,61,completed,1
1580,Rigid,605394,605397,605452,3,55,58,completed,1
1581,Rigid,605394,605397,605462,3,65,68,completed,1
1582,Rigid,605394,605397,605453,3,56,59,completed,1
1583,Rigid,605394,605397,605454,3,57,60,completed,1
1584,Rigid,605395,605397,605458,2,61,63,completed,1
1585,Rigid,605395,605397,605462,2,65,67,completed,1
1586,Rigid,605395,605397,605458,2,61,63,completed,1
1587,Rigid,605395,605397,605455,2,58,60,completed,1
1588,Rigid,605395,605397,605452,2,55,57,completed,1
1589,Rigid,605395,605397,605452,2,55,57,completed,1
1590,Rigid,605395,605397,605452,2,55,57,completed,1
1591,Rigid,605395,605397,605455,2,58,60,completed,1
1592,Rigid,605395,605397,605462,2,65,67,completed,1
1593,Rigid,605395,605397,605455,2,58,60,completed,1
1594,Rigid,605395,605397,605452,2,55,57,completed,1
1595,Rigid,605395,605397,605455,2,58,60,completed,1
1596,Rigid,605395,605397,605456,2,59,61,completed,1
1597,Rigid,605395,605397,605456,2,59,61,completed,1
1598,Rigid,605395,605397,605452,2,55,57,completed,1
1599,Rigid,605395,605397,605452,2,55,57,completed,1
1600,Rigid,605395,605397,605452,2,55,57,completed,1
1601,Rigid,605395,605397,605452,2,55,57,completed,1
1602,Rigid,605395,605397,605454,2,57,59,completed,1
1603,Rigid,605395,605397,605452,2,55,57,completed,1
1604,Rigid,605395,605397,605462,2,65,67,completed,1
1605,Rigid,605395,605397,605456,2,59,61,completed,1
1606,Rigid,605395,605397,605452,2,55,57,completed,1
1607,Rigid,605395,605397,605458,2,61,63,completed,1
1608,Rigid,605395,605397,605458,2,61,63,completed,1
1609,Rigid,605395,605397,605461,2,64,66,completed,1
1610,Rigid,605395,605397,605452,2,55,57,completed,1
1611,Rigid,605395,605397,605462,2,65,67,completed,1
1612,Rigid,605395,605397,605452,2,55,57,completed,1
1613,Rigid,605395,605397,605454,2,57,59,completed,1
1614,Rigid,605395,605397,605452,2,55,57,completed,1
1615,Rigid,605395,605397,605454,2,57,59,completed,1
1616,Rigid,605396,605397,605454,1,57,58,completed,1
1617,Rigid,605396,605397,605452,1,55,56,completed,1
1618,Rigid,605396,605397,605452,1,55,56,completed,1
1619,Rigid,605396,605397,605459,1,62,63,completed,1
1620,Rigid,605396,605397,605452,1,55,56,completed,1
1621,Rigid,605396,605397,605458,1,61,62,completed,1
1622,Rigid,605396,605397,605463,1,66,67,completed,1
1623,Rigid,605396,605397,605452,1,55,56,completed,1
1624,Rigid,605396,605397,605454,1,57,58,completed,1
1625,Rigid,605396,605397,605462,1,65,66,completed,1
1626,Rigid,605396,605397,605454,1,57,58,completed,1
1627,Rigid,605396,605397,605452,1,55,56,completed,1
1628,Rigid,605396,605397,605458,1,61,62,completed,1
1629,Rigid,605396,605397,605452,1,55,56,completed,1
1630,Rigid,605396,605397,605452,1,55,56,completed,1
1631,Rigid,605396,605397,605458,1,61,62,completed,1
1632,Rigid,605396,605397,605461,1,64,65,completed,1
1633,Rigid,605396,605397,605452,1,55,56,completed,1
1634,Rigid,605396,605397,605456,1,59,60,completed,1
1635,Rigid,605396,605397,605452,1,55,56,completed,1
1636,Rigid,605396,605397,605452,1,55,56,completed,1
1637,Rigid,605396,605397,605452,1,55,56,completed,1
1638,Rigid,605396,605397,605455,1,58,59,completed,1
1639,Rigid,605396,605397,605458,1,61,62,completed,1
1640,Rigid,605396,605397,605458,1,61,62,completed,1
1641,Rigid,605396,605397,605452,1,55,56,completed,1
1642,Rigid,605396,605397,605455,1,58,59,completed,1
1643,Rigid,605396,605397,605458,1,61,62,completed,1
1644,Rigid,605397,605397,605452,0,55,55,completed,1
1645,Rigid,605397,605397,605461,0,64,64,completed,1
1646,Rigid,605397,605397,605455,0,58,58,completed,1
1647,Rigid,605397,605397,605458,0,61,61,completed,1
1648,Rigid,605397,605397,605455,0,58,58,completed,1
1649,Rigid,605397,605397,605455,0,58,58,completed,1
1650,Rigid,605397,605397,605455,0,58,58,completed,1
1651,Rigid,605397,605397,605458,0,61,61,completed,1
1652,Rigid,605397,605397,605458,0,61,61,completed,1
1653,Rigid,605397,605397,605452,0,55,55,completed,1
1654,Rigid,605397,605397,605452,0,55,55,completed,1
1655,Rigid,605397,605397,605452,0,55,55,completed,1
1656,Rigid,605397,605397,605458,0,61,61,completed,1
1657,Rigid,605397,605397,605455,0,58,58,completed,1
1658,Rigid,605397,605397,605458,0,61,61,completed,1
1659,Rigid,605397,605397,605458,0,61,61,completed,1
1660,Rigid,605397,605397,605456,0,59,59,completed,1
1661,Rigid,605397,605397,605458,0,61,61,completed,1
1662,Rigid,605397,605397,605452,0,55,55,completed,1
1663,Rigid,605397,605397,605452,0,55,55,completed,1
1664,Rigid,605397,605401,605453,4,52,56,completed,1
1665,Rigid,605397,605401,605452,4,51,55,completed,1
1666,Rigid,605397,605401,605455,4,54,58,completed,1
1667,Rigid,605398,605401,605455,3,54,57,completed,1
1668,Rigid,605398,605401,605452,3,51,54,completed,1
1669,Rigid,605398,605401,605458,3,57,60,completed,1
1670,Rigid,605398,605401,605463,3,62,65,completed,1
1671,Rigid,605398,605401,605455,3,54,57,completed,1
1672,Rigid,605398,605401,605455,3,54,57,completed,1
1673,Rigid,605398,605401,605455,3,54,57,completed,1
1674,Rigid,605398,605401,605464,3,63,66,completed,1
1675,Rigid,605398,605401,605453,3,52,55,completed,1
1676,Rigid,605398,605401,605452,3,51,54,completed,1
1677,Rigid,605398,605401,605453,3,52,55,completed,1
1678,Rigid,605398,605401,605453,3,52,55,completed,1
1679,Rigid,605398,605401,605452,3,51,54,completed,1
1680,Rigid,605398,605401,605455,3,54,57,completed,1
1681,Rigid,605398,605401,605454,3,53,56,completed,1
1682,Rigid,605398,605401,605452,3,51,54,completed,1
1683,Rigid,605398,605401,605452,3,51,54,completed,1
1684,Rigid,605398,605401,605458,3,57,60,completed,1
1685,Rigid,605398,605401,605453,3,52,55,completed,1
1686,Rigid,605398,605401,605464,3,63,66,completed,1
1687,Rigid,605398,605401,605455,3,54,57,completed,1
1688,Rigid,605398,605401,605452,3,51,54,completed,1
1689,Rigid,605399,605401,605455,2,54,56,completed,1
1690,Rigid,605399,605401,605463,2,62,64,completed,1
1691,Rigid,605399,605401,605452,2,51,53,completed,1
1692,Rigid,605399,605401,605452,2,51,53,completed,1
1693,Rigid,605399,605401,605461,2,60,62,completed,1
1694,Rigid,605399,605401,605452,2,51,53,completed,1
1695,Rigid,605399,605401,605452,2,51,53,completed,1
1696,Rigid,605399,605401,605452,2,51,53,completed,1
1697,Rigid,605399,605401,605454,2,53,55,completed,1
1698,Rigid,605399,605401,605458,2,57,59,completed,1
1699,Rigid,605399,605401,605456,2,55,57,completed,1
1700,Rigid,605399,605401,605462,2,61,63,completed,1
1701,Rigid,605399,605401,605455,2,54,56,completed,1
1702,Rigid,605399,605401,605452,2,51,53,completed,1
1703,Rigid,605399,605401,605452,2,51,53,completed,1
1704,Rigid,605399,605401,605463,2,62,64,completed,1
1705,Rigid,605400,605401,605464,1,63,64,completed,1
1706,Rigid,605400,605401,605454,1,53,54,completed,1
1707,Rigid,605400,605401,605454,1,53,54,completed,1
1708,Rigid,605400,605401,605453,1,52,53,completed,1
1709,Rigid,605400,605401,605456,1,55,56,completed,1
1710,Rigid,605400,605401,605456,1,55,56,completed,1
1711,Rigid,605400,605401,605463,1,62,63,completed,1
1712,Rigid,605400,605401,605452,1,51,52,completed,1
1713,Rigid,605400,605401,605452,1,51,52,completed,1
1714,Rigid,605400,605401,605453,1,52,53,completed,1
1715,Rigid,605400,605401,605458,1,57,58,completed,1
1716,Rigid,605400,605401,605462,1,61,62,completed,1
1717,Rigid,605400,605401,605453,1,52,53,completed,1
1718,Rigid,605400,605401,605456,1,55,56,completed,1
1719,Rigid,605400,605401,605456,1,55,56,completed,1
1720,Rigid,605400,605401,605452,1,51,52,completed,1
1721,Rigid,605400,605401,605458,1,57,58,completed,1
1722,Rigid,605400,605401,605453,1,52,53,completed,1
1723,Rigid,605400,605401,605458,1,57,58,completed,1
1724,Rigid,605400,605401,605458,1,57,58,completed,1
1725,Rigid,605400,605401,605452,1,51,52,completed,1
1726,Rigid,605400,605401,605452,1,51,52,completed,1
1727,Rigid,605401,605401,605452,0,51,51,completed,1
1728,Rigid,605401,605401,605461,0,60,60,completed,1
1729,Rigid,605401,605401,605455,0,54,54,completed,1
1730,Rigid,605401,605401,605454,0,53,53,completed,1
1731,Rigid,605401,605401,605452,0,51,51,completed,1
1732,Rigid,605401,605401,605452,0,51,51,completed,1
1733,Rigid,605401,605401,605454,0,53,53,completed,1
1734,Rigid,605401,605401,605452,0,51,51,completed,1
1735,Rigid,605401,605401,605453,0,52,52,completed,1
1736,Rigid,605401,605401,605454,0,53,53,completed,1
1737,Rigid,605401,605401,605463,0,62,62,completed,1
1738,Rigid,605401,605401,605453,0,52,52,completed,1
1739,Rigid,605401,605401,605452,0,51,51,completed,1
1740,Rigid,605401,605401,605454,0,53,53,completed,1
1741,Rigid,605401,605401,605452,0,51,51,completed,1
1742,Rigid,605401,605401,605453,0,52,52,completed,1
1743,Rigid,605401,605401,605452,0,51,51,completed,1
1744,Rigid,605401,605401,605452,0,51,51,completed,1
1745,Rigid,605401,605401,605452,0,51,51,completed,1
1746,Rigid,605401,605401,605452,0,51,51,completed,1
1747,Rigid,605401,605405,605452,4,47,51,completed,1
1748,Rigid,605401,605405,605452,4,47,51,completed,1
1749,Rigid,605401,605405,605452,4,47,51,completed,1
1750,Rigid,605401,605401,605525,0,124,124,completed,1
1751,Rigid,605402,605405,605452,3,47,50,completed,1
1752,Rigid,605402,605405,605452,3,47,50,completed,1
1753,Rigid,605402,605405,605452,3,47,50,completed,1
1754,Rigid,605402,605405,605452,3,47,50,completed,1
1755,Rigid,605402,605405,605463,3,58,61,completed,1
1756,Rigid,605402,605405,605461,3,56,59,completed,1
1757,Rigid,605402,605405,605452,3,47,50,completed,1
1758,Rigid,605402,605405,605452,3,47,50,completed,1
1759,Rigid,605402,605405,605452,3,47,50,completed,1
1760,Rigid,605402,605405,605452,3,47,50,completed,1
1761,Rigid,605402,605405,605452,3,47,50,completed,1
1762,Rigid,605402,605405,605452,3,47,50,completed,1
1763,Rigid,605402,605405,605452,3,47,50,completed,1
1764,Rigid,605402,605405,605452,3,47,50,completed,1
1765,Rigid,605402,605405,605452,3,47,50,completed,1
1766,Rigid,605402,605405,605452,3,47,50,completed,1
1767,Rigid,605410,605410,605415,0,5,5,completed,1
1768,Rigid,605410,605429,605432,19,3,22,completed,1
1769,Rigid,605459,605459,605504,0,45,45,completed,1
1770,Rigid,605459,605459,605504,0,45,45,completed,1
1771,Rigid,605459,605459,605504,0,45,45,completed,1
1772,Rigid,605459,605459,605510,0,51,51,completed,1
1773,Rigid,605459,605459,605509,0,50,50,completed,1
1774,Rigid,605459,605459,605511,0,52,52,completed,1
1775,Rigid,605459,605459,605508,0,49,49,completed,1
1776,Rigid,605459,605459,605511,0,52,52,completed,1
1777,Rigid,605460,605460,605508,0,48,48,completed,1
1778,Rigid,605460,605461,605520,1,59,60,completed,1
1779,Rigid,605460,605461,605517,1,56,57,completed,1
1780,Rigid,605460,605461,605512,1,51,52,completed,1
1781,Rigid,605460,605461,605512,1,51,52,completed,1
1782,Rigid,605460,605461,605512,1,51,52,completed,1
1783,Rigid,605460,605461,605518,1,57,58,completed,1
1784,Rigid,605460,605461,605512,1,51,52,completed,1
1785,Rigid,605460,605461,605512,1,51,52,completed,1
1786,Rigid,605460,605461,605508,1,47,48,completed,1
1787,Rigid,605461,605461,605508,0,47,47,completed,1
1788,Rigid,605461,605461,605513,0,52,52,completed,1
1789,Rigid,605461,605461,605509,0,48,48,completed,1
1790,Rigid,605461,605461,605508,0,47,47,completed,1
1791,Rigid,605461,605461,605504,0,43,43,completed,1
1792,Rigid,605461,605461,605508,0,47,47,completed,1
1793,Rigid,605461,605461,605509,0,48,48,completed,1
1794,Rigid,605461,605461,605508,0,47,47,completed,1
1795,Rigid,605461,605461,605504,0,43,43,completed,1
1796,Rigid,605462,605462,605508,0,46,46,completed,1
1797,Rigid,605462,605462,605509,0,47,47,completed,1
1798,Rigid,605462,605462,605504,0,42,42,completed,1
1799,Rigid,605462,605462,605504,0,42,42,completed,1
1800,Rigid,605462,605462,605504,0,42,42,completed,1
1801,Rigid,605462,605462,605504,0,42,42,completed,1
1802,Rigid,605462,605462,605512,0,50,50,completed,1
1803,Rigid,605462,605462,605508,0,46,46,completed,1
1804,Rigid,605463,605463,605513,0,50,50,completed,1
1805,Rigid,605463,605463,605513,0,50,50,completed,1
1806,Rigid,605463,605463,605508,0,45,45,completed,1
1807,Rigid,605463,605463,605508,0,45,45,completed,1
1808,Rigid,605463,605463,605513,0,50,50,completed,1
1809,Rigid,605463,605463,605508,0,45,45,completed,1
1810,Rigid,605463,605463,605510,0,47,47,completed,1
1811,Rigid,605463,605463,605512,0,49,49,completed,1
1812,Rigid,605463,605463,605510,0,47,47,completed,1
1813,Rigid,605463,605463,605511,0,48,48,completed,1
1814,Rigid,605464,605464,605504,0,40,40,completed,1
1815,Rigid,605464,605464,605508,0,44,44,completed,1
1816,Rigid,605464,605464,605508,0,44,44,completed,1
1817,Rigid,605464,605464,605511,0,47,47,completed,1
1818,Rigid,605464,605464,605510,0,46,46,completed,1
1819,Rigid,605464,605464,605508,0,44,44,completed,1
1820,Rigid,605464,605464,605504,0,40,40,completed,1
1821,Rigid,605464,605464,605509,0,45,45,completed,1
1822,Rigid,605464,605464,605508,0,44,44,completed,1
1823,Rigid,605464,605464,605509,0,45,45,completed,1
1824,Rigid,605465,605465,605517,0,52,52,completed,1
1825,Rigid,605465,605465,605513,0,48,48,completed,1
1826,Rigid,605465,605465,605508,0,43,43,completed,1
1827,Rigid,605465,605465,605508,0,43,43,completed,1
1828,Rigid,605465,605465,605508,0,43,43,completed,1
1829,Rigid,605465,605465,605509,0,44,44,completed,1
1830,Rigid,605465,605465,605508,0,43,43,completed,1
1831,Rigid,605465,605465,605509,0,44,44,completed,1
1832,Rigid,605465,605465,605509,0,44,44,completed,1
1833,Rigid,605465,605465,605518,0,53,53,completed,1
1834,Rigid,605466,605467,605509,1,42,43,completed,1
1835,Rigid,605466,605467,605508,1,41,42,completed,1
1836,Rigid,605466,605467,605509,1,42,43,completed,1
1837,Rigid,605466,605467,605513,1,46,47,completed,1
1838,Rigid,605466,605467,605510,1,43,44,completed,1
1839,Rigid,605466,605467,605517,1,50,51,completed,1
1840,Rigid,605466,605467,605513,1,46,47,completed,1
1841,Rigid,605466,605467,605508,1,41,42,completed,1
1842,Rigid,605466,605467,605510,1,43,44,completed,1
1843,Rigid,605466,605467,605511,1,44,45,completed,1
1844,Rigid,605467,605467,605512,0,45,45,completed,1
1845,Rigid,605467,605467,605508,0,41,41,completed,1
1846,Rigid,605467,605467,605508,0,41,41,completed,1
1847,Rigid,605467,605467,605509,0,42,42,completed,1
1848,Rigid,605467,605469,605510,2,41,43,completed,1
1849,Rigid,605467,605469,605510,2,41,43,completed,1
1850,Rigid,605467,605469,605510,2,41,43,completed,1
1851,Rigid,605467,605469,605513,2,44,46,completed,1
1852,Rigid,605467,605469,605508,2,39,41,completed,1
1853,Rigid,605467,605469,605513,2,44,46,completed,1
1854,Rigid,605468,605469,605513,1,44,45,completed,1
1855,Rigid,605468,605469,605513,1,44,45,completed,1
1856,Rigid,605468,605469,605509,1,40,41,completed,1
1857,Rigid,605468,605469,605511,1,42,43,completed,1
1858,Rigid,605468,605469,605511,1,42,43,completed,1
1859,Rigid,605468,605469,605508,1,39,40,completed,1
1860,Rigid,605468,605469,605508,1,39,40,completed,1
1861,Rigid,605468,605469,605514,1,45,46,completed,1
1862,Rigid,605468,605469,605511,1,42,43,completed,1
1863,Rigid,605468,605469,605508,1,39,40,completed,1
1864,Rigid,605469,605469,605511,0,42,42,completed,1
1865,Rigid,605469,605469,605517,0,48,48,completed,1
1866,Rigid,605469,605469,605508,0,39,39,completed,1
1867,Rigid,605469,605469,605513,0,44,44,completed,1
1868,Rigid,605469,605469,605512,0,43,43,completed,1
1869,Rigid,605469,605469,605517,0,48,48,completed,1
1870,Rigid,605469,605469,605508,0,39,39,completed,1
1871,Rigid,605469,605469,605510,0,41,41,completed,1
1872,Rigid,605469,605469,605511,0,42,42,completed,1
1873,Rigid,605469,605469,605511,0,42,42,completed,1
1874,Rigid,605470,605473,605508,3,35,38,completed,1
1875,Rigid,605470,605473,605513,3,40,43,completed,1
1876,Rigid,605470,605473,605510,3,37,40,completed,1
1877,Rigid,605470,605473,605508,3,35,38,completed,1
1878,Rigid,605470,605473,605509,3,36,39,completed,1
1879,Rigid,605470,605473,605510,3,37,40,completed,1
1880,Rigid,605470,605473,605509,3,36,39,completed,1
1881,Rigid,605470,605473,605509,3,36,39,completed,1
1882,Rigid,605470,605473,605508,3,35,38,completed,1
1883,Rigid,605470,605473,605508,3,35,38,completed,1
1884,Rigid,605471,605473,605508,2,35,37,completed,1
1885,Rigid,605471,605473,605508,2,35,37,completed,1
1886,Rigid,605471,605473,605508,2,35,37,completed,1
1887,Rigid,605471,605473,605511,2,38,40,completed,1
1888,Rigid,605471,605473,605511,2,38,40,completed,1
1889,Rigid,605471,605473,605511,2,38,40,completed,1
1890,Rigid,605471,605473,605508,2,35,37,completed,1
1891,Rigid,605471,605473,605508,2,35,37,completed,1
1892,Rigid,605471,605473,605509,2,36,38,completed,1
1893,Rigid,605471,605473,605508,2,35,37,completed,1
1894,Rigid,605472,605473,605508,1,35,36,completed,1
1895,Rigid,605472,605473,605508,1,35,36,completed,1
1896,Rigid,605472,605473,605508,1,35,36,completed,1
1897,Rigid,605472,605473,605509,1,36,37,completed,1
1898,Rigid,605472,605473,605508,1,35,36,completed,1
1899,Rigid,605549,605549,605603,0,54,54,completed,1
1900,Rigid,605549,605549,605601,0,52,52,completed,1
1901,Rigid,605549,605549,605605,0,56,56,completed,1
1902,Rigid,605549,605549,605601,0,52,52,completed,1
1903,Rigid,605549,605553,605603,4,50,54,completed,1
1904,Rigid,605549,605553,605610,4,57,61,completed,1
1905,Rigid,605549,605553,605603,4,50,54,completed,1
1906,Rigid,605549,605553,605603,4,50,54,completed,1
1907,Rigid,605549,605553,605601,4,48,52,completed,1
1908,Rigid,605549,605553,605607,4,54,58,completed,1
1909,Rigid,605549,605553,605601,4,48,52,completed,1
1910,Rigid,605549,605553,605605,4,52,56,completed,1
1911,Rigid,605549,605553,605605,4,52,56,completed,1
1912,Rigid,605549,605553,605601,4,48,52,completed,1
1913,Rigid,605549,605553,605607,4,54,58,completed,1
1914,Rigid,605549,605553,605601,4,48,52,completed,1
1915,Rigid,605549,605553,605605,4,52,56,completed,1
1916,Rigid,605549,605553,605603,4,50,54,completed,1
1917,Rigid,605549,605553,605603,4,50,54,completed,1
1918,Rigid,605549,605553,605605,4,52,56,completed,1
1919,Rigid,605549,605553,605601,4,48,52,completed,1
1920,Rigid,605549,605553,605603,4,50,54,completed,1
1921,Rigid,605549,605553,605603,4,50,54,completed,1
1922,Rigid,605549,605553,605603,4,50,54,completed,1
1923,Rigid,605549,605553,605603,4,50,54,completed,1
1924,Rigid,605550,605553,605603,3,50,53,completed,1
1925,Rigid,605550,605553,605605,3,52,55,completed,1
1926,Rigid,605550,605553,605605,3,52,55,completed,1
1927,Rigid,605550,605553,605601,3,48,51,completed,1
1928,Rigid,605550,605553,605605,3,52,55,completed,1
1929,Rigid,605550,605553,605605,3,52,55,completed,1
1930,Rigid,605550,605553,605603,3,50,53,completed,1
1931,Rigid,605550,605553,605601,3,48,51,completed,1
1932,Rigid,605550,605553,605601,3,48,51,completed,1
1933,Rigid,605550,605553,605605,3,52,55,completed,1
1934,Rigid,605550,605553,605602,3,49,52,completed,1
1935,Rigid,605550,605553,605605,3,52,55,completed,1
1936,Rigid,605550,605553,605602,3,49,52,completed,1
1937,Rigid,605550,605553,605602,3,49,52,completed,1
1938,Rigid,605550,605553,605604,3,51,54,completed,1
1939,Rigid,605550,605553,605604,3,51,54,completed,1
1940,Rigid,605550,605553,605601,3,48,51,completed,1
1941,Rigid,605550,605553,605602,3,49,52,completed,1
1942,Rigid,605550,605553,605601,3,48,51,completed,1
1943,Rigid,605550,605553,605605,3,52,55,completed,1
1944,Rigid,605550,605553,605603,3,50,53,completed,1
1945,Rigid,605550,605553,605604,3,51,54,completed,1
1946,Rigid,605550,605553,605602,3,49,52,completed,1
1947,Rigid,605550,605553,605605,3,52,55,completed,1
1948,Rigid,605550,605553,605601,3,48,51,completed,1
1949,Rigid,605550,605553,605609,3,56,59,completed,1
1950,Rigid,605550,605553,605604,3,51,54,completed,1
1951,Rigid,605550,605553,605604,3,51,54,completed,1
1952,Rigid,605550,605553,605601,3,48,51,completed,1
1953,Rigid,605550,605553,605603,3,50,53,completed,1
1954,Rigid,605550,605553,605603,3,50,53,completed,1
1955,Rigid,605551,605553,605601,2,48,50,completed,1
1956,Rigid,605551,605553,605605,2,52,54,completed,1
1957,Rigid,605551,605553,605604,2,51,53,completed,1
1958,Rigid,605551,605553,605604,2,51,53,completed,1
1959,Rigid,605551,605553,605604,2,51,53,completed,1
1960,Rigid,605551,605553,605602,2,49,51,completed,1
1961,Rigid,605551,605553,605605,2,52,54,completed,1
1962,Rigid,605551,605553,605604,2,51,53,completed,1
1963,Rigid,605551,605553,605603,2,50,52,completed,1
1964,Rigid,605551,605553,605606,2,53,55,completed,1
1965,Rigid,605551,605553,605604,2,51,53,completed,1
1966,Rigid,605551,605553,605601,2,48,50,completed,1
1967,Rigid,605551,605553,605601,2,48,50,completed,1
1968,Rigid,605551,605553,605602,2,49,51,completed,1
1969,Rigid,605551,605553,605601,2,48,50,completed,1
1970,Rigid,605551,605553,605602,2,49,51,completed,1
1971,Rigid,605551,605553,605603,2,50,52,completed,1
1972,Rigid,605551,605553,605601,2,48,50,completed,1
1973,Rigid,605551,605553,605603,2,50,52,completed,1
1974,Rigid,605551,605553,605606,2,53,55,completed,1
1975,Rigid,605551,605553,605603,2,50,52,completed,1
1976,Rigid,605551,605553,605601,2,48,50,completed,1
1977,Rigid,605551,605553,605601,2,48,50,completed,1
1978,Rigid,605551,605553,605603,2,50,52,completed,1
1979,Rigid,605551,605553,605601,2,48,50,completed,1
1980,Rigid,605551,605553,605608,2,55,57,completed,1
1981,Rigid,605551,605553,605601,2,48,50,completed,1
1982,Rigid,605551,605553,605603,2,50,52,completed,1
1983,Rigid,605551,605553,605601,2,48,50,completed,1
1984,Rigid,605551,605553,605601,2,48,50,completed,1
1985,Rigid,605552,605553,605601,1,48,49,completed,1
1986,Rigid,605552,605553,605608,1,55,56,completed,1
1987,Rigid,605552,605553,605605,1,52,53,completed,1
1988,Rigid,605552,605553,605603,1,50,51,completed,1
1989,Rigid,605552,605553,605608,1,55,56,completed,1
1990,Rigid,605552,605553,605601,1,48,49,completed,1
1991,Rigid,605552,605553,605601,1,48,49,completed,1
1992,Rigid,605552,605553,605603,1,50,51,completed,1
1993,Rigid,605552,605553,605608,1,55,56,completed,1
1994,Rigid,605552,605553,605601,1,48,49,completed,1
1995,Rigid,605552,605553,605601,1,48,49,completed,1
1996,Rigid,605552,605553,605610,1,57,58,completed,1
1997,Rigid,605552,605553,605601,1,48,49,completed,1
1998,Rigid,605552,605553,605602,1,49,50,completed,1
1999,Rigid,605552,605553,605603,1,50,51,completed,1
2000,Rigid,605552,605553,605601,1,48,49,completed,1
2001,Rigid,605552,605553,605601,1,48,49,completed,1
2002,Rigid,605552,605553,605611,1,58,59,completed,1
2003,Rigid,605552,605553,605607,1,54,55,completed,1
2004,Rigid,605552,605553,605603,1,50,51,completed,1
2005,Rigid,605552,605553,605603,1,50,51,completed,1
2006,Rigid,605552,605553,605604,1,51,52,completed,1
2007,Rigid,605552,605553,605604,1,51,52,completed,1
2008,Rigid,605552,605553,605603,1,50,51,completed,1
2009,Rigid,605552,605553,605603,1,50,51,completed,1
2010,Rigid,605552,605553,605605,1,52,53,completed,1
2011,Rigid,605552,605553,605603,1,50,51,completed,1
2012,Rigid,605552,605553,605601,1,48,49,completed,1
2013,Rigid,605552,605553,605604,1,51,52,completed,1
2014,Rigid,605553,605553,605603,0,50,50,completed,1
2015,Rigid,605553,605553,605604,0,51,51,completed,1
2016,Rigid,605553,605553,605601,0,48,48,completed,1
2017,Rigid,605553,605553,605601,0,48,48,completed,1
2018,Rigid,605553,605553,605603,0,50,50,completed,1
2019,Rigid,605553,605553,605603,0,50,50,completed,1
2020,Rigid,605553,605553,605608,0,55,55,completed,1
2021,Rigid,605553,605553,605601,0,48,48,completed,1
2022,Rigid,605553,605557,605603,4,46,50,completed,1
2023,Rigid,605553,605557,605608,4,51,55,completed,1
2024,Rigid,605553,605557,605603,4,46,50,completed,1
2025,Rigid,605553,605557,605603,4,46,50,completed,1
2026,Rigid,605554,605557,605601,3,44,47,completed,1
2027,Rigid,605554,605557,605603,3,46,49,completed,1
2028,Rigid,605554,605557,605601,3,44,47,completed,1
2029,Rigid,605554,605557,605601,3,44,47,completed,1
2030,Rigid,605554,605557,605603,3,46,49,completed,1
2031,Rigid,605554,605557,605601,3,44,47,completed,1
2032,Rigid,605554,605557,605603,3,46,49,completed,1
2033,Rigid,605554,605557,605610,3,53,56,completed,1
2034,Rigid,605554,605557,605601,3,44,47,completed,1
2035,Rigid,605554,605557,605603,3,46,49,completed,1
2036,Rigid,605554,605557,605601,3,44,47,completed,1
2037,Rigid,605554,605557,605604,3,47,50,completed,1
2038,Rigid,605554,605557,605603,3,46,49,completed,1
2039,Rigid,605555,605557,605604,2,47,49,completed,1
2040,Rigid,605555,605557,605603,2,46,48,completed,1
2041,Rigid,605555,605557,605609,2,52,54,completed,1
2042,Rigid,605555,605557,605602,2,45,47,completed,1
2043,Rigid,605555,605557,605602,2,45,47,completed,1
2044,Rigid,605555,605557,605602,2,45,47,completed,1
2045,Rigid,605555,605557,605603,2,46,48,completed,1
2046,Rigid,605555,605557,605602,2,45,47,completed,1
2047,Rigid,605555,605557,605602,2,45,47,completed,1
2048,Rigid,605555,605557,605604,2,47,49,completed,1
2049,Rigid,605555,605557,605602,2,45,47,completed,1
2050,Rigid,605555,605557,605606,2,49,51,completed,1
2051,Rigid,605555,605557,605602,2,45,47,completed,1
2052,Rigid,605555,605557,605602,2,45,47,completed,1
2053,Rigid,605555,605557,605604,2,47,49,completed,1
2054,Rigid,605555,605557,605602,2,45,47,completed,1
2055,Rigid,605555,605557,605603,2,46,48,completed,1
2056,Rigid,605555,605557,605604,2,47,49,completed,1
2057,Rigid,605555,605557,605602,2,45,47,completed,1
2058,Rigid,605555,605557,605602,2,45,47,completed,1
2059,Rigid,605555,605557,605602,2,45,47,completed,1
2060,Rigid,605555,605557,605602,2,45,47,completed,1
2061,Rigid,605555,605557,605604,2,47,49,completed,1
2062,Rigid,605555,605557,605605,2,48,50,completed,1
2063,Rigid,605555,605557,605605,2,48,50,completed,1
2064,Rigid,605555,605557,605604,2,47,49,completed,1
2065,Rigid,605555,605557,605602,2,45,47,completed,1
2066,Rigid,605555,605557,605603,2,46,48,completed,1
2067,Rigid,605556,605557,605604,1,47,48,completed,1
2068,Rigid,605556,605557,605602,1,45,46,completed,1
2069,Rigid,605556,605557,605602,1,45,46,completed,1
2070,Rigid,605556,605557,605603,1,46,47,completed,1
2071,Rigid,605556,605557,605602,1,45,46,completed,1
2072,Rigid,605556,605557,605602,1,45,46,completed,1
2073,Rigid,605556,605557,605603,1,46,47,completed,1
2074,Rigid,605556,605557,605602,1,45,46,completed,1
2075,Rigid,605556,605557,605602,1,45,46,completed,1
2076,Rigid,605556,605557,605604,1,47,48,completed,1
2077,Rigid,605556,605557,605602,1,45,46,completed,1
2078,Rigid,605556,605557,605601,1,44,45,completed,1
2079,Rigid,605556,605557,605601,1,44,45,completed,1
2080,Rigid,605556,605557,605601,1,44,45,completed,1
2081,Rigid,605556,605557,605601,1,44,45,completed,1
2082,Rigid,605556,605557,605602,1,45,46,completed,1
2083,Rigid,605556,605557,605602,1,45,46,completed,1
2084,Rigid,605556,605557,605601,1,44,45,completed,1
2085,Rigid,605556,605557,605601,1,44,45,completed,1
2086,Rigid,605556,605557,605601,1,44,45,completed,1
2087,Rigid,605556,605557,605601,1,44,45,completed,1
2088,Rigid,605556,605557,605601,1,44,45,completed,1
2089,Rigid,605556,605557,605601,1,44,45,completed,1
2090,Rigid,605556,605557,605601,1,44,45,completed,1
2091,Rigid,605556,605557,605606,1,49,50,completed,1
2092,Rigid,605557,605557,605601,0,44,44,completed,1
2093,Rigid,605557,605557,605601,0,44,44,completed,1
2094,Rigid,605557,605557,605601,0,44,44,completed,1
2095,Rigid,605557,605557,605601,0,44,44,completed,1
2096,Rigid,605557,605557,605601,0,44,44,completed,1
2097,Rigid,605557,605557,605601,0,44,44,completed,1
2098,Rigid,605557,605557,605601,0,44,44,completed,1
2099,Rigid,605602,605603,605629,1,26,27,completed,1
2100,Rigid,605602,605603,605629,1,26,27,completed,1
2101,Rigid,605602,605603,605629,1,26,27,completed,1
2102,Rigid,605603,605603,605629,0,26,26,completed,1
2103,Rigid,605603,605603,605629,0,26,26,completed,1
2104,Rigid,605604,605604,605640,0,36,36,completed,1
2105,Rigid,605604,605604,605638,0,34,34,completed,1
2106,Rigid,605604,605604,605640,0,36,36,completed,1
2107,Rigid,605604,605604,605638,0,34,34,completed,1
2108,Rigid,605604,605604,605650,0,46,46,completed,1
2109,Rigid,605604,605604,605640,0,36,36,completed,1
2110,Rigid,605604,605604,605647,0,43,43,completed,1
2111,Rigid,605613,605614,605640,1,26,27,completed,1
2112,Rigid,605613,605614,605640,1,26,27,completed,1
2113,Rigid,605613,605614,605640,1,26,27,completed,1
2114,Rigid,605613,605614,605640,1,26,27,completed,1
2115,Rigid,605613,605614,605638,1,24,25,completed,1
2116,Rigid,605614,605614,605638,0,24,24,completed,1
2117,Rigid,605614,605614,605640,0,26,26,completed,1
2118,Rigid,605614,605618,605646,4,28,32,completed,1
2119,Rigid,605614,605618,605646,4,28,32,completed,1
2120,Rigid,605614,605618,605646,4,28,32,completed,1
2121,Rigid,605614,605618,605698,4,80,84,completed,1
2122,Rigid,605614,605618,605646,4,28,32,completed,1
2123,Rigid,605614,605618,605646,4,28,32,completed,1
2124,Rigid,605614,605618,605647,4,29,33,completed,1
2125,Rigid,605614,605618,605646,4,28,32,completed,1
2126,Rigid,605614,605618,605646,4,28,32,completed,1
2127,Rigid,605615,605618,605647,3,29,32,completed,1
2128,Rigid,605615,605618,605646,3,28,31,completed,1
2129,Rigid,605615,605618,605646,3,28,31,completed,1
2130,Rigid,605615,605618,605646,3,28,31,completed,1
2131,Rigid,605615,605618,605649,3,31,34,completed,1
2132,Rigid,605615,605618,605646,3,28,31,completed,1
2133,Rigid,605615,605618,605646,3,28,31,completed,1
2134,Rigid,605615,605618,605648,3,30,33,completed,1
2135,Rigid,605615,605618,605646,3,28,31,completed,1
2136,Rigid,605616,605618,605646,2,28,30,completed,1
2137,Rigid,605616,605618,605646,2,28,30,completed,1
2138,Rigid,605616,605618,605646,2,28,30,completed,1
2139,Rigid,605616,605618,605646,2,28,30,completed,1
2140,Rigid,605616,605618,605646,2,28,30,completed,1
2141,Rigid,605616,605618,605644,2,26,28,completed,1
2142,Rigid,605617,605618,605646,1,28,29,completed,1
2143,Rigid,605617,605618,605642,1,24,25,completed,1
2144,Rigid,605617,605618,605653,1,35,36,completed,1
2145,Rigid,605617,605618,605646,1,28,29,completed,1
2146,Rigid,605617,605618,605649,1,31,32,completed,1
2147,Rigid,605617,605618,605642,1,24,25,completed,1
2148,Rigid,605617,605618,605644,1,26,27,completed,1
2149,Rigid,605617,605618,605653,1,35,36,completed,1
2150,Rigid,605617,605618,605646,1,28,29,completed,1
2151,Rigid,605617,605618,605644,1,26,27,completed,1
2152,Rigid,605617,605618,605649,1,31,32,completed,1
2153,Rigid,605618,605618,605644,0,26,26,completed,1
2154,Rigid,605618,605618,605649,0,31,31,completed,1
2155,Rigid,605618,605618,605655,0,37,37,completed,1
2156,Rigid,605618,605618,605642,0,24,24,completed,1
2157,Rigid,605618,605618,605644,0,26,26,completed,1
2158,Rigid,605618,605622,605649,4,27,31,completed,1
2159,Rigid,605618,605622,605652,4,30,34,completed,1
2160,Rigid,605619,605622,605651,3,29,32,completed,1
2161,Rigid,605619,605622,605652,3,30,33,completed,1
2162,Rigid,605619,605622,605650,3,28,31,completed,1
2163,Rigid,605619,605622,605651,3,29,32,completed,1
2164,Rigid,605619,605622,605651,3,29,32,completed,1
2165,Rigid,605619,605622,605651,3,29,32,completed,1
2166,Rigid,605619,605622,605652,3,30,33,completed,1
2167,Rigid,605619,605622,605652,3,30,33,completed,1
2168,Rigid,605619,605622,605652,3,30,33,completed,1
2169,Rigid,605619,605622,605651,3,29,32,completed,1
2170,Rigid,605619,605622,605650,3,28,31,completed,1
2171,Rigid,605619,605622,605653,3,31,34,completed,1
2172,Rigid,605619,605622,605651,3,29,32,completed,1
2173,Rigid,605619,605622,605651,3,29,32,completed,1
2174,Rigid,605619,605622,605654,3,32,35,completed,1
2175,Rigid,605619,605622,605649,3,27,30,completed,1
2176,Rigid,605620,605622,605650,2,28,30,completed,1
2177,Rigid,605620,605622,605650,2,28,30,completed,1
2178,Rigid,605620,605622,605647,2,25,27,completed,1
2179,Rigid,605620,605622,605648,2,26,28,completed,1
2180,Rigid,605621,605622,605649,1,27,28,completed,1
2181,Rigid,605621,605622,605653,1,31,32,completed,1
2182,Rigid,605621,605622,605650,1,28,29,completed,1
2183,Rigid,605621,605622,605649,1,27,28,completed,1
2184,Rigid,605621,605622,605649,1,27,28,completed,1
2185,Rigid,605621,605622,605649,1,27,28,completed,1
2186,Rigid,605621,605622,605649,1,27,28,completed,1
2187,Rigid,605621,605622,605649,1,27,28,completed,1
2188,Rigid,605621,605622,605649,1,27,28,completed,1
2189,Rigid,605621,605622,605650,1,28,29,completed,1
2190,Rigid,605621,605622,605650,1,28,29,completed,1
2191,Rigid,605621,605622,605650,1,28,29,completed,1
2192,Rigid,605621,605622,605651,1,29,30,completed,1
2193,Rigid,605621,605622,605649,1,27,28,completed,1
2194,Rigid,605621,605622,605649,1,27,28,completed,1
2195,Rigid,605622,605622,605650,0,28,28,completed,1
2196,Rigid,605622,605622,605649,0,27,27,completed,1
2197,Rigid,605622,605622,605650,0,28,28,completed,1
2198,Rigid,605622,605626,605666,4,40,44,completed,1
2199,Rigid,605622,605626,605666,4,40,44,completed,1
2200,Rigid,605622,605626,605666,4,40,44,completed,1
2201,Rigid,605622,605626,605666,4,40,44,completed,1
2202,Rigid,605623,605626,605667,3,41,44,completed,1
2203,Rigid,605623,605626,605666,3,40,43,completed,1
2204,Rigid,605623,605626,605667,3,41,44,completed,1
2205,Rigid,605623,605626,605666,3,40,43,completed,1
2206,Rigid,605623,605626,605672,3,46,49,completed,1
2207,Rigid,605623,605626,605666,3,40,43,completed,1
2208,Rigid,605623,605626,605667,3,41,44,completed,1
2209,Rigid,605623,605626,605666,3,40,43,completed,1
2210,Rigid,605623,605626,605666,3,40,43,completed,1
2211,Rigid,605623,605626,605666,3,40,43,completed,1
2212,Rigid,605623,605626,605666,3,40,43,completed,1
2213,Rigid,605623,605626,605666,3,40,43,completed,1
2214,Rigid,605623,605626,605666,3,40,43,completed,1
2215,Rigid,605624,605626,605666,2,40,42,completed,1
2216,Rigid,605624,605626,605666,2,40,42,completed,1
2217,Rigid,605624,605626,605666,2,40,42,completed,1
2218,Rigid,605627,605630,608645,3,3015,3018,completed,36
2219,Rigid,605715,605715,605764,0,49,49,completed,1
2220,Rigid,605715,605715,605765,0,50,50,completed,1
2221,Rigid,605715,605715,605766,0,51,51,completed,1
2222,Rigid,605715,605715,605772,0,57,57,completed,1
2223,Rigid,605715,605715,605764,0,49,49,completed,1
2224,Rigid,605715,605715,605764,0,49,49,completed,1
2225,Rigid,605715,605715,605764,0,49,49,completed,1
2226,Rigid,605715,605715,605765,0,50,50,completed,1
2227,Rigid,605715,605715,605764,0,49,49,completed,1
2228,Rigid,605715,605715,605773,0,58,58,completed,1
2229,Rigid,605715,605719,605771,4,52,56,completed,1
2230,Rigid,605716,605719,605764,3,45,48,completed,1
2231,Rigid,605716,605719,605769,3,50,53,completed,1
2232,Rigid,605716,605719,605764,3,45,48,completed,1
2233,Rigid,605716,605719,605769,3,50,53,completed,1
2234,Rigid,605716,605719,605772,3,53,56,completed,1
2235,Rigid,605716,605719,605764,3,45,48,completed,1
2236,Rigid,605716,605719,605769,3,50,53,completed,1
2237,Rigid,605716,605719,605770,3,51,54,completed,1
2238,Rigid,605716,605719,605764,3,45,48,completed,1
2239,Rigid,605716,605719,605764,3,45,48,completed,1
2240,Rigid,605716,605719,605765,3,46,49,completed,1
2241,Rigid,605716,605719,605764,3,45,48,completed,1
2242,Rigid,605716,605719,605764,3,45,48,completed,1
2243,Rigid,605716,605719,605764,3,45,48,completed,1
2244,Rigid,605716,605719,605764,3,45,48,completed,1
2245,Rigid,605716,605719,605764,3,45,48,completed,1
2246,Rigid,605716,605719,605772,3,53,56,completed,1
2247,Rigid,605716,605719,605764,3,45,48,completed,1
2248,Rigid,605716,605719,605773,3,54,57,completed,1
2249,Rigid,605716,605719,605770,3,51,54,completed,1
2250,Rigid,605716,605719,605765,3,46,49,completed,1
2251,Rigid,605716,605719,605764,3,45,48,completed,1
2252,Rigid,605716,605719,605764,3,45,48,completed,1
2253,Rigid,605716,605719,605771,3,52,55,completed,1
2254,Rigid,605716,605719,605764,3,45,48,completed,1
2255,Rigid,605716,605719,605764,3,45,48,completed,1
2256,Rigid,605716,605719,605764,3,45,48,completed,1
2257,Rigid,605717,605719,605764,2,45,47,completed,1
2258,Rigid,605717,605719,605764,2,45,47,completed,1
2259,Rigid,605717,605719,605767,2,48,50,completed,1
2260,Rigid,605717,605719,605769,2,50,52,completed,1
2261,Rigid,605717,605719,605764,2,45,47,completed,1
2262,Rigid,605717,605719,605764,2,45,47,completed,1
2263,Rigid,605717,605719,605764,2,45,47,completed,1
2264,Rigid,605717,605719,605767,2,48,50,completed,1
2265,Rigid,605717,605719,605765,2,46,48,completed,1
2266,Rigid,605717,605719,605765,2,46,48,completed,1
2267,Rigid,605717,605719,605765,2,46,48,completed,1
2268,Rigid,605717,605719,605765,2,46,48,completed,1
2269,Rigid,605717,605719,605764,2,45,47,completed,1
2270,Rigid,605717,605719,605771,2,52,54,completed,1
2271,Rigid,605717,605719,605764,2,45,47,completed,1
2272,Rigid,605717,605719,605765,2,46,48,completed,1
2273,Rigid,605717,605719,605764,2,45,47,completed,1
2274,Rigid,605717,605719,605771,2,52,54,completed,1
2275,Rigid,605717,605719,605774,2,55,57,completed,1
2276,Rigid,605717,605719,605764,2,45,47,completed,1
2277,Rigid,605717,605719,605772,2,53,55,completed,1
2278,Rigid,605717,605719,605764,2,45,47,completed,1
2279,Rigid,605717,605719,605764,2,45,47,completed,1
2280,Rigid,605717,605719,605764,2,45,47,completed,1
2281,Rigid,605717,605719,605769,2,50,52,completed,1
2282,Rigid,605717,605719,605765,2,46,48,completed,1
2283,Rigid,605717,605719,605772,2,53,55,completed,1
2284,Rigid,605717,605719,605765,2,46,48,completed,1
2285,Rigid,605717,605719,605765,2,46,48,completed,1
2286,Rigid,605717,605719,605765,2,46,48,completed,1
2287,Rigid,605717,605719,605764,2,45,47,completed,1
2288,Rigid,605717,605719,605765,2,46,48,completed,1
2289,Rigid,605717,605719,605764,2,45,47,completed,1
2290,Rigid,605717,605719,605774,2,55,57,completed,1
2291,Rigid,605717,605719,605766,2,47,49,completed,1
2292,Rigid,605718,605719,605764,1,45,46,completed,1
2293,Rigid,605718,605719,605765,1,46,47,completed,1
2294,Rigid,605718,605719,605773,1,54,55,completed,1
2295,Rigid,605718,605719,605767,1,48,49,completed,1
2296,Rigid,605718,605719,605764,1,45,46,completed,1
2297,Rigid,605718,605719,605767,1,48,49,completed,1
2298,Rigid,605718,605719,605767,1,48,49,completed,1
2299,Rigid,605718,605719,605767,1,48,49,completed,1
2300,Rigid,605718,605719,605767,1,48,49,completed,1
2301,Rigid,605718,605719,605764,1,45,46,completed,1
2302,Rigid,605718,605719,605764,1,45,46,completed,1
2303,Rigid,605718,605719,605773,1,54,55,completed,1
2304,Rigid,605718,605719,605773,1,54,55,completed,1
2305,Rigid,605718,605719,605764,1,45,46,completed,1
2306,Rigid,605718,605719,605769,1,50,51,completed,1
2307,Rigid,605718,605719,605764,1,45,46,completed,1
2308,Rigid,605718,605719,605764,1,45,46,completed,1
2309,Rigid,605718,605719,605765,1,46,47,completed,1
2310,Rigid,605718,605719,605772,1,53,54,completed,1
2311,Rigid,605718,605719,605767,1,48,49,completed,1
2312,Rigid,605718,605719,605764,1,45,46,completed,1
2313,Rigid,605718,605719,605764,1,45,46,completed,1
2314,Rigid,605718,605719,605769,1,50,51,completed,1
2315,Rigid,605718,605719,605774,1,55,56,completed,1
2316,Rigid,605718,605719,605764,1,45,46,completed,1
2317,Rigid,605718,605719,605764,1,45,46,completed,1
2318,Rigid,605718,605719,605766,1,47,48,completed,1
2319,Rigid,605718,605719,605773,1,54,55,completed,1
2320,Rigid,605718,605719,605773,1,54,55,completed,1
2321,Rigid,605719,605719,605771,0,52,52,completed,1
2322,Rigid,605719,605719,605764,0,45,45,completed,1
2323,Rigid,605719,605719,605764,0,45,45,completed,1
2324,Rigid,605719,605719,605764,0,45,45,completed,1
2325,Rigid,605719,605719,605764,0,45,45,completed,1
2326,Rigid,605719,605719,605776,0,57,57,completed,1
2327,Rigid,605719,605719,605771,0,52,52,completed,1
2328,Rigid,605719,605719,605771,0,52,52,completed,1
2329,Rigid,605719,605719,605764,0,45,45,completed,1
2330,Rigid,605719,605719,605764,0,45,45,completed,1
2331,Rigid,605719,605719,605765,0,46,46,completed,1
2332,Rigid,605719,605719,605774,0,55,55,completed,1
2333,Rigid,605719,605719,605769,0,50,50,completed,1
2334,Rigid,605719,605719,605764,0,45,45,completed,1
2335,Rigid,605719,605719,605764,0,45,45,completed,1
2336,Rigid,605719,605719,605764,0,45,45,completed,1
2337,Rigid,605719,605719,605764,0,45,45,completed,1
2338,Rigid,605719,605719,605769,0,50,50,completed,1
2339,Rigid,605719,605719,605766,0,47,47,completed,1
2340,Rigid,605719,605719,605771,0,52,52,completed,1
2341,Rigid,605719,605719,605764,0,45,45,completed,1
2342,Rigid,605719,605719,605776,0,57,57,completed,1
2343,Rigid,605719,605719,605766,0,47,47,completed,1
2344,Rigid,605719,605719,605766,0,47,47,completed,1
2345,Rigid,605719,605719,605766,0,47,47,completed,1
2346,Rigid,605719,605719,605766,0,47,47,completed,1
2347,Rigid,605719,605719,605776,0,57,57,completed,1
2348,Rigid,605719,605719,605769,0,50,50,completed,1
2349,Rigid,605719,605719,605764,0,45,45,completed,1
2350,Rigid,605720,605723,605764,3,41,44,completed,1
2351,Rigid,605720,605723,605766,3,43,46,completed,1
2352,Rigid,605720,605723,605766,3,43,46,completed,1
2353,Rigid,605720,605723,605771,3,48,51,completed,1
2354,Rigid,605720,605723,605766,3,43,46,completed,1
2355,Rigid,605720,605723,605769,3,46,49,completed,1
2356,Rigid,605720,605723,605768,3,45,48,completed,1
2357,Rigid,605720,605723,605765,3,42,45,completed,1
2358,Rigid,605720,605723,605766,3,43,46,completed,1
2359,Rigid,605720,605723,605776,3,53,56,completed,1
2360,Rigid,605720,605723,605764,3,41,44,completed,1
2361,Rigid,605720,605723,605764,3,41,44,completed,1
2362,Rigid,605721,605723,605769,2,46,48,completed,1
2363,Rigid,605721,605723,605768,2,45,47,completed,1
2364,Rigid,605721,605723,605767,2,44,46,completed,1
2365,Rigid,605721,605723,605764,2,41,43,completed,1
2366,Rigid,605721,605723,605764,2,41,43,completed,1
2367,Rigid,605721,605723,605764,2,41,43,completed,1
2368,Rigid,605721,605723,605768,2,45,47,completed,1
2369,Rigid,605721,605723,605769,2,46,48,completed,1
2370,Rigid,605721,605723,605773,2,50,52,completed,1
2371,Rigid,605721,605723,605767,2,44,46,completed,1
2372,Rigid,605721,605723,605768,2,45,47,completed,1
2373,Rigid,605721,605723,605765,2,42,44,completed,1
2374,Rigid,605721,605723,605768,2,45,47,completed,1
2375,Rigid,605721,605723,605766,2,43,45,completed,1
2376,Rigid,605721,605723,605773,2,50,52,completed,1
2377,Rigid,605721,605723,605769,2,46,48,completed,1
2378,Rigid,605721,605723,605768,2,45,47,completed,1
2379,Rigid,605721,605723,605767,2,44,46,completed,1
2380,Rigid,605721,605723,605767,2,44,46,completed,1
2381,Rigid,605721,605723,605765,2,42,44,completed,1
2382,Rigid,605721,605723,605765,2,42,44,completed,1
2383,Rigid,605721,605723,605765,2,42,44,completed,1
2384,Rigid,605721,605723,605764,2,41,43,completed,1
2385,Rigid,605722,605723,605768,1,45,46,completed,1
2386,Rigid,605722,605723,605765,1,42,43,completed,1
2387,Rigid,605722,605723,605764,1,41,42,completed,1
2388,Rigid,605722,605723,605768,1,45,46,completed,1
2389,Rigid,605722,605723,605764,1,41,42,completed,1
2390,Rigid,605722,605723,605765,1,42,43,completed,1
2391,Rigid,605722,605723,605764,1,41,42,completed,1
2392,Rigid,605722,605723,605764,1,41,42,completed,1
2393,Rigid,605722,605723,605764,1,41,42,completed,1
2394,Rigid,605722,605723,605764,1,41,42,completed,1
2395,Rigid,605722,605723,605767,1,44,45,completed,1
2396,Rigid,605722,605723,605769,1,46,47,completed,1
2397,Rigid,605722,605723,605769,1,46,47,completed,1
2398,Rigid,605722,605723,605764,1,41,42,completed,1
2399,Rigid,605722,605723,605764,1,41,42,completed,1
2400,Rigid,605722,605723,605764,1,41,42,completed,1
2401,Rigid,605722,605723,605764,1,41,42,completed,1
2402,Rigid,605722,605723,605765,1,42,43,completed,1
2403,Rigid,605722,605723,605769,1,46,47,completed,1
2404,Rigid,605722,605723,605764,1,41,42,completed,1
2405,Rigid,605722,605723,605764,1,41,42,completed,1
2406,Rigid,605722,605723,605771,1,48,49,completed,1
2407,Rigid,605722,605723,605764,1,41,42,completed,1
2408,Rigid,605722,605723,605765,1,42,43,completed,1
2409,Rigid,605722,605723,605764,1,41,42,completed,1
2410,Rigid,605722,605723,605764,1,41,42,completed,1
2411,Rigid,605722,605723,605764,1,41,42,completed,1
2412,Rigid,605722,605723,605764,1,41,42,completed,1
2413,Rigid,605722,605723,605764,1,41,42,completed,1
2414,Rigid,605722,605723,605764,1,41,42,completed,1
2415,Rigid,605722,605723,605764,1,41,42,completed,1
2416,Rigid,605722,605723,605764,1,41,42,completed,1
2417,Rigid,605723,605723,605764,0,41,41,completed,1
2418,Rigid,605723,605723,605764,0,41,41,completed,1
2419,Rigid,605765,605765,605796,0,31,31,completed,1
2420,Rigid,605765,605765,605796,0,31,31,completed,1
2421,Rigid,605766,605766,605796,0,30,30,completed,1
2422,Rigid,605767,605767,605795,0,28,28,completed,1
2423,Rigid,605767,605767,605795,0,28,28,completed,1
2424,Rigid,605767,605767,605795,0,28,28,completed,1
2425,Rigid,605767,605767,605795,0,28,28,completed,1
2426,Rigid,605767,605767,605795,0,28,28,completed,1
2427,Rigid,605767,605767,605795,0,28,28,completed,1
2428,Rigid,605767,605767,605795,0,28,28,completed,1
2429,Rigid,605768,605768,605795,0,27,27,completed,1
2430,Rigid,605768,605768,605795,0,27,27,completed,1
2431,Rigid,605768,605768,605795,0,27,27,completed,1
2432,Rigid,605768,605768,605795,0,27,27,completed,1
2433,Rigid,605768,605768,605796,0,28,28,completed,1
2434,Rigid,605768,605768,605795,0,27,27,completed,1
2435,Rigid,605768,605768,605795,0,27,27,completed,1
2436,Rigid,605768,605768,605795,0,27,27,completed,1
2437,Rigid,605769,605770,605795,1,25,26,completed,1
2438,Rigid,605769,605770,605796,1,26,27,completed,1
2439,Rigid,605769,605770,605796,1,26,27,completed,1
2440,Rigid,605769,605770,605796,1,26,27,completed,1
2441,Rigid,605769,605770,605795,1,25,26,completed,1
2442,Rigid,605769,605770,605797,1,27,28,completed,1
2443,Rigid,605769,605770,605796,1,26,27,completed,1
2444,Rigid,605769,605770,605797,1,27,28,completed,1
2445,Rigid,605769,605770,605795,1,25,26,completed,1
2446,Rigid,605769,605770,605796,1,26,27,completed,1
2447,Rigid,605770,605770,605795,0,25,25,completed,1
2448,Rigid,605770,605770,605795,0,25,25,completed,1
2449,Rigid,605770,605770,605795,0,25,25,completed,1
2450,Rigid,605770,605770,605795,0,25,25,completed,1
2451,Rigid,605770,605770,605795,0,25,25,completed,1
2452,Rigid,605770,605770,605831,0,61,61,completed,1
2453,Rigid,605770,605770,605795,0,25,25,completed,1
2454,Rigid,605770,605771,605795,1,24,25,completed,1
2455,Rigid,605770,605771,605795,1,24,25,completed,1
2456,Rigid,605771,605772,605795,1,23,24,completed,1
2457,Rigid,605771,605772,605795,1,23,24,completed,1
2458,Rigid,605771,605772,605795,1,23,24,completed,1
2459,Rigid,605771,605772,605795,1,23,24,completed,1
2460,Rigid,605771,605772,605795,1,23,24,completed,1
2461,Rigid,605771,605772,605795,1,23,24,completed,1
2462,Rigid,605771,605772,605795,1,23,24,completed,1
2463,Rigid,605771,605772,605795,1,23,24,completed,1
2464,Rigid,605771,605772,605796,1,24,25,completed,1
2465,Rigid,605771,605772,605795,1,23,24,completed,1
2466,Rigid,605784,605785,605816,1,31,32,completed,1
2467,Rigid,605784,605785,605820,1,35,36,completed,1
2468,Rigid,605785,605789,605816,4,27,31,completed,1
2469,Rigid,605785,605789,605816,4,27,31,completed,1
2470,Rigid,605785,605789,605816,4,27,31,completed,1
2471,Rigid,605785,605789,605816,4,27,31,completed,1
2472,Rigid,605785,605789,605816,4,27,31,completed,1
2473,Rigid,605785,605789,605816,4,27,31,completed,1
2474,Rigid,605785,605789,605816,4,27,31,completed,1
2475,Rigid,605785,605789,605816,4,27,31,completed,1
2476,Rigid,605850,605851,605891,1,40,41,completed,1
2477,Rigid,605850,605851,605891,1,40,41,completed,1
2478,Rigid,605850,605851,605890,1,39,40,completed,1
2479,Rigid,605850,605851,605890,1,39,40,completed,1
2480,Rigid,605850,605851,605890,1,39,40,completed,1
2481,Rigid,605851,605851,605891,0,40,40,completed,1
2482,Rigid,605851,605851,605891,0,40,40,completed,1
2483,Rigid,605851,605851,605901,0,50,50,completed,1
2484,Rigid,605851,605851,605890,0,39,39,completed,1
2485,Rigid,605851,605851,605893,0,42,42,completed,1
2486,Rigid,605851,605851,605890,0,39,39,completed,1
2487,Rigid,605851,605851,605901,0,50,50,completed,1
2488,Rigid,605851,605851,605891,0,40,40,completed,1
2489,Rigid,605851,605851,605891,0,40,40,completed,1
2490,Rigid,605851,605851,605890,0,39,39,completed,1
2491,Rigid,605851,605851,605892,0,41,41,completed,1
2492,Rigid,605851,605851,605891,0,40,40,completed,1
2493,Rigid,605851,605851,605890,0,39,39,completed,1
2494,Rigid,605851,605851,605892,0,41,41,completed,1
2495,Rigid,605851,605851,605891,0,40,40,completed,1
2496,Rigid,605851,605851,605892,0,41,41,completed,1
2497,Rigid,605851,605851,605890,0,39,39,completed,1
2498,Rigid,605851,605851,605890,0,39,39,completed,1
2499,Rigid,605851,605851,605890,0,39,39,completed,1
2500,Rigid,605851,605851,605892,0,41,41,completed,1
2501,Rigid,605851,605851,605890,0,39,39,completed,1
2502,Rigid,605851,605851,605894,0,43,43,completed,1
2503,Rigid,605851,605855,605890,4,35,39,completed,1
2504,Rigid,605851,605855,605892,4,37,41,completed,1
2505,Rigid,605851,605855,605893,4,38,42,completed,1
2506,Rigid,605851,605855,605891,4,36,40,completed,1
2507,Rigid,605851,605855,605892,4,37,41,completed,1
2508,Rigid,605851,605855,605890,4,35,39,completed,1
2509,Rigid,605851,605855,605895,4,40,44,completed,1
2510,Rigid,605851,605855,605890,4,35,39,completed,1
2511,Rigid,605851,605855,605890,4,35,39,completed,1
2512,Rigid,605851,605855,605892,4,37,41,completed,1
2513,Rigid,605851,605855,605892,4,37,41,completed,1
2514,Rigid,605851,605855,605901,4,46,50,completed,1
2515,Rigid,605852,605855,605891,3,36,39,completed,1
2516,Rigid,605852,605855,605892,3,37,40,completed,1
2517,Rigid,605852,605855,605890,3,35,38,completed,1
2518,Rigid,605852,605855,605892,3,37,40,completed,1
2519,Rigid,605852,605855,605892,3,37,40,completed,1
2520,Rigid,605852,605855,605890,3,35,38,completed,1
2521,Rigid,605852,605855,605895,3,40,43,completed,1
2522,Rigid,605852,605855,605891,3,36,39,completed,1
2523,Rigid,605852,605855,605890,3,35,38,completed,1
2524,Rigid,605852,605855,605892,3,37,40,completed,1
2525,Rigid,605852,605855,605894,3,39,42,completed,1
2526,Rigid,605852,605855,605890,3,35,38,completed,1
2527,Rigid,605852,605855,605891,3,36,39,completed,1
2528,Rigid,605852,605855,605891,3,36,39,completed,1
2529,Rigid,605852,605855,605890,3,35,38,completed,1
2530,Rigid,605852,605855,605893,3,38,41,completed,1
2531,Rigid,605852,605855,605893,3,38,41,completed,1
2532,Rigid,605852,605855,605891,3,36,39,completed,1
2533,Rigid,605852,605855,605892,3,37,40,completed,1
2534,Rigid,605852,605855,605890,3,35,38,completed,1
2535,Rigid,605852,605855,605892,3,37,40,completed,1
2536,Rigid,605852,605855,605893,3,38,41,completed,1
2537,Rigid,605852,605855,605891,3,36,39,completed,1
2538,Rigid,605852,605855,605892,3,37,40,completed,1
2539,Rigid,605852,605855,605891,3,36,39,completed,1
2540,Rigid,605852,605855,605891,3,36,39,completed,1
2541,Rigid,605852,605855,605894,3,39,42,completed,1
2542,Rigid,605852,605855,605890,3,35,38,completed,1
2543,Rigid,605852,605855,605890,3,35,38,completed,1
2544,Rigid,605852,605855,605892,3,37,40,completed,1
2545,Rigid,605852,605855,605892,3,37,40,completed,1
2546,Rigid,605852,605855,605892,3,37,40,completed,1
2547,Rigid,605852,605855,605892,3,37,40,completed,1
2548,Rigid,605852,605855,605922,3,67,70,completed,1
2549,Rigid,605853,605855,605921,2,66,68,completed,1
2550,Rigid,605853,605855,605919,2,64,66,completed,1
2551,Rigid,605853,605855,605921,2,66,68,completed,1
2552,Rigid,605853,605855,605927,2,72,74,completed,1
2553,Rigid,605853,605855,605920,2,65,67,completed,1
2554,Rigid,605853,605855,605921,2,66,68,completed,1
2555,Rigid,605853,605855,605921,2,66,68,completed,1
2556,Rigid,605853,605855,605922,2,67,69,completed,1
2557,Rigid,605853,605855,605921,2,66,68,completed,1
2558,Rigid,605853,605855,605921,2,66,68,completed,1
2559,Rigid,605853,605855,605921,2,66,68,completed,1
2560,Rigid,605853,605855,605920,2,65,67,completed,1
2561,Rigid,605853,605855,605922,2,67,69,completed,1
2562,Rigid,605853,605855,605921,2,66,68,completed,1
2563,Rigid,605853,605855,605921,2,66,68,completed,1
2564,Rigid,605853,605855,605921,2,66,68,completed,1
2565,Rigid,605853,605855,605922,2,67,69,completed,1
2566,Rigid,605853,605855,605922,2,67,69,completed,1
2567,Rigid,605853,605855,605922,2,67,69,completed,1
2568,Rigid,605853,605855,605922,2,67,69,completed,1
2569,Rigid,605853,605855,605919,2,64,66,completed,1
2570,Rigid,605853,605855,605920,2,65,67,completed,1
2571,Rigid,605853,605855,605919,2,64,66,completed,1
2572,Rigid,605853,605855,605920,2,65,67,completed,1
2573,Rigid,605853,605855,605921,2,66,68,completed,1
2574,Rigid,605853,605855,605921,2,66,68,completed,1
2575,Rigid,605853,605855,605920,2,65,67,completed,1
2576,Rigid,605853,605855,605922,2,67,69,completed,1
2577,Rigid,605853,605855,605919,2,64,66,completed,1
2578,Rigid,605853,605855,605921,2,66,68,completed,1
2579,Rigid,605853,605855,605919,2,64,66,completed,1
2580,Rigid,605853,605855,605927,2,72,74,completed,1
2581,Rigid,605853,605855,605922,2,67,69,completed,1
2582,Rigid,605853,605855,605927,2,72,74,completed,1
2583,Rigid,605853,605855,605890,2,35,37,completed,1
2584,Rigid,605853,605855,605893,2,38,40,completed,1
2585,Rigid,605853,605855,605890,2,35,37,completed,1
2586,Rigid,605853,605855,605891,2,36,38,completed,1
2587,Rigid,605853,605855,605980,2,125,127,completed,1
2588,Rigid,605854,605855,605893,1,38,39,completed,1
2589,Rigid,605854,605855,605891,1,36,37,completed,1
2590,Rigid,605854,605855,605890,1,35,36,completed,1
2591,Rigid,605854,605855,605893,1,38,39,completed,1
2592,Rigid,605854,605855,605891,1,36,37,completed,1
2593,Rigid,605854,605855,605893,1,38,39,completed,1
2594,Rigid,605854,605855,605891,1,36,37,completed,1
2595,Rigid,605854,605855,605894,1,39,40,completed,1
2596,Rigid,605854,605855,605891,1,36,37,completed,1
2597,Rigid,605854,605855,605890,1,35,36,completed,1
2598,Rigid,605854,605855,605890,1,35,36,completed,1
2599,Rigid,605854,605855,605890,1,35,36,completed,1
2600,Rigid,605854,605855,605893,1,38,39,completed,1
2601,Rigid,605854,605855,605890,1,35,36,completed,1
2602,Rigid,605854,605855,605890,1,35,36,completed,1
2603,Rigid,605854,605855,605901,1,46,47,completed,1
2604,Rigid,605854,605855,605890,1,35,36,completed,1
2605,Rigid,605854,605855,605891,1,36,37,completed,1
2606,Rigid,605854,605855,605891,1,36,37,completed,1
2607,Rigid,605854,605855,605893,1,38,39,completed,1
2608,Rigid,605854,605855,605891,1,36,37,completed,1
2609,Rigid,605854,605855,605897,1,42,43,completed,1
2610,Rigid,605854,605855,605895,1,40,41,completed,1
2611,Rigid,605854,605855,605894,1,39,40,completed,1
2612,Rigid,605854,605855,605890,1,35,36,completed,1
2613,Rigid,605855,605855,605894,0,39,39,completed,1
2614,Rigid,605855,605855,605891,0,36,36,completed,1
2615,Rigid,605855,605855,605893,0,38,38,completed,1
2616,Rigid,605855,605855,605890,0,35,35,completed,1
2617,Rigid,605855,605855,605890,0,35,35,completed,1
2618,Rigid,605855,605855,605893,0,38,38,completed,1
2619,Rigid,605855,605855,605890,0,35,35,completed,1
2620,Rigid,605855,605855,605882,0,27,27,completed,1
2621,Rigid,605855,605855,605883,0,28,28,completed,1
2622,Rigid,605855,605855,605890,0,35,35,completed,1
2623,Rigid,605855,605855,605882,0,27,27,completed,1
2624,Rigid,605855,605855,605882,0,27,27,completed,1
2625,Rigid,605855,605855,605882,0,27,27,completed,1
2626,Rigid,605855,605855,605882,0,27,27,completed,1
2627,Rigid,605855,605855,605882,0,27,27,completed,1
2628,Rigid,605855,605855,605882,0,27,27,completed,1
2629,Rigid,605855,605855,605890,0,35,35,completed,1
2630,Rigid,605855,605855,605882,0,27,27,completed,1
2631,Rigid,605855,605855,605882,0,27,27,completed,1
2632,Rigid,605855,605855,605882,0,27,27,completed,1
2633,Rigid,605855,605859,605919,4,60,64,completed,1
2634,Rigid,605855,605859,605916,4,57,61,completed,1
2635,Rigid,605855,605859,605915,4,56,60,completed,1
2636,Rigid,605856,605859,605917,3,58,61,completed,1
2637,Rigid,605856,605859,605919,3,60,63,completed,1
2638,Rigid,605856,605859,605920,3,61,64,completed,1
2639,Rigid,605856,605859,605916,3,57,60,completed,1
2640,Rigid,605856,605859,605917,3,58,61,completed,1
2641,Rigid,605856,605859,605919,3,60,63,completed,1
2642,Rigid,605856,605859,605915,3,56,59,completed,1
2643,Rigid,605856,605859,605916,3,57,60,completed,1
2644,Rigid,605856,605859,605918,3,59,62,completed,1
2645,Rigid,605856,605859,605915,3,56,59,completed,1
2646,Rigid,605856,605859,605916,3,57,60,completed,1
2647,Rigid,605856,605859,605918,3,59,62,completed,1
2648,Rigid,605856,605859,605919,3,60,63,completed,1
2649,Rigid,605856,605859,605915,3,56,59,completed,1
2650,Rigid,605856,605859,605917,3,58,61,completed,1
2651,Rigid,605856,605859,605916,3,57,60,completed,1
2652,Rigid,605857,605859,605918,2,59,61,completed,1
2653,Rigid,605857,605859,605916,2,57,59,completed,1
2654,Rigid,605857,605859,605917,2,58,60,completed,1
2655,Rigid,605857,605859,605916,2,57,59,completed,1
2656,Rigid,605857,605859,605915,2,56,58,completed,1
2657,Rigid,605857,605859,605915,2,56,58,completed,1
2658,Rigid,605857,605859,605915,2,56,58,completed,1
2659,Rigid,605857,605859,605915,2,56,58,completed,1
2660,Rigid,605857,605859,605918,2,59,61,completed,1
2661,Rigid,605857,605859,605915,2,56,58,completed,1
2662,Rigid,605857,605859,605915,2,56,58,completed,1
2663,Rigid,605857,605859,605916,2,57,59,completed,1
2664,Rigid,605857,605859,605915,2,56,58,completed,1
2665,Rigid,605857,605859,605915,2,56,58,completed,1
2666,Rigid,605857,605859,605916,2,57,59,completed,1
2667,Rigid,605857,605859,605915,2,56,58,completed,1
2668,Rigid,605857,605859,605917,2,58,60,completed,1
2669,Rigid,605857,605859,605915,2,56,58,completed,1
2670,Rigid,605857,605859,605919,2,60,62,completed,1
2671,Rigid,605857,605859,605915,2,56,58,completed,1
2672,Rigid,605857,605859,605915,2,56,58,completed,1
2673,Rigid,605857,605859,605916,2,57,59,completed,1
2674,Rigid,605857,605859,605915,2,56,58,completed,1
2675,Rigid,605857,605859,605915,2,56,58,completed,1
2676,Rigid,605891,605891,605939,0,48,48,completed,1
2677,Rigid,605892,605892,605942,0,50,50,completed,1
2678,Rigid,605892,605892,605937,0,45,45,completed,1
2679,Rigid,605892,605892,605938,0,46,46,completed,1
2680,Rigid,605892,605892,605938,0,46,46,completed,1
2681,Rigid,605892,605892,605938,0,46,46,completed,1
2682,Rigid,605892,605892,605937,0,45,45,completed,1
2683,Rigid,605893,605893,605938,0,45,45,completed,1
2684,Rigid,605893,605893,605937,0,44,44,completed,1
2685,Rigid,605893,605893,605936,0,43,43,completed,1
2686,Rigid,605893,605893,605938,0,45,45,completed,1
2687,Rigid,605893,605894,605945,1,51,52,completed,1
2688,Rigid,605894,605894,605937,0,43,43,completed,1
2689,Rigid,605894,605894,605939,0,45,45,completed,1
2690,Rigid,605894,605894,605937,0,43,43,completed,1
2691,Rigid,605894,605894,605941,0,47,47,completed,1
2692,Rigid,605894,605894,605937,0,43,43,completed,1
2693,Rigid,605894,605894,605939,0,45,45,completed,1
2694,Rigid,605894,605894,605941,0,47,47,completed,1
2695,Rigid,605894,605894,605948,0,54,54,completed,1
2696,Rigid,605897,605899,605946,2,47,49,completed,1
2697,Rigid,605897,605899,605947,2,48,50,completed,1
2698,Rigid,605898,605899,605948,1,49,50,completed,1
2699,Rigid,605898,605899,605948,1,49,50,completed,1
2700,Rigid,605899,605899,605948,0,49,49,completed,1
2701,Rigid,605899,605899,605947,0,48,48,completed,1
2702,Rigid,605899,605899,605945,0,46,46,completed,1
2703,Rigid,605899,605900,605945,1,45,46,completed,1
2704,Rigid,605899,605900,605946,1,46,47,completed,1
2705,Rigid,605899,605900,605948,1,48,49,completed,1
2706,Rigid,605899,605900,605945,1,45,46,completed,1
2707,Rigid,605899,605900,605947,1,47,48,completed,1
2708,Rigid,605899,605900,605947,1,47,48,completed,1
2709,Rigid,605899,605900,605949,1,49,50,completed,1
2710,Rigid,605899,605900,605945,1,45,46,completed,1
2711,Rigid,605900,605900,605947,0,47,47,completed,1
2712,Rigid,605900,605900,605947,0,47,47,completed,1
2713,Rigid,605900,605900,605948,0,48,48,completed,1
2714,Rigid,605900,605900,605948,0,48,48,completed,1
2715,Rigid,605900,605900,605947,0,47,47,completed,1
2716,Rigid,605900,605900,605947,0,47,47,completed,1
2717,Rigid,605900,605900,605948,0,48,48,completed,1
2718,Rigid,605900,605902,605949,2,47,49,completed,1
2719,Rigid,605901,605902,605944,1,42,43,completed,1
2720,Rigid,605901,605902,605948,1,46,47,completed,1
2721,Rigid,605901,605902,605947,1,45,46,completed,1
2722,Rigid,605901,605902,605945,1,43,44,completed,1
2723,Rigid,605901,605902,605947,1,45,46,completed,1
2724,Rigid,605901,605902,605946,1,44,45,completed,1
2725,Rigid,605901,605902,605948,1,46,47,completed,1
2726,Rigid,605901,605902,605949,1,47,48,completed,1
2727,Rigid,605901,605902,605945,1,43,44,completed,1
2728,Rigid,605901,605902,605945,1,43,44,completed,1
2729,Rigid,605902,605902,605947,0,45,45,completed,1
2730,Rigid,605902,605902,605946,0,44,44,completed,1
2731,Rigid,605902,605902,605939,0,37,37,completed,1
2732,Rigid,605902,605902,605941,0,39,39,completed,1
2733,Rigid,605902,605902,605939,0,37,37,completed,1
2734,Rigid,605902,605902,605938,0,36,36,completed,1
2735,Rigid,605902,605902,605939,0,37,37,completed,1
2736,Rigid,605902,605902,605941,0,39,39,completed,1
2737,Rigid,605902,605902,605939,0,37,37,completed,1
2738,Rigid,605902,605902,605939,0,37,37,completed,1
2739,Rigid,605903,605904,605939,1,35,36,completed,1
2740,Rigid,605903,605904,605938,1,34,35,completed,1
2741,Rigid,605903,605904,605947,1,43,44,completed,1
2742,Rigid,605903,605904,605936,1,32,33,completed,1
2743,Rigid,605903,605904,605936,1,32,33,completed,1
2744,Rigid,605923,605923,605971,0,48,48,completed,1
2745,Rigid,605923,605923,605972,0,49,49,completed,1
2746,Rigid,605924,605927,605972,3,45,48,completed,1
2747,Rigid,605924,605927,605972,3,45,48,completed,1
2748,Rigid,605924,605927,605972,3,45,48,completed,1
2749,Rigid,605924,605927,605971,3,44,47,completed,1
2750,Rigid,605924,605927,605971,3,44,47,completed,1
2751,Rigid,605924,605927,605971,3,44,47,completed,1
2752,Rigid,605924,605927,605971,3,44,47,completed,1
2753,Rigid,605924,605927,605970,3,43,46,completed,1
2754,Rigid,605924,605927,605972,3,45,48,completed,1
2755,Rigid,605924,605927,605970,3,43,46,completed,1
2756,Rigid,605925,605927,605970,2,43,45,completed,1
2757,Rigid,605925,605927,605971,2,44,46,completed,1
2758,Rigid,605925,605927,605970,2,43,45,completed,1
2759,Rigid,605925,605927,605972,2,45,47,completed,1
2760,Rigid,605925,605927,605970,2,43,45,completed,1
2761,Rigid,605925,605927,605973,2,46,48,completed,1
2762,Rigid,605925,605927,605972,2,45,47,completed,1
2763,Rigid,605925,605927,605971,2,44,46,completed,1
2764,Rigid,605925,605927,605971,2,44,46,completed,1
2765,Rigid,605925,605927,605972,2,45,47,completed,1
2766,Rigid,605926,605927,605975,1,48,49,completed,1
2767,Rigid,605926,605927,605971,1,44,45,completed,1
2768,Rigid,605926,605927,605972,1,45,46,completed,1
2769,Rigid,605926,605927,605970,1,43,44,completed,1
2770,Rigid,605926,605927,605971,1,44,45,completed,1
2771,Rigid,605926,605927,605972,1,45,46,completed,1
2772,Rigid,605926,605927,605972,1,45,46,completed,1
2773,Rigid,605926,605927,605971,1,44,45,completed,1
2774,Rigid,605927,605927,605971,0,44,44,completed,1
2775,Rigid,605927,605927,605970,0,43,43,completed,1
2776,Rigid,605927,605927,605972,0,45,45,completed,1
2777,Rigid,605927,605927,605965,0,38,38,completed,1
2778,Rigid,605927,605927,605966,0,39,39,completed,1
2779,Rigid,605927,605927,605965,0,38,38,completed,1
2780,Rigid,605927,605927,605965,0,38,38,completed,1
2781,Rigid,605927,605927,605965,0,38,38,completed,1
2782,Rigid,605928,605928,605966,0,38,38,completed,1
2783,Rigid,605928,605928,605966,0,38,38,completed,1
2784,Rigid,605928,605928,605972,0,44,44,completed,1
2785,Rigid,605928,605928,605965,0,37,37,completed,1
2786,Rigid,605928,605928,605965,0,37,37,completed,1
2787,Rigid,605928,605928,605966,0,38,38,completed,1
2788,Rigid,605928,605928,605967,0,39,39,completed,1
2789,Rigid,605928,605928,605965,0,37,37,completed,1
2790,Rigid,605928,605928,605967,0,39,39,completed,1
2791,Rigid,605928,605928,605972,0,44,44,completed,1
2792,Rigid,605928,605928,605966,0,38,38,completed,1
2793,Rigid,605928,605929,605965,1,36,37,completed,1
2794,Rigid,605928,605929,605965,1,36,37,completed,1
2795,Rigid,605928,605929,605965,1,36,37,completed,1
2796,Rigid,605929,605931,605965,2,34,36,completed,1
2797,Rigid,605929,605931,605965,2,34,36,completed,1
2798,Rigid,605929,605931,605965,2,34,36,completed,1
2799,Rigid,605929,605931,605965,2,34,36,completed,1
2800,Rigid,606001,606002,606051,1,49,50,completed,1
2801,Rigid,606001,606002,606055,1,53,54,completed,1
2802,Rigid,606001,606002,606052,1,50,51,completed,1
2803,Rigid,606001,606002,606052,1,50,51,completed,1
2804,Rigid,606001,606002,606052,1,50,51,completed,1
2805,Rigid,606001,606002,606054,1,52,53,completed,1
2806,Rigid,606001,606002,606053,1,51,52,completed,1
2807,Rigid,606001,606002,606051,1,49,50,completed,1
2808,Rigid,606001,606002,606052,1,50,51,completed,1
2809,Rigid,606001,606002,606051,1,49,50,completed,1
2810,Rigid,606001,606002,606051,1,49,50,completed,1
2811,Rigid,606001,606002,606051,1,49,50,completed,1
2812,Rigid,606001,606002,606052,1,50,51,completed,1
2813,Rigid,606001,606002,606054,1,52,53,completed,1
2814,Rigid,606001,606002,606051,1,49,50,completed,1
2815,Rigid,606001,606002,606052,1,50,51,completed,1
2816,Rigid,606001,606002,606051,1,49,50,completed,1
2817,Rigid,606002,606002,606052,0,50,50,completed,1
2818,Rigid,606002,606002,606054,0,52,52,completed,1
2819,Rigid,606002,606002,606051,0,49,49,completed,1
2820,Rigid,606002,606006,606052,4,46,50,completed,1
2821,Rigid,606002,606006,606052,4,46,50,completed,1
2822,Rigid,606002,606006,606052,4,46,50,completed,1
2823,Rigid,606002,606006,606052,4,46,50,completed,1
2824,Rigid,606002,606006,606056,4,50,54,completed,1
2825,Rigid,606002,606006,606052,4,46,50,completed,1
2826,Rigid,606002,606006,606051,4,45,49,completed,1
2827,Rigid,606002,606006,606051,4,45,49,completed,1
2828,Rigid,606002,606006,606055,4,49,53,completed,1
2829,Rigid,606002,606006,606051,4,45,49,completed,1
2830,Rigid,606002,606006,606052,4,46,50,completed,1
2831,Rigid,606002,606006,606055,4,49,53,completed,1
2832,Rigid,606002,606006,606056,4,50,54,completed,1
2833,Rigid,606002,606006,606054,4,48,52,completed,1
2834,Rigid,606002,606006,606055,4,49,53,completed,1
2835,Rigid,606002,606006,606051,4,45,49,completed,1
2836,Rigid,606002,606006,606052,4,46,50,completed,1
2837,Rigid,606002,606006,606051,4,45,49,completed,1
2838,Rigid,606002,606006,606053,4,47,51,completed,1
2839,Rigid,606002,606006,606053,4,47,51,completed,1
2840,Rigid,606002,606006,606051,4,45,49,completed,1
2841,Rigid,606002,606006,606053,4,47,51,completed,1
2842,Rigid,606002,606006,606051,4,45,49,completed,1
2843,Rigid,606002,606006,606051,4,45,49,completed,1
2844,Rigid,606002,606006,606055,4,49,53,completed,1
2845,Rigid,606002,606006,606052,4,46,50,completed,1
2846,Rigid,606002,606006,606051,4,45,49,completed,1
2847,Rigid,606002,606006,606051,4,45,49,completed,1
2848,Rigid,606002,606006,606051,4,45,49,completed,1
2849,Rigid,606003,606006,606053,3,47,50,completed,1
2850,Rigid,606003,606006,606054,3,48,51,completed,1
2851,Rigid,606003,606006,606051,3,45,48,completed,1
2852,Rigid,606003,606006,606052,3,46,49,completed,1
2853,Rigid,606003,606006,606051,3,45,48,completed,1
2854,Rigid,606003,606006,606051,3,45,48,completed,1
2855,Rigid,606003,606006,606051,3,45,48,completed,1
2856,Rigid,606003,606006,606052,3,46,49,completed,1
2857,Rigid,606003,606006,606051,3,45,48,completed,1
2858,Rigid,606003,606006,606052,3,46,49,completed,1
2859,Rigid,606003,606006,606056,3,50,53,completed,1
2860,Rigid,606003,606006,606051,3,45,48,completed,1
2861,Rigid,606003,606006,606053,3,47,50,completed,1
2862,Rigid,606003,606006,606053,3,47,50,completed,1
2863,Rigid,606003,606006,606053,3,47,50,completed,1
2864,Rigid,606003,606006,606051,3,45,48,completed,1
2865,Rigid,606003,606006,606056,3,50,53,completed,1
2866,Rigid,606003,606006,606052,3,46,49,completed,1
2867,Rigid,606003,606006,606051,3,45,48,completed,1
2868,Rigid,606003,606006,606051,3,45,48,completed,1
2869,Rigid,606003,606006,606051,3,45,48,completed,1
2870,Rigid,606003,606006,606055,3,49,52,completed,1
2871,Rigid,606003,606006,606051,3,45,48,completed,1
2872,Rigid,606003,606006,606051,3,45,48,completed,1
2873,Rigid,606003,606006,606052,3,46,49,completed,1
2874,Rigid,606003,606006,606051,3,45,48,completed,1
2875,Rigid,606003,606006,606056,3,50,53,completed,1
2876,Rigid,606003,606006,606051,3,45,48,completed,1
2877,Rigid,606003,606006,606054,3,48,51,completed,1
2878,Rigid,606003,606006,606054,3,48,51,completed,1
2879,Rigid,606003,606006,606052,3,46,49,completed,1
2880,Rigid,606003,606006,606053,3,47,50,completed,1
2881,Rigid,606003,606006,606052,3,46,49,completed,1
2882,Rigid,606004,606006,606051,2,45,47,completed,1
2883,Rigid,606004,606006,606052,2,46,48,completed,1
2884,Rigid,606004,606006,606051,2,45,47,completed,1
2885,Rigid,606004,606006,606052,2,46,48,completed,1
2886,Rigid,606004,606006,606051,2,45,47,completed,1
2887,Rigid,606004,606006,606053,2,47,49,completed,1
2888,Rigid,606004,606006,606051,2,45,47,completed,1
2889,Rigid,606004,606006,606051,2,45,47,completed,1
2890,Rigid,606004,606006,606056,2,50,52,completed,1
2891,Rigid,606004,606006,606052,2,46,48,completed,1
2892,Rigid,606004,606006,606052,2,46,48,completed,1
2893,Rigid,606004,606006,606051,2,45,47,completed,1
2894,Rigid,606004,606006,606057,2,51,53,completed,1
2895,Rigid,606004,606006,606051,2,45,47,completed,1
2896,Rigid,606004,606006,606051,2,45,47,completed,1
2897,Rigid,606004,606006,606053,2,47,49,completed,1
2898,Rigid,606004,606006,606052,2,46,48,completed,1
2899,Rigid,606004,606006,606052,2,46,48,completed,1
2900,Rigid,606004,606006,606052,2,46,48,completed,1
2901,Rigid,606004,606006,606055,2,49,51,completed,1
2902,Rigid,606004,606006,606056,2,50,52,completed,1
2903,Rigid,606004,606006,606051,2,45,47,completed,1
2904,Rigid,606004,606006,606054,2,48,50,completed,1
2905,Rigid,606004,606006,606055,2,49,51,completed,1
2906,Rigid,606004,606006,606051,2,45,47,completed,1
2907,Rigid,606004,606006,606051,2,45,47,completed,1
2908,Rigid,606004,606006,606051,2,45,47,completed,1
2909,Rigid,606005,606006,606052,1,46,47,completed,1
2910,Rigid,606005,606006,606052,1,46,47,completed,1
2911,Rigid,606005,606006,606052,1,46,47,completed,1
2912,Rigid,606005,606006,606051,1,45,46,completed,1
2913,Rigid,606005,606006,606051,1,45,46,completed,1
2914,Rigid,606005,606006,606051,1,45,46,completed,1
2915,Rigid,606005,606006,606055,1,49,50,completed,1
2916,Rigid,606005,606006,606055,1,49,50,completed,1
2917,Rigid,606005,606006,606056,1,50,51,completed,1
2918,Rigid,606005,606006,606051,1,45,46,completed,1
2919,Rigid,606005,606006,606055,1,49,50,completed,1
2920,Rigid,606005,606006,606052,1,46,47,completed,1
2921,Rigid,606005,606006,606053,1,47,48,completed,1
2922,Rigid,606005,606006,606053,1,47,48,completed,1
2923,Rigid,606005,606006,606055,1,49,50,completed,1
2924,Rigid,606005,606006,606051,1,45,46,completed,1
2925,Rigid,606005,606006,606052,1,46,47,completed,1
2926,Rigid,606005,606006,606051,1,45,46,completed,1
2927,Rigid,606005,606006,606051,1,45,46,completed,1
2928,Rigid,606005,606006,606052,1,46,47,completed,1
2929,Rigid,606005,606006,606055,1,49,50,completed,1
2930,Rigid,606005,606006,606056,1,50,51,completed,1
2931,Rigid,606005,606006,606055,1,49,50,completed,1
2932,Rigid,606005,606006,606056,1,50,51,completed,1
2933,Rigid,606005,606006,606053,1,47,48,completed,1
2934,Rigid,606005,606006,606051,1,45,46,completed,1
2935,Rigid,606005,606006,606052,1,46,47,completed,1
2936,Rigid,606005,606006,606053,1,47,48,completed,1
2937,Rigid,606005,606006,606051,1,45,46,completed,1
2938,Rigid,606005,606006,606055,1,49,50,completed,1
2939,Rigid,606005,606006,606052,1,46,47,completed,1
2940,Rigid,606006,606010,606051,4,41,45,completed,1
2941,Rigid,606006,606010,606052,4,42,46,completed,1
2942,Rigid,606006,606010,606053,4,43,47,completed,1
2943,Rigid,606006,606010,606055,4,45,49,completed,1
2944,Rigid,606007,606010,606056,3,46,49,completed,1
2945,Rigid,606007,606010,606052,3,42,45,completed,1
2946,Rigid,606007,606010,606052,3,42,45,completed,1
2947,Rigid,606007,606010,606052,3,42,45,completed,1
2948,Rigid,606007,606010,606056,3,46,49,completed,1
2949,Rigid,606008,606010,606052,2,42,44,completed,1
2950,Rigid,606008,606010,606053,2,43,45,completed,1
2951,Rigid,606008,606010,606052,2,42,44,completed,1
2952,Rigid,606008,606010,606053,2,43,45,completed,1
2953,Rigid,606008,606010,606052,2,42,44,completed,1
2954,Rigid,606008,606010,606051,2,41,43,completed,1
2955,Rigid,606008,606010,606054,2,44,46,completed,1
2956,Rigid,606008,606010,606052,2,42,44,completed,1
2957,Rigid,606008,606010,606051,2,41,43,completed,1
2958,Rigid,606008,606010,606056,2,46,48,completed,1
2959,Rigid,606008,606010,606056,2,46,48,completed,1
2960,Rigid,606008,606010,606052,2,42,44,completed,1
2961,Rigid,606008,606010,606056,2,46,48,completed,1
2962,Rigid,606008,606010,606052,2,42,44,completed,1
2963,Rigid,606008,606010,606052,2,42,44,completed,1
2964,Rigid,606008,606010,606054,2,44,46,completed,1
2965,Rigid,606008,606010,606052,2,42,44,completed,1
2966,Rigid,606008,606010,606052,2,42,44,completed,1
2967,Rigid,606008,606010,606052,2,42,44,completed,1
2968,Rigid,606008,606010,606054,2,44,46,completed,1
2969,Rigid,606008,606010,606052,2,42,44,completed,1
2970,Rigid,606008,606010,606052,2,42,44,completed,1
2971,Rigid,606008,606010,606052,2,42,44,completed,1
2972,Rigid,606008,606010,606052,2,42,44,completed,1
2973,Rigid,606008,606010,606052,2,42,44,completed,1
2974,Rigid,606008,606010,606051,2,41,43,completed,1
2975,Rigid,606008,606010,606052,2,42,44,completed,1
2976,Rigid,606008,606010,606051,2,41,43,completed,1
2977,Rigid,606008,606010,606052,2,42,44,completed,1
2978,Rigid,606008,606010,606052,2,42,44,completed,1
2979,Rigid,606008,606010,606051,2,41,43,completed,1
2980,Rigid,606008,606010,606137,2,127,129,completed,1
2981,Rigid,606009,606010,606051,1,41,42,completed,1
2982,Rigid,606009,606010,606051,1,41,42,completed,1
2983,Rigid,606009,606010,606052,1,42,43,completed,1
2984,Rigid,606009,606010,606051,1,41,42,completed,1
2985,Rigid,606009,606010,606051,1,41,42,completed,1
2986,Rigid,606009,606010,606051,1,41,42,completed,1
2987,Rigid,606009,606010,606052,1,42,43,completed,1
2988,Rigid,606009,606010,606051,1,41,42,completed,1
2989,Rigid,606009,606010,606052,1,42,43,completed,1
2990,Rigid,606009,606010,606052,1,42,43,completed,1
2991,Rigid,606009,606010,606051,1,41,42,completed,1
2992,Rigid,606009,606010,606052,1,42,43,completed,1
2993,Rigid,606009,606010,606052,1,42,43,completed,1
2994,Rigid,606009,606010,606051,1,41,42,completed,1
2995,Rigid,606009,606010,606052,1,42,43,completed,1
2996,Rigid,606009,606010,606052,1,42,43,completed,1
2997,Rigid,606009,606010,606052,1,42,43,completed,1
2998,Rigid,606009,606010,606051,1,41,42,completed,1
2999,Rigid,606009,606010,606051,1,41,42,completed,1
3000,Rigid,606053,606053,606081,0,28,28,completed,1
3001,Rigid,606053,606053,606081,0,28,28,completed,1
3002,Rigid,606053,606053,606081,0,28,28,completed,1
3003,Rigid,606053,606053,606081,0,28,28,completed,1
3004,Rigid,606053,606053,606081,0,28,28,completed,1
3005,Rigid,606053,606053,606081,0,28,28,completed,1
3006,Rigid,606054,606054,606081,0,27,27,completed,1
3007,Rigid,606054,606054,606081,0,27,27,completed,1
3008,Rigid,606054,606054,606081,0,27,27,completed,1
3009,Rigid,606054,606054,606081,0,27,27,completed,1
3010,Rigid,606054,606054,606081,0,27,27,completed,1
3011,Rigid,606055,606055,606084,0,29,29,completed,1
3012,Rigid,606055,606055,606081,0,26,26,completed,1
3013,Rigid,606055,606055,606081,0,26,26,completed,1
3014,Rigid,606055,606055,606081,0,26,26,completed,1
3015,Rigid,606055,606055,606081,0,26,26,completed,1
3016,Rigid,606055,606055,606085,0,30,30,completed,1
3017,Rigid,606055,606055,606081,0,26,26,completed,1
3018,Rigid,606055,606055,606081,0,26,26,completed,1
3019,Rigid,606055,606055,606081,0,26,26,completed,1
3020,Rigid,606055,606055,606085,0,30,30,completed,1
3021,Rigid,606066,606066,606096,0,30,30,completed,1
3022,Rigid,606066,606066,606096,0,30,30,completed,1
3023,Rigid,606066,606066,606096,0,30,30,completed,1
3024,Rigid,606066,606066,606096,0,30,30,completed,1
3025,Rigid,606066,606066,606096,0,30,30,completed,1
3026,Rigid,606066,606066,606096,0,30,30,completed,1
3027,Rigid,606066,606070,606117,4,47,51,completed,1
3028,Rigid,606066,606070,606115,4,45,49,completed,1
3029,Rigid,606066,606070,606113,4,43,47,completed,1
3030,Rigid,606067,606070,606111,3,41,44,completed,1
3031,Rigid,606067,606070,606111,3,41,44,completed,1
3032,Rigid,606067,606070,606114,3,44,47,completed,1
3033,Rigid,606067,606070,606112,3,42,45,completed,1
3034,Rigid,606067,606070,606114,3,44,47,completed,1
3035,Rigid,606067,606070,606114,3,44,47,completed,1
3036,Rigid,606067,606070,606112,3,42,45,completed,1
3037,Rigid,606067,606070,606111,3,41,44,completed,1
3038,Rigid,606067,606070,606112,3,42,45,completed,1
3039,Rigid,606067,606070,606116,3,46,49,completed,1
3040,Rigid,606068,606070,606112,2,42,44,completed,1
3041,Rigid,606068,606070,606112,2,42,44,completed,1
3042,Rigid,606068,606070,606114,2,44,46,completed,1
3043,Rigid,606068,606070,606114,2,44,46,completed,1
3044,Rigid,606068,606070,606114,2,44,46,completed,1
3045,Rigid,606068,606070,606112,2,42,44,completed,1
3046,Rigid,606068,606070,606111,2,41,43,completed,1
3047,Rigid,606068,606070,606111,2,41,43,completed,1
3048,Rigid,606068,606070,606111,2,41,43,completed,1
3049,Rigid,606068,606070,606114,2,44,46,completed,1
3050,Rigid,606069,606070,606112,1,42,43,completed,1
3051,Rigid,606069,606070,606114,1,44,45,completed,1
3052,Rigid,606069,606070,606113,1,43,44,completed,1
3053,Rigid,606069,606070,606114,1,44,45,completed,1
3054,Rigid,606069,606070,606111,1,41,42,completed,1
3055,Rigid,606069,606070,606114,1,44,45,completed,1
3056,Rigid,606069,606070,606116,1,46,47,completed,1
3057,Rigid,606069,606070,606113,1,43,44,completed,1
3058,Rigid,606069,606070,606113,1,43,44,completed,1
3059,Rigid,606069,606070,606113,1,43,44,completed,1
3060,Rigid,606070,606070,606111,0,41,41,completed,1
3061,Rigid,606070,606070,606113,0,43,43,completed,1
3062,Rigid,606070,606070,606113,0,43,43,completed,1
3063,Rigid,606070,606074,606117,4,43,47,completed,1
3064,Rigid,606070,606074,606113,4,39,43,completed,1
3065,Rigid,606070,606074,606114,4,40,44,completed,1
3066,Rigid,606070,606074,606112,4,38,42,completed,1
3067,Rigid,606071,606074,606118,3,44,47,completed,1
3068,Rigid,606071,606074,606114,3,40,43,completed,1
3069,Rigid,606071,606074,606114,3,40,43,completed,1
3070,Rigid,606071,606074,606113,3,39,42,completed,1
3071,Rigid,606072,606074,606113,2,39,41,completed,1
3072,Rigid,606072,606074,606113,2,39,41,completed,1
3073,Rigid,606072,606074,606112,2,38,40,completed,1
3074,Rigid,606072,606074,606114,2,40,42,completed,1
3075,Rigid,606072,606074,606111,2,37,39,completed,1
3076,Rigid,606072,606074,606113,2,39,41,completed,1
3077,Rigid,606072,606074,606111,2,37,39,completed,1
3078,Rigid,606072,606074,606112,2,38,40,completed,1
3079,Rigid,606072,606074,606126,2,52,54,completed,1
3080,Rigid,606073,606074,606111,1,37,38,completed,1
3081,Rigid,606073,606074,606117,1,43,44,completed,1
3082,Rigid,606073,606074,606113,1,39,40,completed,1
3083,Rigid,606073,606074,606113,1,39,40,completed,1
3084,Rigid,606073,606074,606117,1,43,44,completed,1
3085,Rigid,606073,606074,606115,1,41,42,completed,1
3086,Rigid,606073,606074,606112,1,38,39,completed,1
3087,Rigid,606073,606074,606112,1,38,39,completed,1
3088,Rigid,606073,606074,606111,1,37,38,completed,1
3089,Rigid,606073,606074,606111,1,37,38,completed,1
3090,Rigid,606073,606074,606117,1,43,44,completed,1
3091,Rigid,606073,606074,606113,1,39,40,completed,1
3092,Rigid,606074,606074,606111,0,37,37,completed,1
3093,Rigid,606074,606074,606111,0,37,37,completed,1
3094,Rigid,606074,606074,606111,0,37,37,completed,1
3095,Rigid,606074,606074,606111,0,37,37,completed,1
3096,Rigid,606074,606074,606111,0,37,37,completed,1
3097,Rigid,606074,606078,606111,4,33,37,completed,1
3098,Rigid,606074,606078,606111,4,33,37,completed,1
3099,Rigid,606074,606078,606111,4,33,37,completed,1
3100,Rigid,606075,606078,606111,3,33,36,completed,1
3101,Rigid,606075,606078,606111,3,33,36,completed,1
3102,Rigid,606075,606078,606111,3,33,36,completed,1
3103,Rigid,606075,606078,606112,3,34,37,completed,1
3104,Rigid,606075,606078,606111,3,33,36,completed,1
3105,Rigid,606075,606078,606111,3,33,36,completed,1
3106,Rigid,606075,606078,606111,3,33,36,completed,1
3107,Rigid,606075,606078,606111,3,33,36,completed,1
3108,Rigid,606075,606078,606111,3,33,36,completed,1
3109,Rigid,606075,606078,606111,3,33,36,completed,1
3110,Rigid,606075,606078,606111,3,33,36,completed,1
3111,Rigid,606075,606078,606111,3,33,36,completed,1
3112,Rigid,606075,606078,606111,3,33,36,completed,1
3113,Rigid,606075,606078,606111,3,33,36,completed,1
3114,Rigid,606076,606078,606111,2,33,35,completed,1
3115,Rigid,606076,606078,606111,2,33,35,completed,1
3116,Rigid,606076,606078,606111,2,33,35,completed,1
3117,Rigid,606076,606078,606111,2,33,35,completed,1
3118,Rigid,606076,606078,606112,2,34,36,completed,1
3119,Rigid,606076,606078,606111,2,33,35,completed,1
3120,Rigid,606076,606078,606111,2,33,35,completed,1
3121,Rigid,606076,606078,606111,2,33,35,completed,1
3122,Rigid,606076,606078,606111,2,33,35,completed,1
3123,Rigid,606076,606078,606111,2,33,35,completed,1
3124,Rigid,606076,606078,606111,2,33,35,completed,1
3125,Rigid,606076,606078,606111,2,33,35,completed,1
3126,Rigid,606076,606078,606111,2,33,35,completed,1
3127,Rigid,606076,606078,606112,2,34,36,completed,1
3128,Rigid,606076,606078,606115,2,37,39,completed,1
3129,Rigid,606076,606078,606111,2,33,35,completed,1
3130,Rigid,606077,606078,606111,1,33,34,completed,1
3131,Rigid,606077,606078,606111,1,33,34,completed,1
3132,Rigid,606077,606078,606113,1,35,36,completed,1
3133,Rigid,606077,606078,606111,1,33,34,completed,1
3134,Rigid,606077,606078,606111,1,33,34,completed,1
3135,Rigid,606077,606078,606111,1,33,34,completed,1
3136,Rigid,606077,606078,606117,1,39,40,completed,1
3137,Rigid,606077,606078,606111,1,33,34,completed,1
3138,Rigid,606077,606078,606116,1,38,39,completed,1
3139,Rigid,606077,606078,606111,1,33,34,completed,1
3140,Rigid,606078,606078,606111,0,33,33,completed,1
3141,Rigid,606078,606082,606130,4,48,52,completed,1
3142,Rigid,606078,606082,606130,4,48,52,completed,1
3143,Rigid,606078,606082,606130,4,48,52,completed,1
3144,Rigid,606079,606082,606130,3,48,51,completed,1
3145,Rigid,606079,606082,606130,3,48,51,completed,1
3146,Rigid,606079,606082,606130,3,48,51,completed,1
3147,Rigid,606079,606082,606130,3,48,51,completed,1
3148,Rigid,606079,606082,606130,3,48,51,completed,1
3149,Rigid,606079,606082,606130,3,48,51,completed,1
3150,Rigid,606079,606082,606130,3,48,51,completed,1
3151,Rigid,606079,606082,606130,3,48,51,completed,1
3152,Rigid,606079,606082,606130,3,48,51,completed,1
3153,Rigid,606079,606082,606130,3,48,51,completed,1
3154,Rigid,606079,606082,606130,3,48,51,completed,1
3155,Rigid,606079,606082,606130,3,48,51,completed,1
3156,Rigid,606079,606082,606130,3,48,51,completed,1
3157,Rigid,606079,606082,606130,3,48,51,completed,1
3158,Rigid,606079,606082,606130,3,48,51,completed,1
3159,Rigid,606157,606157,606209,0,52,52,completed,1
3160,Rigid,606157,606157,606211,0,54,54,completed,1
3161,Rigid,606157,606162,606208,5,46,51,completed,1
3162,Rigid,606158,606162,606208,4,46,50,completed,1
3163,Rigid,606158,606162,606210,4,48,52,completed,1
3164,Rigid,606158,606162,606208,4,46,50,completed,1
3165,Rigid,606158,606162,606208,4,46,50,completed,1
3166,Rigid,606158,606162,606210,4,48,52,completed,1
3167,Rigid,606158,606162,606210,4,48,52,completed,1
3168,Rigid,606158,606162,606210,4,48,52,completed,1
3169,Rigid,606158,606162,606208,4,46,50,completed,1
3170,Rigid,606158,606162,606208,4,46,50,completed,1
3171,Rigid,606158,606162,606208,4,46,50,completed,1
3172,Rigid,606159,606162,606211,3,49,52,completed,1
3173,Rigid,606159,606162,606208,3,46,49,completed,1
3174,Rigid,606159,606162,606211,3,49,52,completed,1
3175,Rigid,606159,606162,606211,3,49,52,completed,1
3176,Rigid,606159,606162,606208,3,46,49,completed,1
3177,Rigid,606159,606162,606208,3,46,49,completed,1
3178,Rigid,606159,606162,606209,3,47,50,completed,1
3179,Rigid,606159,606162,606211,3,49,52,completed,1
3180,Rigid,606159,606162,606208,3,46,49,completed,1
3181,Rigid,606159,606162,606208,3,46,49,completed,1
3182,Rigid,606159,606162,606210,3,48,51,completed,1
3183,Rigid,606159,606162,606211,3,49,52,completed,1
3184,Rigid,606159,606162,606208,3,46,49,completed,1
3185,Rigid,606159,606162,606208,3,46,49,completed,1
3186,Rigid,606159,606162,606211,3,49,52,completed,1
3187,Rigid,606159,606162,606210,3,48,51,completed,1
3188,Rigid,606159,606162,606211,3,49,52,completed,1
3189,Rigid,606159,606162,606208,3,46,49,completed,1
3190,Rigid,606159,606162,606211,3,49,52,completed,1
3191,Rigid,606159,606162,606210,3,48,51,completed,1
3192,Rigid,606159,606162,606208,3,46,49,completed,1
3193,Rigid,606159,606162,606210,3,48,51,completed,1
3194,Rigid,606159,606162,606210,3,48,51,completed,1
3195,Rigid,606160,606162,606210,2,48,50,completed,1
3196,Rigid,606160,606162,606208,2,46,48,completed,1
3197,Rigid,606160,606162,606212,2,50,52,completed,1
3198,Rigid,606160,606162,606208,2,46,48,completed,1
3199,Rigid,606160,606162,606209,2,47,49,completed,1
3200,Rigid,606160,606162,606208,2,46,48,completed,1
3201,Rigid,606160,606162,606215,2,53,55,completed,1
3202,Rigid,606160,606162,606208,2,46,48,completed,1
3203,Rigid,606160,606162,606211,2,49,51,completed,1
3204,Rigid,606160,606162,606209,2,47,49,completed,1
3205,Rigid,606160,606162,606208,2,46,48,completed,1
3206,Rigid,606160,606162,606213,2,51,53,completed,1
3207,Rigid,606160,606162,606208,2,46,48,completed,1
3208,Rigid,606160,606162,606210,2,48,50,completed,1
3209,Rigid,606160,606162,606208,2,46,48,completed,1
3210,Rigid,606160,606162,606208,2,46,48,completed,1
3211,Rigid,606161,606162,606209,1,47,48,completed,1
3212,Rigid,606161,606162,606210,1,48,49,completed,1
3213,Rigid,606161,606162,606209,1,47,48,completed,1
3214,Rigid,606161,606162,606210,1,48,49,completed,1
3215,Rigid,606161,606162,606209,1,47,48,completed,1
3216,Rigid,606161,606162,606209,1,47,48,completed,1
3217,Rigid,606161,606162,606208,1,46,47,completed,1
3218,Rigid,606161,606162,606209,1,47,48,completed,1
3219,Rigid,606162,606166,606210,4,44,48,completed,1
3220,Rigid,606162,606166,606208,4,42,46,completed,1
3221,Rigid,606162,606166,606210,4,44,48,completed,1
3222,Rigid,606162,606166,606209,4,43,47,completed,1
3223,Rigid,606162,606166,606208,4,42,46,completed,1
3224,Rigid,606162,606166,606210,4,44,48,completed,1
3225,Rigid,606162,606166,606210,4,44,48,completed,1
3226,Rigid,606163,606166,606210,3,44,47,completed,1
3227,Rigid,606163,606166,606209,3,43,46,completed,1
3228,Rigid,606163,606166,606208,3,42,45,completed,1
3229,Rigid,606163,606166,606210,3,44,47,completed,1
3230,Rigid,606163,606166,606210,3,44,47,completed,1
3231,Rigid,606163,606166,606209,3,43,46,completed,1
3232,Rigid,606163,606166,606210,3,44,47,completed,1
3233,Rigid,606163,606166,606209,3,43,46,completed,1
3234,Rigid,606163,606166,606211,3,45,48,completed,1
3235,Rigid,606163,606166,606210,3,44,47,completed,1
3236,Rigid,606163,606166,606209,3,43,46,completed,1
3237,Rigid,606163,606166,606208,3,42,45,completed,1
3238,Rigid,606164,606166,606208,2,42,44,completed,1
3239,Rigid,606164,606166,606211,2,45,47,completed,1
3240,Rigid,606164,606166,606208,2,42,44,completed,1
3241,Rigid,606164,606166,606211,2,45,47,completed,1
3242,Rigid,606164,606166,606208,2,42,44,completed,1
3243,Rigid,606164,606166,606209,2,43,45,completed,1
3244,Rigid,606164,606166,606209,2,43,45,completed,1
3245,Rigid,606164,606166,606208,2,42,44,completed,1
3246,Rigid,606164,606166,606210,2,44,46,completed,1
3247,Rigid,606164,606166,606210,2,44,46,completed,1
3248,Rigid,606164,606166,606211,2,45,47,completed,1
3249,Rigid,606164,606166,606211,2,45,47,completed,1
3250,Rigid,606164,606166,606209,2,43,45,completed,1
3251,Rigid,606164,606166,606210,2,44,46,completed,1
3252,Rigid,606164,606166,606209,2,43,45,completed,1
3253,Rigid,606164,606166,606209,2,43,45,completed,1
3254,Rigid,606164,606166,606208,2,42,44,completed,1
3255,Rigid,606164,606166,606209,2,43,45,completed,1
3256,Rigid,606164,606166,606209,2,43,45,completed,1
3257,Rigid,606164,606166,606209,2,43,45,completed,1
3258,Rigid,606164,606166,606208,2,42,44,completed,1
3259,Rigid,606164,606166,606210,2,44,46,completed,1
3260,Rigid,606164,606166,606213,2,47,49,completed,1
3261,Rigid,606164,606166,606209,2,43,45,completed,1
3262,Rigid,606164,606166,606211,2,45,47,completed,1
3263,Rigid,606165,606166,606209,1,43,44,completed,1
3264,Rigid,606165,606166,606212,1,46,47,completed,1
3265,Rigid,606165,606166,606211,1,45,46,completed,1
3266,Rigid,606165,606166,606209,1,43,44,completed,1
3267,Rigid,606165,606166,606208,1,42,43,completed,1
3268,Rigid,606165,606166,606208,1,42,43,completed,1
3269,Rigid,606165,606166,606208,1,42,43,completed,1
3270,Rigid,606165,606166,606208,1,42,43,completed,1
3271,Rigid,606165,606166,606208,1,42,43,completed,1
3272,Rigid,606165,606166,606208,1,42,43,completed,1
3273,Rigid,606165,606166,606208,1,42,43,completed,1
3274,Rigid,606165,606166,606208,1,42,43,completed,1
3275,Rigid,606165,606166,606209,1,43,44,completed,1
3276,Rigid,606166,606166,606208,0,42,42,completed,1
3277,Rigid,606166,606170,606211,4,41,45,completed,1
3278,Rigid,606166,606170,606211,4,41,45,completed,1
3279,Rigid,606166,606170,606217,4,47,51,completed,1
3280,Rigid,606166,606170,606213,4,43,47,completed,1
3281,Rigid,606166,606170,606209,4,39,43,completed,1
3282,Rigid,606166,606170,606213,4,43,47,completed,1
3283,Rigid,606166,606170,606213,4,43,47,completed,1
3284,Rigid,606166,606170,606216,4,46,50,completed,1
3285,Rigid,606166,606170,606214,4,44,48,completed,1
3286,Rigid,606167,606170,606221,3,51,54,completed,1
3287,Rigid,606167,606170,606216,3,46,49,completed,1
3288,Rigid,606167,606170,606209,3,39,42,completed,1
3289,Rigid,606167,606170,606213,3,43,46,completed,1
3290,Rigid,606167,606170,606214,3,44,47,completed,1
3291,Rigid,606167,606170,606214,3,44,47,completed,1
3292,Rigid,606167,606170,606213,3,43,46,completed,1
3293,Rigid,606167,606170,606213,3,43,46,completed,1
3294,Rigid,606168,606170,606214,2,44,46,completed,1
3295,Rigid,606168,606170,606214,2,44,46,completed,1
3296,Rigid,606168,606170,606211,2,41,43,completed,1
3297,Rigid,606168,606170,606212,2,42,44,completed,1
3298,Rigid,606168,606170,606213,2,43,45,completed,1
3299,Rigid,606168,606170,606213,2,43,45,completed,1
3300,Rigid,606168,606170,606214,2,44,46,completed,1
3301,Rigid,606168,606170,606213,2,43,45,completed,1
3302,Rigid,606168,606170,606214,2,44,46,completed,1
3303,Rigid,606168,606170,606212,2,42,44,completed,1
3304,Rigid,606168,606170,606213,2,43,45,completed,1
3305,Rigid,606168,606170,606214,2,44,46,completed,1
3306,Rigid,606168,606170,606212,2,42,44,completed,1
3307,Rigid,606168,606170,606210,2,40,42,completed,1
3308,Rigid,606168,606170,606212,2,42,44,completed,1
3309,Rigid,606168,606170,606214,2,44,46,completed,1
3310,Rigid,606168,606170,606213,2,43,45,completed,1
3311,Rigid,606169,606170,606212,1,42,43,completed,1
3312,Rigid,606169,606170,606212,1,42,43,completed,1
3313,Rigid,606169,606170,606210,1,40,41,completed,1
3314,Rigid,606169,606170,606212,1,42,43,completed,1
3315,Rigid,606169,606170,606213,1,43,44,completed,1
3316,Rigid,606169,606170,606208,1,38,39,completed,1
3317,Rigid,606169,606170,606213,1,43,44,completed,1
3318,Rigid,606169,606170,606210,1,40,41,completed,1
3319,Rigid,606169,606170,606214,1,44,45,completed,1
3320,Rigid,606169,606170,606211,1,41,42,completed,1
3321,Rigid,606169,606170,606210,1,40,41,completed,1
3322,Rigid,606169,606170,606211,1,41,42,completed,1
3323,Rigid,606169,606170,606214,1,44,45,completed,1
3324,Rigid,606169,606170,606213,1,43,44,completed,1
3325,Rigid,606169,606170,606212,1,42,43,completed,1
3326,Rigid,606169,606170,606212,1,42,43,completed,1
3327,Rigid,606170,606170,606213,0,43,43,completed,1
3328,Rigid,606170,606170,606211,0,41,41,completed,1
3329,Rigid,606170,606170,606212,0,42,42,completed,1
3330,Rigid,606170,606170,606212,0,42,42,completed,1
3331,Rigid,606170,606170,606210,0,40,40,completed,1
3332,Rigid,606170,606170,606213,0,43,43,completed,1
3333,Rigid,606170,606174,606227,4,53,57,completed,1
3334,Rigid,606170,606174,606227,4,53,57,completed,1
3335,Rigid,606170,606174,606227,4,53,57,completed,1
3336,Rigid,606170,606174,606227,4,53,57,completed,1
3337,Rigid,606170,606174,606227,4,53,57,completed,1
3338,Rigid,606171,606174,606227,3,53,56,completed,1
3339,Rigid,606171,606174,606236,3,62,65,completed,1
3340,Rigid,606171,606174,606238,3,64,67,completed,1
3341,Rigid,606171,606174,606237,3,63,66,completed,1
3342,Rigid,606171,606174,606238,3,64,67,completed,1
3343,Rigid,606171,606174,606235,3,61,64,completed,1
3344,Rigid,606171,606174,606237,3,63,66,completed,1
3345,Rigid,606171,606174,606236,3,62,65,completed,1
3346,Rigid,606171,606174,606238,3,64,67,completed,1
3347,Rigid,606171,606174,606247,3,73,76,completed,1
3348,Rigid,606172,606174,606238,2,64,66,completed,1
3349,Rigid,606172,606174,606235,2,61,63,completed,1
3350,Rigid,606172,606174,606238,2,64,66,completed,1
3351,Rigid,606172,606174,606235,2,61,63,completed,1
3352,Rigid,606172,606174,606238,2,64,66,completed,1
3353,Rigid,606172,606174,606235,2,61,63,completed,1
3354,Rigid,606172,606174,606237,2,63,65,completed,1
3355,Rigid,606172,606174,606253,2,79,81,completed,1
3356,Rigid,606172,606174,606238,2,64,66,completed,1
3357,Rigid,606172,606174,606235,2,61,63,completed,1
3358,Rigid,606172,606174,606235,2,61,63,completed,1
3359,Rigid,606213,606213,606253,0,40,40,completed,1
3360,Rigid,606213,606213,606250,0,37,37,completed,1
3361,Rigid,606213,606213,606253,0,40,40,completed,1
3362,Rigid,606213,606213,606250,0,37,37,completed,1
3363,Rigid,606213,606213,606253,0,40,40,completed,1
3364,Rigid,606213,606213,606253,0,40,40,completed,1
3365,Rigid,606213,606213,606250,0,37,37,completed,1
3366,Rigid,606213,606213,606257,0,44,44,completed,1
3367,Rigid,606213,606213,606250,0,37,37,completed,1
3368,Rigid,606214,606214,606250,0,36,36,completed,1
3369,Rigid,606214,606214,606253,0,39,39,completed,1
3370,Rigid,606214,606214,606253,0,39,39,completed,1
3371,Rigid,606214,606214,606254,0,40,40,completed,1
3372,Rigid,606214,606214,606253,0,39,39,completed,1
3373,Rigid,606214,606214,606254,0,40,40,completed,1
3374,Rigid,606214,606214,606253,0,39,39,completed,1
3375,Rigid,606214,606214,606253,0,39,39,completed,1
3376,Rigid,606215,606215,606246,0,31,31,completed,1
3377,Rigid,606215,606215,606246,0,31,31,completed,1
3378,Rigid,606215,606215,606246,0,31,31,completed,1
3379,Rigid,606215,606215,606246,0,31,31,completed,1
3380,Rigid,606215,606215,606246,0,31,31,completed,1
3381,Rigid,606215,606215,606247,0,32,32,completed,1
3382,Rigid,606215,606215,606246,0,31,31,completed,1
3383,Rigid,606215,606215,606246,0,31,31,completed,1
3384,Rigid,606215,606215,606247,0,32,32,completed,1
3385,Rigid,606215,606215,606246,0,31,31,completed,1
3386,Rigid,606215,606215,606247,0,32,32,completed,1
3387,Rigid,606216,606216,606248,0,32,32,completed,1
3388,Rigid,606216,606216,606247,0,31,31,completed,1
3389,Rigid,606216,606216,606249,0,33,33,completed,1
3390,Rigid,606216,606216,606247,0,31,31,completed,1
3391,Rigid,606216,606216,606248,0,32,32,completed,1
3392,Rigid,606216,606216,606246,0,30,30,completed,1
3393,Rigid,606216,606216,606247,0,31,31,completed,1
3394,Rigid,606217,606217,606256,0,39,39,completed,1
3395,Rigid,606217,606217,606255,0,38,38,completed,1
3396,Rigid,606217,606217,606256,0,39,39,completed,1
3397,Rigid,606217,606217,606257,0,40,40,completed,1
3398,Rigid,606217,606217,606259,0,42,42,completed,1
3399,Rigid,606217,606217,606257,0,40,40,completed,1
3400,Rigid,606217,606217,606258,0,41,41,completed,1
3401,Rigid,606217,606217,606256,0,39,39,completed,1
3402,Rigid,606217,606217,606257,0,40,40,completed,1
3403,Rigid,606217,606217,606257,0,40,40,completed,1
3404,Rigid,606218,606218,606255,0,37,37,completed,1
3405,Rigid,606218,606218,606257,0,39,39,completed,1
3406,Rigid,606218,606218,606257,0,39,39,completed,1
3407,Rigid,606218,606218,606257,0,39,39,completed,1
3408,Rigid,606218,606221,606258,3,37,40,completed,1
3409,Rigid,606218,606221,606258,3,37,40,completed,1
3410,Rigid,606218,606221,606255,3,34,37,completed,1
3411,Rigid,606218,606221,606258,3,37,40,completed,1
3412,Rigid,606218,606221,606257,3,36,39,completed,1
3413,Rigid,606218,606221,606257,3,36,39,completed,1
3414,Rigid,606219,606221,606257,2,36,38,completed,1
3415,Rigid,606219,606221,606257,2,36,38,completed,1
3416,Rigid,606219,606221,606257,2,36,38,completed,1
3417,Rigid,606219,606221,606257,2,36,38,completed,1
3418,Rigid,606219,606221,606257,2,36,38,completed,1
3419,Rigid,606219,606221,606257,2,36,38,completed,1
3420,Rigid,606219,606221,606255,2,34,36,completed,1
3421,Rigid,606219,606221,606257,2,36,38,completed,1
3422,Rigid,606219,606221,606257,2,36,38,completed,1
3423,Rigid,606219,606221,606256,2,35,37,completed,1
3424,Rigid,606220,606221,606258,1,37,38,completed,1
3425,Rigid,606220,606221,606257,1,36,37,completed,1
3426,Rigid,606220,606221,606257,1,36,37,completed,1
3427,Rigid,606220,606221,606255,1,34,35,completed,1
3428,Rigid,606220,606221,606257,1,36,37,completed,1
3429,Rigid,606220,606221,606246,1,25,26,completed,1
3430,Rigid,606220,606221,606247,1,26,27,completed,1
3431,Rigid,606220,606221,606247,1,26,27,completed,1
3432,Rigid,606220,606221,606248,1,27,28,completed,1
3433,Rigid,606220,606221,606246,1,25,26,completed,1
3434,Rigid,606223,606225,606264,2,39,41,completed,1
3435,Rigid,606223,606225,606264,2,39,41,completed,1
3436,Rigid,606223,606225,606265,2,40,42,completed,1
3437,Rigid,606223,606225,606263,2,38,40,completed,1
3438,Rigid,606224,606225,606266,1,41,42,completed,1
3439,Rigid,606224,606225,606264,1,39,40,completed,1
3440,Rigid,606224,606225,606264,1,39,40,completed,1
3441,Rigid,606224,606225,606264,1,39,40,completed,1
3442,Rigid,606224,606225,606263,1,38,39,completed,1
3443,Rigid,606224,606225,606263,1,38,39,completed,1
3444,Rigid,606224,606225,606264,1,39,40,completed,1
3445,Rigid,606224,606225,606263,1,38,39,completed,1
3446,Rigid,606224,606225,606264,1,39,40,completed,1
3447,Rigid,606224,606225,606264,1,39,40,completed,1
3448,Rigid,606225,606225,606264,0,39,39,completed,1
3449,Rigid,606225,606225,606263,0,38,38,completed,1
3450,Rigid,606225,606225,606263,0,38,38,completed,1
3451,Rigid,606225,606225,606263,0,38,38,completed,1
3452,Rigid,606225,606225,606258,0,33,33,completed,1
3453,Rigid,606225,606225,606255,0,30,30,completed,1
3454,Rigid,606225,606225,606256,0,31,31,completed,1
3455,Rigid,606225,606225,606257,0,32,32,completed,1
3456,Rigid,606225,606225,606256,0,31,31,completed,1
3457,Rigid,606225,606225,606255,0,30,30,completed,1
3458,Rigid,606226,606228,606281,2,53,55,completed,1
3459,Rigid,606226,606228,606281,2,53,55,completed,1
3460,Rigid,606226,606228,606283,2,55,57,completed,1
3461,Rigid,606226,606228,606284,2,56,58,completed,1
3462,Rigid,606226,606228,606280,2,52,54,completed,1
3463,Rigid,606226,606228,606281,2,53,55,completed,1
3464,Rigid,606226,606228,606279,2,51,53,completed,1
3465,Rigid,606226,606228,606283,2,55,57,completed,1
3466,Rigid,606226,606228,606278,2,50,52,completed,1
3467,Rigid,606226,606228,606280,2,52,54,completed,1
3468,Rigid,606227,606228,606280,1,52,53,completed,1
3469,Rigid,606227,606228,606280,1,52,53,completed,1
3470,Rigid,606227,606228,606280,1,52,53,completed,1
3471,Rigid,606227,606228,606279,1,51,52,completed,1
3472,Rigid,606227,606228,606280,1,52,53,completed,1
3473,Rigid,606227,606228,606278,1,50,51,completed,1
3474,Rigid,606227,606228,606280,1,52,53,completed,1
3475,Rigid,606227,606228,606278,1,50,51,completed,1
3476,Rigid,606227,606228,606287,1,59,60,completed,1
3477,Rigid,606227,606228,606455,1,227,228,completed,1
3478,Rigid,606228,606228,606289,0,61,61,completed,1
3479,Rigid,606228,606228,606286,0,58,58,completed,1
3480,Rigid,606228,606228,606287,0,59,59,completed,1
3481,Rigid,606228,606228,606288,0,60,60,completed,1
3482,Rigid,606228,606228,606289,0,61,61,completed,1
3483,Rigid,606228,606228,606288,0,60,60,completed,1
3484,Rigid,606228,606228,606292,0,64,64,completed,1
3485,Rigid,606228,606228,606285,0,57,57,completed,1
3486,Rigid,606229,606229,606286,0,57,57,completed,1
3487,Rigid,606229,606229,606284,0,55,55,completed,1
3488,Rigid,606229,606229,606288,0,59,59,completed,1
3489,Rigid,606229,606229,606287,0,58,58,completed,1
3490,Rigid,606229,606229,606284,0,55,55,completed,1
3491,Rigid,606229,606229,606288,0,59,59,completed,1
3492,Rigid,606229,606229,606287,0,58,58,completed,1
3493,Rigid,606229,606229,606284,0,55,55,completed,1
3494,Rigid,606229,606233,606287,4,54,58,completed,1
3495,Rigid,606230,606233,606284,3,51,54,completed,1
3496,Rigid,606230,606233,606285,3,52,55,completed,1
3497,Rigid,606230,606233,606288,3,55,58,completed,1
3498,Rigid,606230,606233,606288,3,55,58,completed,1
3499,Rigid,606230,606233,606283,3,50,53,completed,1
3500,Rigid,606230,606233,606286,3,53,56,completed,1
3501,Rigid,606230,606233,606283,3,50,53,completed,1
3502,Rigid,606230,606233,606286,3,53,56,completed,1
3503,Rigid,606230,606233,606289,3,56,59,completed,1
3504,Rigid,606230,606233,606292,3,59,62,completed,1
3505,Rigid,606230,606233,606288,3,55,58,completed,1
3506,Rigid,606230,606233,606287,3,54,57,completed,1
3507,Rigid,606230,606233,606288,3,55,58,completed,1
3508,Rigid,606231,606233,606289,2,56,58,completed,1
3509,Rigid,606231,606233,606287,2,54,56,completed,1
3510,Rigid,606231,606233,606285,2,52,54,completed,1
3511,Rigid,606231,606233,606286,2,53,55,completed,1
3512,Rigid,606231,606233,606288,2,55,57,completed,1
3513,Rigid,606231,606233,606273,2,40,42,completed,1
3514,Rigid,606232,606233,606273,1,40,41,completed,1
3515,Rigid,606232,606233,606273,1,40,41,completed,1
3516,Rigid,606232,606233,606275,1,42,43,completed,1
3517,Rigid,606232,606233,606273,1,40,41,completed,1
3518,Rigid,606232,606233,606273,1,40,41,completed,1
3519,Rigid,606232,606233,606274,1,41,42,completed,1
3520,Rigid,606233,606233,606274,0,41,41,completed,1
3521,Rigid,606233,606233,606275,0,42,42,completed,1
3522,Rigid,606233,606233,606273,0,40,40,completed,1
3523,Rigid,606233,606233,606274,0,41,41,completed,1
3524,Rigid,606233,606233,606283,0,50,50,completed,1
3525,Rigid,606233,606233,606273,0,40,40,completed,1
3526,Rigid,606233,606233,606273,0,40,40,completed,1
3527,Rigid,606233,606233,606275,0,42,42,completed,1
3528,Rigid,606249,606249,606291,0,42,42,completed,1
3529,Rigid,606249,606249,606293,0,44,44,completed,1
3530,Rigid,606249,606249,606292,0,43,43,completed,1
3531,Rigid,606249,606249,606291,0,42,42,completed,1
3532,Rigid,606249,606249,606292,0,43,43,completed,1
3533,Rigid,606257,606257,606300,0,43,43,completed,1
3534,Rigid,606257,606257,606302,0,45,45,completed,1
3535,Rigid,606257,606257,606300,0,43,43,completed,1
3536,Rigid,606257,606257,606303,0,46,46,completed,1
3537,Rigid,606258,606258,606302,0,44,44,completed,1
3538,Rigid,606258,606258,606302,0,44,44,completed,1
3539,Rigid,606258,606258,606303,0,45,45,completed,1
3540,Rigid,606258,606258,606300,0,42,42,completed,1
3541,Rigid,606258,606258,606301,0,43,43,completed,1
3542,Rigid,606258,606258,606306,0,48,48,completed,1
3543,Rigid,606258,606258,606304,0,46,46,completed,1
3544,Rigid,606258,606258,606323,0,65,65,completed,1
3545,Rigid,606258,606258,606301,0,43,43,completed,1
3546,Rigid,606258,606259,606302,1,43,44,completed,1
3547,Rigid,606259,606259,606303,0,44,44,completed,1
3548,Rigid,606259,606259,606300,0,41,41,completed,1
3549,Rigid,606259,606260,606316,1,56,57,completed,1
3550,Rigid,606259,606260,606329,1,69,70,completed,1
3551,Rigid,606259,606260,606302,1,42,43,completed,1
3552,Rigid,606259,606260,606303,1,43,44,completed,1
3553,Rigid,606259,606260,606301,1,41,42,completed,1
3554,Rigid,606260,606260,606304,0,44,44,completed,1
3555,Rigid,606260,606260,606303,0,43,43,completed,1
3556,Rigid,606260,606260,606304,0,44,44,completed,1
3557,Rigid,606260,606260,606302,0,42,42,completed,1
3558,Rigid,606260,606260,606303,0,43,43,completed,1
3559,Rigid,606260,606260,606300,0,40,40,completed,1
3560,Rigid,606260,606261,606303,1,42,43,completed,1
3561,Rigid,606260,606261,606303,1,42,43,completed,1
3562,Rigid,606260,606261,606303,1,42,43,completed,1
3563,Rigid,606260,606261,606303,1,42,43,completed,1
3564,Rigid,606274,606275,606331,1,56,57,completed,1
3565,Rigid,606274,606275,606330,1,55,56,completed,1
3566,Rigid,606274,606275,606334,1,59,60,completed,1
3567,Rigid,606275,606275,606331,0,56,56,completed,1
3568,Rigid,606275,606276,606331,1,55,56,completed,1
3569,Rigid,606275,606276,606332,1,56,57,completed,1
3570,Rigid,606276,606276,606340,0,64,64,completed,1
3571,Rigid,606276,606276,606333,0,57,57,completed,1
3572,Rigid,606276,606276,606330,0,54,54,completed,1
3573,Rigid,606276,606276,606335,0,59,59,completed,1
3574,Rigid,606276,606276,606331,0,55,55,completed,1
3575,Rigid,606276,606276,606331,0,55,55,completed,1
3576,Rigid,606276,606276,606329,0,53,53,completed,1
3577,Rigid,606276,606278,606329,2,51,53,completed,1
3578,Rigid,606277,606278,606332,1,54,55,completed,1
3579,Rigid,606277,606278,606333,1,55,56,completed,1
3580,Rigid,606277,606278,606329,1,51,52,completed,1
3581,Rigid,606277,606278,606329,1,51,52,completed,1
3582,Rigid,606277,606278,606327,1,49,50,completed,1
3583,Rigid,606277,606278,606329,1,51,52,completed,1
3584,Rigid,606277,606278,606331,1,53,54,completed,1
3585,Rigid,606277,606278,606329,1,51,52,completed,1
3586,Rigid,606277,606278,606329,1,51,52,completed,1
3587,Rigid,606277,606278,606335,1,57,58,completed,1
3588,Rigid,606277,606278,606332,1,54,55,completed,1
3589,Rigid,606278,606278,606333,0,55,55,completed,1
3590,Rigid,606278,606278,606324,0,46,46,completed,1
3591,Rigid,606278,606279,606334,1,55,56,completed,1
3592,Rigid,606278,606279,606330,1,51,52,completed,1
3593,Rigid,606278,606279,606332,1,53,54,completed,1
3594,Rigid,606278,606279,606331,1,52,53,completed,1
3595,Rigid,606278,606279,606322,1,43,44,completed,1
3596,Rigid,606278,606279,606319,1,40,41,completed,1
3597,Rigid,606278,606279,606319,1,40,41,completed,1
3598,Rigid,606278,606279,606323,1,44,45,completed,1
3599,Rigid,606278,606279,606322,1,43,44,completed,1
3600,Rigid,606278,606279,606323,1,44,45,completed,1
3601,Rigid,606278,606279,606319,1,40,41,completed,1
3602,Rigid,606278,606279,606319,1,40,41,completed,1
3603,Rigid,606278,606279,606336,1,57,58,completed,1
3604,Rigid,606279,606279,606330,0,51,51,completed,1
3605,Rigid,606279,606279,606334,0,55,55,completed,1
3606,Rigid,606279,606279,606332,0,53,53,completed,1
3607,Rigid,606279,606279,606329,0,50,50,completed,1
3608,Rigid,606279,606279,606335,0,56,56,completed,1
3609,Rigid,606279,606279,606332,0,53,53,completed,1
3610,Rigid,606279,606279,606335,0,56,56,completed,1
3611,Rigid,606279,606280,606333,1,53,54,completed,1
3612,Rigid,606279,606280,606333,1,53,54,completed,1
3613,Rigid,606279,606279,606798,0,519,519,completed,72
3614,Rigid,606280,606280,606331,0,51,51,completed,1
3615,Rigid,606280,606280,606336,0,56,56,completed,1
3616,Rigid,606280,606280,606333,0,53,53,completed,1
3617,Rigid,606280,606280,606329,0,49,49,completed,1
3618,Rigid,606280,606280,606337,0,57,57,completed,1
3619,Rigid,606280,606280,606332,0,52,52,completed,1
3620,Rigid,606280,606280,606333,0,53,53,completed,1
3621,Rigid,606280,606281,606334,1,53,54,completed,1
3622,Rigid,606280,606281,606332,1,51,52,completed,1
3623,Rigid,606280,606281,606335,1,54,55,completed,1
3624,Rigid,606280,606281,606332,1,51,52,completed,1
3625,Rigid,606280,606281,606334,1,53,54,completed,1
3626,Rigid,606281,606281,606334,0,53,53,completed,1
3627,Rigid,606281,606281,606331,0,50,50,completed,1
3628,Rigid,606281,606281,606329,0,48,48,completed,1
3629,Rigid,606281,606281,606333,0,52,52,completed,1
3630,Rigid,606281,606281,606329,0,48,48,completed,1
3631,Rigid,606281,606281,606332,0,51,51,completed,1
3632,Rigid,606281,606281,606335,0,54,54,completed,1
3633,Rigid,606281,606281,606335,0,54,54,completed,1
3634,Rigid,606281,606282,606332,1,50,51,completed,1
3635,Rigid,606282,606282,606330,0,48,48,completed,1
3636,Rigid,606282,606282,606333,0,51,51,completed,1
3637,Rigid,606282,606282,606330,0,48,48,completed,1
3638,Rigid,606282,606282,606335,0,53,53,completed,1
3639,Rigid,606282,606284,606336,2,52,54,completed,1
3640,Rigid,606282,606284,606331,2,47,49,completed,1
3641,Rigid,606282,606284,606334,2,50,52,completed,1
3642,Rigid,606282,606284,606331,2,47,49,completed,1
3643,Rigid,606282,606284,606333,2,49,51,completed,1
3644,Rigid,606283,606284,606334,1,50,51,completed,1
3645,Rigid,606283,606284,606333,1,49,50,completed,1
3646,Rigid,606283,606284,606334,1,50,51,completed,1
3647,Rigid,606283,606284,606334,1,50,51,completed,1
3648,Rigid,606283,606284,606335,1,51,52,completed,1
3649,Rigid,606283,606284,606333,1,49,50,completed,1
3650,Rigid,606283,606284,606333,1,49,50,completed,1
3651,Rigid,606283,606284,606333,1,49,50,completed,1
3652,Rigid,606283,606284,606336,1,52,53,completed,1
3653,Rigid,606283,606284,606334,1,50,51,completed,1
3654,Rigid,606283,606284,606331,1,47,48,completed,1
3655,Rigid,606283,606284,606329,1,45,46,completed,1
3656,Rigid,606284,606284,606332,0,48,48,completed,1
3657,Rigid,606284,606284,606334,0,50,50,completed,1
3658,Rigid,606284,606284,606334,0,50,50,completed,1
3659,Rigid,606284,606284,606335,0,51,51,completed,1
3660,Rigid,606284,606284,606335,0,51,51,completed,1
3661,Rigid,606284,606284,606334,0,50,50,completed,1
3662,Rigid,606284,606285,606335,1,50,51,completed,1
3663,Rigid,606284,606285,606338,1,53,54,completed,1
3664,Rigid,606284,606285,606331,1,46,47,completed,1
3665,Rigid,606284,606285,606331,1,46,47,completed,1
3666,Rigid,606285,606285,606333,0,48,48,completed,1
3667,Rigid,606285,606285,606333,0,48,48,completed,1
3668,Rigid,606285,606285,606333,0,48,48,completed,1
3669,Rigid,606285,606285,606334,0,49,49,completed,1
3670,Rigid,606285,606285,606338,0,53,53,completed,1
3671,Rigid,606285,606285,606331,0,46,46,completed,1
3672,Rigid,606285,606285,606333,0,48,48,completed,1
3673,Rigid,606285,606285,606333,0,48,48,completed,1
3674,Rigid,606285,606286,606333,1,47,48,completed,1
3675,Rigid,606286,606286,606331,0,45,45,completed,1
3676,Rigid,606286,606286,606322,0,36,36,completed,1
3677,Rigid,606286,606286,606329,0,43,43,completed,1
3678,Rigid,606286,606286,606331,0,45,45,completed,1
3679,Rigid,606286,606286,606329,0,43,43,completed,1
3680,Rigid,606286,606286,606325,0,39,39,completed,1
3681,Rigid,606287,606287,606324,0,37,37,completed,1
3682,Rigid,606287,606288,606340,1,52,53,completed,1
3683,Rigid,606287,606288,606330,1,42,43,completed,1
3684,Rigid,606287,606288,606329,1,41,42,completed,1
3685,Rigid,606288,606288,606329,0,41,41,completed,1
3686,Rigid,606288,606288,606329,0,41,41,completed,1
3687,Rigid,606288,606288,606330,0,42,42,completed,1
3688,Rigid,606289,606289,606329,0,40,40,completed,1
3689,Rigid,606289,606289,606329,0,40,40,completed,1
3690,Rigid,606289,606289,606329,0,40,40,completed,1
3691,Rigid,606289,606289,606324,0,35,35,completed,1
3692,Rigid,606289,606289,606329,0,40,40,completed,1
3693,Rigid,606289,606289,606330,0,41,41,completed,1
3694,Rigid,606289,606289,606329,0,40,40,completed,1
3695,Rigid,606289,606289,606330,0,41,41,completed,1
3696,Rigid,606289,606289,606329,0,40,40,completed,1
3697,Rigid,606289,606289,606323,0,34,34,completed,1
3698,Rigid,606289,606290,606329,1,39,40,completed,1
3699,Rigid,606290,606290,606329,0,39,39,completed,1
3700,Rigid,606290,606290,606331,0,41,41,completed,1
3701,Rigid,606290,606290,606330,0,40,40,completed,1
3702,Rigid,606290,606290,606322,0,32,32,completed,1
3703,Rigid,606290,606290,606322,0,32,32,completed,1
3704,Rigid,606290,606290,606322,0,32,32,completed,1
3705,Rigid,606290,606290,606330,0,40,40,completed,1
3706,Rigid,606290,606290,606322,0,32,32,completed,1
3707,Rigid,606290,606290,606322,0,32,32,completed,1
3708,Rigid,606290,606292,606350,2,58,60,completed,1
3709,Rigid,606290,606292,606350,2,58,60,completed,1
3710,Rigid,606290,606292,606350,2,58,60,completed,1
3711,Rigid,606290,606292,606350,2,58,60,completed,1
3712,Rigid,606301,606301,778370,0,172069,172069,completed,360
3713,Rigid,606314,606315,606369,1,54,55,completed,1
3714,Rigid,606315,606317,606362,2,45,47,completed,1
3715,Rigid,606315,606317,606365,2,48,50,completed,1
3716,Rigid,606315,606317,606364,2,47,49,completed,1
3717,Rigid,606315,606317,606365,2,48,50,completed,1
3718,Rigid,606315,606317,606371,2,54,56,completed,1
3719,Rigid,606316,606317,606366,1,49,50,completed,1
3720,Rigid,606316,606317,606368,1,51,52,completed,1
3721,Rigid,606316,606317,606365,1,48,49,completed,1
3722,Rigid,606316,606317,606365,1,48,49,completed,1
3723,Rigid,606316,606317,606368,1,51,52,completed,1
3724,Rigid,606316,606317,606365,1,48,49,completed,1
3725,Rigid,606317,606317,606368,0,51,51,completed,1
3726,Rigid,606317,606317,606371,0,54,54,completed,1
3727,Rigid,606317,606317,606362,0,45,45,completed,1
3728,Rigid,606317,606317,606365,0,48,48,completed,1
3729,Rigid,606317,606317,606363,0,46,46,completed,1
3730,Rigid,606317,606317,606371,0,54,54,completed,1
3731,Rigid,606317,606317,606363,0,46,46,completed,1
3732,Rigid,606317,606317,606371,0,54,54,completed,1
3733,Rigid,606317,606319,606369,2,50,52,completed,1
3734,Rigid,606317,606319,606371,2,52,54,completed,1
3735,Rigid,606317,606319,606368,2,49,51,completed,1
3736,Rigid,606318,606319,606379,1,60,61,completed,1
3737,Rigid,606318,606319,606366,1,47,48,completed,1
3738,Rigid,606318,606319,606366,1,47,48,completed,1
3739,Rigid,606318,606319,606364,1,45,46,completed,1
3740,Rigid,606318,606319,606365,1,46,47,completed,1
3741,Rigid,606318,606319,606371,1,52,53,completed,1
3742,Rigid,606318,606319,606368,1,49,50,completed,1
3743,Rigid,606318,606319,606352,1,33,34,completed,1
3744,Rigid,606318,606319,606352,1,33,34,completed,1
3745,Rigid,606318,606319,606352,1,33,34,completed,1
3746,Rigid,606318,606319,606352,1,33,34,completed,1
3747,Rigid,606318,606319,606352,1,33,34,completed,1
3748,Rigid,606318,606319,606352,1,33,34,completed,1
3749,Rigid,606318,606319,606352,1,33,34,completed,1
3750,Rigid,606319,606319,606352,0,33,33,completed,1
3751,Rigid,606319,606319,606353,0,34,34,completed,1
3752,Rigid,606319,606319,606353,0,34,34,completed,1
3753,Rigid,606319,606319,606351,0,32,32,completed,1
3754,Rigid,606319,606320,606353,1,33,34,completed,1
3755,Rigid,606319,606320,606354,1,34,35,completed,1
3756,Rigid,606319,606320,606353,1,33,34,completed,1
3757,Rigid,606319,606320,606353,1,33,34,completed,1
3758,Rigid,606320,606320,606354,0,34,34,completed,1
3759,Rigid,606320,606320,606354,0,34,34,completed,1
3760,Rigid,606320,606320,606350,0,30,30,completed,1
3761,Rigid,606320,606320,606350,0,30,30,completed,1
3762,Rigid,606320,606320,606350,0,30,30,completed,1
3763,Rigid,606334,606334,606379,0,45,45,completed,1
3764,Rigid,606334,606334,606379,0,45,45,completed,1
3765,Rigid,606334,606334,606379,0,45,45,completed,1
3766,Rigid,606334,606334,606379,0,45,45,completed,1
3767,Rigid,606334,606334,606380,0,46,46,completed,1
3768,Rigid,606334,606335,606379,1,44,45,completed,1
3769,Rigid,606335,606335,606389,0,54,54,completed,1
3770,Rigid,606335,606335,606389,0,54,54,completed,1
3771,Rigid,606335,606335,606392,0,57,57,completed,1
3772,Rigid,606335,606335,606390,0,55,55,completed,1
3773,Rigid,606335,606335,606389,0,54,54,completed,1
3774,Rigid,606335,606335,606391,0,56,56,completed,1
3775,Rigid,606335,606335,606390,0,55,55,completed,1
3776,Rigid,606336,606336,606388,0,52,52,completed,1
3777,Rigid,606336,606336,606389,0,53,53,completed,1
3778,Rigid,606336,606336,606393,0,57,57,completed,1
3779,Rigid,606336,606336,606390,0,54,54,completed,1
3780,Rigid,606336,606336,606390,0,54,54,completed,1
3781,Rigid,606336,606336,606390,0,54,54,completed,1
3782,Rigid,606336,606336,606391,0,55,55,completed,1
3783,Rigid,606336,606336,606390,0,54,54,completed,1
3784,Rigid,606336,606336,606390,0,54,54,completed,1
3785,Rigid,606336,606336,606388,0,52,52,completed,1
3786,Rigid,606336,606337,606388,1,51,52,completed,1
3787,Rigid,606337,606337,606391,0,54,54,completed,1
3788,Rigid,606337,606337,606388,0,51,51,completed,1
3789,Rigid,606337,606337,606392,0,55,55,completed,1
3790,Rigid,606337,606337,606392,0,55,55,completed,1
3791,Rigid,606337,606337,606392,0,55,55,completed,1
3792,Rigid,606337,606337,606388,0,51,51,completed,1
3793,Rigid,606337,606337,606393,0,56,56,completed,1
3794,Rigid,606337,606337,606388,0,51,51,completed,1
3795,Rigid,606337,606337,606391,0,54,54,completed,1
3796,Rigid,606337,606338,606391,1,53,54,completed,1
3797,Rigid,606338,606338,606393,0,55,55,completed,1
3798,Rigid,606338,606338,606391,0,53,53,completed,1
3799,Rigid,606338,606338,606388,0,50,50,completed,1
3800,Rigid,606338,606338,606387,0,49,49,completed,1
3801,Rigid,606338,606338,606387,0,49,49,completed,1
3802,Rigid,606338,606338,606388,0,50,50,completed,1
3803,Rigid,606338,606338,606389,0,51,51,completed,1
3804,Rigid,606338,606338,606389,0,51,51,completed,1
3805,Rigid,606338,606338,606390,0,52,52,completed,1
3806,Rigid,606338,606339,606392,1,53,54,completed,1
3807,Rigid,606339,606339,606391,0,52,52,completed,1
3808,Rigid,606339,606339,606390,0,51,51,completed,1
3809,Rigid,606339,606339,606389,0,50,50,completed,1
3810,Rigid,606339,606339,606389,0,50,50,completed,1
3811,Rigid,606339,606339,606392,0,53,53,completed,1
3812,Rigid,606339,606339,606391,0,52,52,completed,1
3813,Rigid,606339,606340,606392,1,52,53,completed,1
3814,Rigid,606339,606340,606395,1,55,56,completed,1
3815,Rigid,606339,606340,606388,1,48,49,completed,1
3816,Rigid,606340,606341,606390,1,49,50,completed,1
3817,Rigid,606340,606341,606391,1,50,51,completed,1
3818,Rigid,606340,606341,606390,1,49,50,completed,1
3819,Rigid,606340,606341,606389,1,48,49,completed,1
3820,Rigid,606340,606341,606389,1,48,49,completed,1
3821,Rigid,606340,606341,606395,1,54,55,completed,1
3822,Rigid,606340,606342,606388,2,46,48,completed,1
3823,Rigid,606340,606342,606388,2,46,48,completed,1
3824,Rigid,606340,606342,606390,2,48,50,completed,1
3825,Rigid,606340,606342,606388,2,46,48,completed,1
3826,Rigid,606341,606342,606389,1,47,48,completed,1
3827,Rigid,606341,606342,606391,1,49,50,completed,1
3828,Rigid,606341,606342,606393,1,51,52,completed,1
3829,Rigid,606341,606342,606391,1,49,50,completed,1
3830,Rigid,606341,606342,606391,1,49,50,completed,1
3831,Rigid,606341,606342,606394,1,52,53,completed,1
3832,Rigid,606341,606342,606390,1,48,49,completed,1
3833,Rigid,606341,606342,606391,1,49,50,completed,1
3834,Rigid,606341,606342,606393,1,51,52,completed,1
3835,Rigid,606341,606342,606394,1,52,53,completed,1
3836,Rigid,606342,606342,606389,0,47,47,completed,1
3837,Rigid,606342,606342,606393,0,51,51,completed,1
3838,Rigid,606342,606343,606393,1,50,51,completed,1
3839,Rigid,606342,606343,606391,1,48,49,completed,1
3840,Rigid,606342,606343,606391,1,48,49,completed,1
3841,Rigid,606342,606343,606392,1,49,50,completed,1
3842,Rigid,606342,606343,606393,1,50,51,completed,1
3843,Rigid,606342,606343,606393,1,50,51,completed,1
3844,Rigid,606342,606343,606393,1,50,51,completed,1
3845,Rigid,606342,606343,606393,1,50,51,completed,1
3846,Rigid,606343,606343,606392,0,49,49,completed,1
3847,Rigid,606343,606343,606393,0,50,50,completed,1
3848,Rigid,606343,606343,606393,0,50,50,completed,1
3849,Rigid,606343,606343,606389,0,46,46,completed,1
3850,Rigid,606343,606343,606393,0,50,50,completed,1
3851,Rigid,606343,606343,606393,0,50,50,completed,1
3852,Rigid,606343,606343,606392,0,49,49,completed,1
3853,Rigid,606343,606343,606390,0,47,47,completed,1
3854,Rigid,606343,606343,606394,0,51,51,completed,1
3855,Rigid,606343,606343,606392,0,49,49,completed,1
3856,Rigid,606344,606344,606392,0,48,48,completed,1
3857,Rigid,606344,606344,606393,0,49,49,completed,1
3858,Rigid,606344,606344,606395,0,51,51,completed,1
3859,Rigid,606344,606346,606392,2,46,48,completed,1
3860,Rigid,606344,606346,606390,2,44,46,completed,1
3861,Rigid,606344,606346,606400,2,54,56,completed,1
3862,Rigid,606344,606346,606389,2,43,45,completed,1
3863,Rigid,606344,606346,606393,2,47,49,completed,1
3864,Rigid,606345,606346,606394,1,48,49,completed,1
3865,Rigid,606345,606346,606391,1,45,46,completed,1
3866,Rigid,606345,606346,606379,1,33,34,completed,1
3867,Rigid,606345,606346,606379,1,33,34,completed,1
3868,Rigid,606345,606346,606379,1,33,34,completed,1
3869,Rigid,606346,606346,606382,0,36,36,completed,1
3870,Rigid,606346,606346,606380,0,34,34,completed,1
3871,Rigid,606346,606346,606380,0,34,34,completed,1
3872,Rigid,606346,606346,606380,0,34,34,completed,1
3873,Rigid,606346,606346,606390,0,44,44,completed,1
3874,Rigid,606346,606346,606380,0,34,34,completed,1
3875,Rigid,606346,606346,606380,0,34,34,completed,1
3876,Rigid,606346,606346,606380,0,34,34,completed,1
3877,Rigid,606346,606350,606389,4,39,43,completed,1
3878,Rigid,606346,606350,606391,4,41,45,completed,1
3879,Rigid,606346,606350,606391,4,41,45,completed,1
3880,Rigid,606346,606350,606388,4,38,42,completed,1
3881,Rigid,606347,606350,606388,3,38,41,completed,1
3882,Rigid,606347,606350,606391,3,41,44,completed,1
3883,Rigid,606347,606350,606388,3,38,41,completed,1
3884,Rigid,606347,606350,606388,3,38,41,completed,1
3885,Rigid,606347,606350,606390,3,40,43,completed,1
3886,Rigid,606347,606350,606391,3,41,44,completed,1
3887,Rigid,606347,606350,606388,3,38,41,completed,1
3888,Rigid,606347,606350,606396,3,46,49,completed,1
3889,Rigid,606347,606350,606391,3,41,44,completed,1
3890,Rigid,606347,606350,606391,3,41,44,completed,1
3891,Rigid,606347,606350,606389,3,39,42,completed,1
3892,Rigid,606347,606350,606390,3,40,43,completed,1
3893,Rigid,606347,606350,606395,3,45,48,completed,1
3894,Rigid,606347,606350,606390,3,40,43,completed,1
3895,Rigid,606347,606350,606389,3,39,42,completed,1
3896,Rigid,606348,606350,606390,2,40,42,completed,1
3897,Rigid,606348,606350,606391,2,41,43,completed,1
3898,Rigid,606348,606350,606391,2,41,43,completed,1
3899,Rigid,606348,606350,606388,2,38,40,completed,1
3900,Rigid,606348,606350,606388,2,38,40,completed,1
3901,Rigid,606348,606350,606388,2,38,40,completed,1
3902,Rigid,606348,606350,606390,2,40,42,completed,1
3903,Rigid,606348,606350,606394,2,44,46,completed,1
3904,Rigid,606348,606350,606391,2,41,43,completed,1
3905,Rigid,606374,606375,606417,1,42,43,completed,1
3906,Rigid,606374,606375,606417,1,42,43,completed,1
3907,Rigid,606374,606375,606417,1,42,43,completed,1
3908,Rigid,606375,606375,606417,0,42,42,completed,1
3909,Rigid,606375,606377,606417,2,40,42,completed,1
3910,Rigid,606375,606377,606417,2,40,42,completed,1
3911,Rigid,606375,606377,606417,2,40,42,completed,1
3912,Rigid,606375,606377,606417,2,40,42,completed,1
3913,Rigid,606376,606377,606417,1,40,41,completed,1
3914,Rigid,606376,606377,606417,1,40,41,completed,1
3915,Rigid,606376,606377,606417,1,40,41,completed,1
3916,Rigid,606376,606377,606417,1,40,41,completed,1
3917,Rigid,606376,606377,606417,1,40,41,completed,1
3918,Rigid,606376,606377,606418,1,41,42,completed,1
3919,Rigid,606376,606377,606417,1,40,41,completed,1
3920,Rigid,606376,606377,606417,1,40,41,completed,1
3921,Rigid,606377,606377,606418,0,41,41,completed,1
3922,Rigid,606377,606377,606417,0,40,40,completed,1
3923,Rigid,606377,606379,606417,2,38,40,completed,1
3924,Rigid,606377,606379,606418,2,39,41,completed,1
3925,Rigid,606377,606379,606417,2,38,40,completed,1
3926,Rigid,606494,606494,606542,0,48,48,completed,1
3927,Rigid,606494,606494,606542,0,48,48,completed,1
3928,Rigid,606494,606494,606542,0,48,48,completed,1
3929,Rigid,606494,606494,606542,0,48,48,completed,1
3930,Rigid,606494,606498,606542,4,44,48,completed,1
3931,Rigid,606494,606498,606542,4,44,48,completed,1
3932,Rigid,606494,606498,606550,4,52,56,completed,1
3933,Rigid,606494,606498,606543,4,45,49,completed,1
3934,Rigid,606495,606498,606543,3,45,48,completed,1
3935,Rigid,606495,606498,606542,3,44,47,completed,1
3936,Rigid,606495,606498,606544,3,46,49,completed,1
3937,Rigid,606495,606498,606543,3,45,48,completed,1
3938,Rigid,606495,606498,606547,3,49,52,completed,1
3939,Rigid,606495,606498,606542,3,44,47,completed,1
3940,Rigid,606495,606498,606543,3,45,48,completed,1
3941,Rigid,606495,606498,606544,3,46,49,completed,1
3942,Rigid,606495,606498,606543,3,45,48,completed,1
3943,Rigid,606495,606498,606542,3,44,47,completed,1
3944,Rigid,606495,606498,606543,3,45,48,completed,1
3945,Rigid,606496,606498,606544,2,46,48,completed,1
3946,Rigid,606496,606498,606543,2,45,47,completed,1
3947,Rigid,606496,606498,606542,2,44,46,completed,1
3948,Rigid,606496,606498,606550,2,52,54,completed,1
3949,Rigid,606496,606498,606542,2,44,46,completed,1
3950,Rigid,606496,606498,606542,2,44,46,completed,1
3951,Rigid,606496,606498,606542,2,44,46,completed,1
3952,Rigid,606496,606498,606544,2,46,48,completed,1
3953,Rigid,606496,606498,606542,2,44,46,completed,1
3954,Rigid,606496,606498,606547,2,49,51,completed,1
3955,Rigid,606496,606498,606543,2,45,47,completed,1
3956,Rigid,606496,606498,606543,2,45,47,completed,1
3957,Rigid,606496,606498,606544,2,46,48,completed,1
3958,Rigid,606496,606498,606544,2,46,48,completed,1
3959,Rigid,606497,606498,606546,1,48,49,completed,1
3960,Rigid,606497,606498,606543,1,45,46,completed,1
3961,Rigid,606497,606498,606544,1,46,47,completed,1
3962,Rigid,606497,606498,606544,1,46,47,completed,1
3963,Rigid,606497,606498,606544,1,46,47,completed,1
3964,Rigid,606497,606498,606544,1,46,47,completed,1
3965,Rigid,606497,606498,606544,1,46,47,completed,1
3966,Rigid,606497,606498,606544,1,46,47,completed,1
3967,Rigid,606497,606498,606546,1,48,49,completed,1
3968,Rigid,606497,606498,606546,1,48,49,completed,1
3969,Rigid,606497,606498,606544,1,46,47,completed,1
3970,Rigid,606497,606498,606544,1,46,47,completed,1
3971,Rigid,606497,606498,606544,1,46,47,completed,1
3972,Rigid,606497,606498,606544,1,46,47,completed,1
3973,Rigid,606497,606498,606544,1,46,47,completed,1
3974,Rigid,606497,606498,606544,1,46,47,completed,1
3975,Rigid,606497,606498,606544,1,46,47,completed,1
3976,Rigid,606497,606498,606544,1,46,47,completed,1
3977,Rigid,606497,606498,606544,1,46,47,completed,1
3978,Rigid,606497,606498,606544,1,46,47,completed,1
3979,Rigid,606497,606498,606544,1,46,47,completed,1
3980,Rigid,606498,606498,606544,0,46,46,completed,1
3981,Rigid,606498,606498,606544,0,46,46,completed,1
3982,Rigid,606498,606498,606545,0,47,47,completed,1
3983,Rigid,606498,606498,606544,0,46,46,completed,1
3984,Rigid,606498,606498,606544,0,46,46,completed,1
3985,Rigid,606498,606498,606544,0,46,46,completed,1
3986,Rigid,606498,606498,606544,0,46,46,completed,1
3987,Rigid,606498,606498,606544,0,46,46,completed,1
3988,Rigid,606498,606498,606544,0,46,46,completed,1
3989,Rigid,606498,606498,606544,0,46,46,completed,1
3990,Rigid,606498,606498,606545,0,47,47,completed,1
3991,Rigid,606498,606498,606542,0,44,44,completed,1
3992,Rigid,606498,606498,606542,0,44,44,completed,1
3993,Rigid,606498,606498,606544,0,46,46,completed,1
3994,Rigid,606498,606498,606546,0,48,48,completed,1
3995,Rigid,606498,606498,606544,0,46,46,completed,1
3996,Rigid,606498,606498,606544,0,46,46,completed,1
3997,Rigid,606498,606498,606544,0,46,46,completed,1
3998,Rigid,606498,606498,606544,0,46,46,completed,1
3999,Rigid,606498,606498,606544,0,46,46,completed,1
4000,Rigid,606498,606498,606544,0,46,46,completed,1
4001,Rigid,606498,606498,606542,0,44,44,completed,1
4002,Rigid,606498,606498,606542,0,44,44,completed,1
4003,Rigid,606498,606498,606542,0,44,44,completed,1
4004,Rigid,606498,606498,606542,0,44,44,completed,1
4005,Rigid,606498,606498,606544,0,46,46,completed,1
4006,Rigid,606498,606498,606542,0,44,44,completed,1
4007,Rigid,606498,606498,606542,0,44,44,completed,1
4008,Rigid,606498,606498,606544,0,46,46,completed,1
4009,Rigid,606498,606498,606544,0,46,46,completed,1
4010,Rigid,606498,606498,606546,0,48,48,completed,1
4011,Rigid,606498,606498,606542,0,44,44,completed,1
4012,Rigid,606498,606498,606544,0,46,46,completed,1
4013,Rigid,606498,606498,606544,0,46,46,completed,1
4014,Rigid,606498,606498,606544,0,46,46,completed,1
4015,Rigid,606498,606498,606544,0,46,46,completed,1
4016,Rigid,606498,606502,606544,4,42,46,completed,1
4017,Rigid,606499,606502,606548,3,46,49,completed,1
4018,Rigid,606499,606502,606551,3,49,52,completed,1
4019,Rigid,606499,606502,606545,3,43,46,completed,1
4020,Rigid,606499,606502,606544,3,42,45,completed,1
4021,Rigid,606499,606502,606546,3,44,47,completed,1
4022,Rigid,606499,606502,606546,3,44,47,completed,1
4023,Rigid,606499,606502,606544,3,42,45,completed,1
4024,Rigid,606499,606502,606545,3,43,46,completed,1
4025,Rigid,606499,606502,606545,3,43,46,completed,1
4026,Rigid,606499,606502,606546,3,44,47,completed,1
4027,Rigid,606499,606502,606545,3,43,46,completed,1
4028,Rigid,606499,606502,606544,3,42,45,completed,1
4029,Rigid,606499,606502,606545,3,43,46,completed,1
4030,Rigid,606499,606502,606550,3,48,51,completed,1
4031,Rigid,606499,606502,606544,3,42,45,completed,1
4032,Rigid,606499,606502,606544,3,42,45,completed,1
4033,Rigid,606499,606502,606547,3,45,48,completed,1
4034,Rigid,606499,606502,606552,3,50,53,completed,1
4035,Rigid,606499,606502,606544,3,42,45,completed,1
4036,Rigid,606499,606502,606549,3,47,50,completed,1
4037,Rigid,606499,606502,606545,3,43,46,completed,1
4038,Rigid,606499,606502,606549,3,47,50,completed,1
4039,Rigid,606500,606502,606547,2,45,47,completed,1
4040,Rigid,606500,606502,606543,2,41,43,completed,1
4041,Rigid,606500,606502,606543,2,41,43,completed,1
4042,Rigid,606500,606502,606542,2,40,42,completed,1
4043,Rigid,606500,606502,606543,2,41,43,completed,1
4044,Rigid,606500,606502,606546,2,44,46,completed,1
4045,Rigid,606500,606502,606553,2,51,53,completed,1
4046,Rigid,606500,606502,606543,2,41,43,completed,1
4047,Rigid,606500,606502,606544,2,42,44,completed,1
4048,Rigid,606500,606502,606542,2,40,42,completed,1
4049,Rigid,606500,606502,606551,2,49,51,completed,1
4050,Rigid,606500,606502,606546,2,44,46,completed,1
4051,Rigid,606500,606502,606546,2,44,46,completed,1
4052,Rigid,606500,606502,606547,2,45,47,completed,1
4053,Rigid,606500,606502,606544,2,42,44,completed,1
4054,Rigid,606500,606502,606544,2,42,44,completed,1
4055,Rigid,606500,606502,606548,2,46,48,completed,1
4056,Rigid,606500,606502,606549,2,47,49,completed,1
4057,Rigid,606500,606502,606544,2,42,44,completed,1
4058,Rigid,606500,606502,606543,2,41,43,completed,1
4059,Rigid,606500,606502,606545,2,43,45,completed,1
4060,Rigid,606500,606502,606546,2,44,46,completed,1
4061,Rigid,606500,606502,606542,2,40,42,completed,1
4062,Rigid,606500,606502,606543,2,41,43,completed,1
4063,Rigid,606500,606502,606552,2,50,52,completed,1
4064,Rigid,606500,606502,606545,2,43,45,completed,1
4065,Rigid,606500,606502,606548,2,46,48,completed,1
4066,Rigid,606500,606502,606550,2,48,50,completed,1
4067,Rigid,606500,606502,606543,2,41,43,completed,1
4068,Rigid,606500,606502,606542,2,40,42,completed,1
4069,Rigid,606500,606502,606545,2,43,45,completed,1
4070,Rigid,606500,606502,606544,2,42,44,completed,1
4071,Rigid,606500,606502,606547,2,45,47,completed,1
4072,Rigid,606500,606502,606545,2,43,45,completed,1
4073,Rigid,606500,606502,606544,2,42,44,completed,1
4074,Rigid,606500,606502,606548,2,46,48,completed,1
4075,Rigid,606500,606502,606547,2,45,47,completed,1
4076,Rigid,606500,606502,606546,2,44,46,completed,1
4077,Rigid,606500,606502,606547,2,45,47,completed,1
4078,Rigid,606500,606502,606547,2,45,47,completed,1
4079,Rigid,606501,606502,606544,1,42,43,completed,1
4080,Rigid,606501,606502,606549,1,47,48,completed,1
4081,Rigid,606501,606502,606544,1,42,43,completed,1
4082,Rigid,606501,606502,606547,1,45,46,completed,1
4083,Rigid,606501,606502,606546,1,44,45,completed,1
4084,Rigid,606501,606502,606544,1,42,43,completed,1
4085,Rigid,606501,606502,606545,1,43,44,completed,1
4086,Rigid,606501,606502,606544,1,42,43,completed,1
4087,Rigid,606501,606502,606546,1,44,45,completed,1
4088,Rigid,606501,606502,606549,1,47,48,completed,1
4089,Rigid,606501,606502,606546,1,44,45,completed,1
4090,Rigid,606501,606502,606544,1,42,43,completed,1
4091,Rigid,606501,606502,606544,1,42,43,completed,1
4092,Rigid,606501,606502,606547,1,45,46,completed,1
4093,Rigid,606501,606502,606547,1,45,46,completed,1
4094,Rigid,606501,606502,606544,1,42,43,completed,1
4095,Rigid,606501,606502,606546,1,44,45,completed,1
4096,Rigid,606501,606502,606546,1,44,45,completed,1
4097,Rigid,606501,606502,606552,1,50,51,completed,1
4098,Rigid,606501,606502,606546,1,44,45,completed,1
4099,Rigid,606501,606502,606546,1,44,45,completed,1
4100,Rigid,606501,606502,606546,1,44,45,completed,1
4101,Rigid,606501,606502,606548,1,46,47,completed,1
4102,Rigid,606501,606502,606548,1,46,47,completed,1
4103,Rigid,606501,606502,606548,1,46,47,completed,1
4104,Rigid,606501,606502,606544,1,42,43,completed,1
4105,Rigid,606501,606502,606545,1,43,44,completed,1
4106,Rigid,606501,606502,606542,1,40,41,completed,1
4107,Rigid,606501,606502,606542,1,40,41,completed,1
4108,Rigid,606501,606502,606542,1,40,41,completed,1
4109,Rigid,606501,606502,606548,1,46,47,completed,1
4110,Rigid,606501,606502,606542,1,40,41,completed,1
4111,Rigid,606501,606502,606547,1,45,46,completed,1
4112,Rigid,606502,606502,606542,0,40,40,completed,1
4113,Rigid,606502,606502,606544,0,42,42,completed,1
4114,Rigid,606502,606502,606542,0,40,40,completed,1
4115,Rigid,606502,606502,606542,0,40,40,completed,1
4116,Rigid,606502,606502,606542,0,40,40,completed,1
4117,Rigid,606502,606502,606542,0,40,40,completed,1
4118,Rigid,606502,606502,606544,0,42,42,completed,1
4119,Rigid,606502,606502,606544,0,42,42,completed,1
4120,Rigid,606502,606502,606544,0,42,42,completed,1
4121,Rigid,606502,606502,606545,0,43,43,completed,1
4122,Rigid,606502,606502,606542,0,40,40,completed,1
4123,Rigid,606502,606502,606542,0,40,40,completed,1
4124,Rigid,606502,606502,606542,0,40,40,completed,1
4125,Rigid,606502,606502,606544,0,42,42,completed,1
4126,Rigid,606542,606543,606571,1,28,29,completed,1
4127,Rigid,606544,606545,606571,1,26,27,completed,1
4128,Rigid,606544,606545,606571,1,26,27,completed,1
4129,Rigid,606544,606545,606571,1,26,27,completed,1
4130,Rigid,606545,606545,606571,0,26,26,completed,1
4131,Rigid,606545,606545,606571,0,26,26,completed,1
4132,Rigid,606546,606546,606571,0,25,25,completed,1
4133,Rigid,606546,606546,606572,0,26,26,completed,1
4134,Rigid,606546,606546,606571,0,25,25,completed,1
4135,Rigid,606546,606547,606571,1,24,25,completed,1
4136,Rigid,606546,606547,606571,1,24,25,completed,1
4137,Rigid,606547,606547,606571,0,24,24,completed,1
4138,Rigid,606547,606547,606571,0,24,24,completed,1
4139,Rigid,606547,606547,606571,0,24,24,completed,1
4140,Rigid,606547,606547,606571,0,24,24,completed,1
4141,Rigid,606547,606547,606571,0,24,24,completed,1
4142,Rigid,606547,606547,606571,0,24,24,completed,1
4143,Rigid,606547,606548,606571,1,23,24,completed,1
4144,Rigid,606548,606548,606570,0,22,22,completed,1
4145,Rigid,606548,606548,606571,0,23,23,completed,1
4146,Rigid,606548,606548,606570,0,22,22,completed,1
4147,Rigid,606548,606548,606570,0,22,22,completed,1
4148,Rigid,606548,606548,606570,0,22,22,completed,1
4149,Rigid,606548,606548,606570,0,22,22,completed,1
4150,Rigid,606559,606559,606580,0,21,21,completed,1
4151,Rigid,606559,606559,606582,0,23,23,completed,1
4152,Rigid,606559,606559,606583,0,24,24,completed,1
4153,Rigid,606560,606563,606593,3,30,33,completed,1
4154,Rigid,606560,606563,606593,3,30,33,completed,1
4155,Rigid,606560,606563,606593,3,30,33,completed,1
4156,Rigid,606560,606563,606593,3,30,33,completed,1
4157,Rigid,606560,606563,606593,3,30,33,completed,1
4158,Rigid,606560,606563,606593,3,30,33,completed,1
4159,Rigid,606560,606563,606593,3,30,33,completed,1
4160,Rigid,606560,606563,606593,3,30,33,completed,1
4161,Rigid,606560,606563,606593,3,30,33,completed,1
4162,Rigid,606560,606563,606753,3,190,193,completed,1
4163,Rigid,606561,606563,606593,2,30,32,completed,1
4164,Rigid,606561,606563,606606,2,43,45,completed,1
4165,Rigid,606561,606563,606593,2,30,32,completed,1
4166,Rigid,606561,606563,606593,2,30,32,completed,1
4167,Rigid,606561,606563,606593,2,30,32,completed,1
4168,Rigid,606561,606563,606593,2,30,32,completed,1
4169,Rigid,606561,606563,606593,2,30,32,completed,1
4170,Rigid,606561,606563,606593,2,30,32,completed,1
4171,Rigid,606561,606563,606593,2,30,32,completed,1
4172,Rigid,606561,606563,606593,2,30,32,completed,1
4173,Rigid,606562,606563,606593,1,30,31,completed,1
4174,Rigid,606562,606563,606593,1,30,31,completed,1
4175,Rigid,606562,606563,606593,1,30,31,completed,1
4176,Rigid,606562,606563,606593,1,30,31,completed,1
4177,Rigid,606562,606563,606589,1,26,27,completed,1
4178,Rigid,606562,606563,606593,1,30,31,completed,1
4179,Rigid,606562,606563,606589,1,26,27,completed,1
4180,Rigid,606562,606563,606583,1,20,21,completed,1
4181,Rigid,606562,606563,606582,1,19,20,completed,1
4182,Rigid,606562,606563,606582,1,19,20,completed,1
4183,Rigid,606563,606563,606582,0,19,19,completed,1
4184,Rigid,606563,606563,606586,0,23,23,completed,1
4185,Rigid,606563,606563,606582,0,19,19,completed,1
4186,Rigid,606563,606563,606582,0,19,19,completed,1
4187,Rigid,606563,606563,606582,0,19,19,completed,1
4188,Rigid,606563,606563,606582,0,19,19,completed,1
4189,Rigid,606563,606563,606582,0,19,19,completed,1
4190,Rigid,606563,606564,606613,1,49,50,completed,1
4191,Rigid,606563,606564,606613,1,49,50,completed,1
4192,Rigid,606563,606565,606613,2,48,50,completed,1
4193,Rigid,606564,606565,606614,1,49,50,completed,1
4194,Rigid,606564,606565,606614,1,49,50,completed,1
4195,Rigid,606564,606565,606613,1,48,49,completed,1
4196,Rigid,606564,606565,606615,1,50,51,completed,1
4197,Rigid,606564,606565,606613,1,48,49,completed,1
4198,Rigid,606564,606565,606613,1,48,49,completed,1
4199,Rigid,606564,606565,606614,1,49,50,completed,1
4200,Rigid,606564,606565,606613,1,48,49,completed,1
4201,Rigid,606564,606565,606613,1,48,49,completed,1
4202,Rigid,606564,606565,606613,1,48,49,completed,1
4203,Rigid,606565,606567,606613,2,46,48,completed,1
4204,Rigid,606565,606567,606617,2,50,52,completed,1
4205,Rigid,606565,606567,606615,2,48,50,completed,1
4206,Rigid,606565,606567,606615,2,48,50,completed,1
4207,Rigid,606565,606567,606607,2,40,42,completed,1
4208,Rigid,606565,606567,606613,2,46,48,completed,1
4209,Rigid,606565,606567,606614,2,47,49,completed,1
4210,Rigid,606565,606567,606617,2,50,52,completed,1
4211,Rigid,606565,606567,606616,2,49,51,completed,1
4212,Rigid,606565,606567,606616,2,49,51,completed,1
4213,Rigid,606566,606567,606617,1,50,51,completed,1
4214,Rigid,606566,606567,606617,1,50,51,completed,1
4215,Rigid,606566,606567,606616,1,49,50,completed,1
4216,Rigid,606566,606567,606617,1,50,51,completed,1
4217,Rigid,606566,606567,606615,1,48,49,completed,1
4218,Rigid,606566,606567,606614,1,47,48,completed,1
4219,Rigid,606566,606567,606617,1,50,51,completed,1
4220,Rigid,606566,606567,606616,1,49,50,completed,1
4221,Rigid,606566,606567,606614,1,47,48,completed,1
4222,Rigid,606566,606567,606618,1,51,52,completed,1
4223,Rigid,606567,606567,606619,0,52,52,completed,1
4224,Rigid,606567,606567,606614,0,47,47,completed,1
4225,Rigid,606567,606567,606617,0,50,50,completed,1
4226,Rigid,606567,606567,606617,0,50,50,completed,1
4227,Rigid,606567,606567,606614,0,47,47,completed,1
4228,Rigid,606567,606567,606620,0,53,53,completed,1
4229,Rigid,606567,606571,606618,4,47,51,completed,1
4230,Rigid,606567,606571,606628,4,57,61,completed,1
4231,Rigid,606567,606571,606615,4,44,48,completed,1
4232,Rigid,606567,606571,606616,4,45,49,completed,1
4233,Rigid,606568,606571,606615,3,44,47,completed,1
4234,Rigid,606568,606571,606615,3,44,47,completed,1
4235,Rigid,606568,606571,606614,3,43,46,completed,1
4236,Rigid,606568,606571,606616,3,45,48,completed,1
4237,Rigid,606568,606571,606614,3,43,46,completed,1
4238,Rigid,606568,606571,606626,3,55,58,completed,1
4239,Rigid,606568,606571,606616,3,45,48,completed,1
4240,Rigid,606568,606571,606614,3,43,46,completed,1
4241,Rigid,606568,606571,606615,3,44,47,completed,1
4242,Rigid,606568,606571,606618,3,47,50,completed,1
4243,Rigid,606569,606571,606616,2,45,47,completed,1
4244,Rigid,606569,606571,606613,2,42,44,completed,1
4245,Rigid,606569,606571,606613,2,42,44,completed,1
4246,Rigid,606569,606571,606616,2,45,47,completed,1
4247,Rigid,606569,606571,606617,2,46,48,completed,1
4248,Rigid,606569,606571,606615,2,44,46,completed,1
4249,Rigid,606569,606571,606613,2,42,44,completed,1
4250,Rigid,606569,606571,606613,2,42,44,completed,1
4251,Rigid,606569,606571,606616,2,45,47,completed,1
4252,Rigid,606569,606571,606615,2,44,46,completed,1
4253,Rigid,606570,606571,606618,1,47,48,completed,1
4254,Rigid,606570,606571,606616,1,45,46,completed,1
4255,Rigid,606570,606571,606620,1,49,50,completed,1
4256,Rigid,606570,606571,606618,1,47,48,completed,1
4257,Rigid,606570,606571,606617,1,46,47,completed,1
4258,Rigid,606570,606571,606613,1,42,43,completed,1
4259,Rigid,606570,606571,606623,1,52,53,completed,1
4260,Rigid,606570,606571,606615,1,44,45,completed,1
4261,Rigid,606570,606571,606617,1,46,47,completed,1
4262,Rigid,606570,606571,606616,1,45,46,completed,1
4263,Rigid,606571,606571,606614,0,43,43,completed,1
4264,Rigid,606571,606571,606615,0,44,44,completed,1
4265,Rigid,606571,606571,606615,0,44,44,completed,1
4266,Rigid,606571,606571,606615,0,44,44,completed,1
4267,Rigid,606571,606571,606618,0,47,47,completed,1
4268,Rigid,606571,606571,606611,0,40,40,completed,1
4269,Rigid,606571,606571,606625,0,54,54,completed,1
4270,Rigid,606571,606571,606614,0,43,43,completed,1
4271,Rigid,606572,606572,606610,0,38,38,completed,1
4272,Rigid,606572,606572,606620,0,48,48,completed,1
4273,Rigid,606572,606572,606606,0,34,34,completed,1
4274,Rigid,606572,606572,606608,0,36,36,completed,1
4275,Rigid,606572,606572,606606,0,34,34,completed,1
4276,Rigid,606572,606572,606607,0,35,35,completed,1
4277,Rigid,606572,606572,606606,0,34,34,completed,1
4278,Rigid,606572,606573,606613,1,40,41,completed,1
4279,Rigid,606572,606573,606615,1,42,43,completed,1
4280,Rigid,606572,606573,606613,1,40,41,completed,1
4281,Rigid,606572,606573,606613,1,40,41,completed,1
4282,Rigid,606572,606573,606613,1,40,41,completed,1
4283,Rigid,606573,606573,606613,0,40,40,completed,1
4284,Rigid,606573,606575,606613,2,38,40,completed,1
4285,Rigid,606573,606575,606614,2,39,41,completed,1
4286,Rigid,606573,606575,606617,2,42,44,completed,1
4287,Rigid,606573,606575,606618,2,43,45,completed,1
4288,Rigid,606573,606575,606606,2,31,33,completed,1
4289,Rigid,606573,606575,606618,2,43,45,completed,1
4290,Rigid,606573,606575,606613,2,38,40,completed,1
4291,Rigid,606573,606575,606616,2,41,43,completed,1
4292,Rigid,606573,606575,606614,2,39,41,completed,1
4293,Rigid,606574,606575,606613,1,38,39,completed,1
4294,Rigid,606574,606575,606613,1,38,39,completed,1
4295,Rigid,606574,606575,606609,1,34,35,completed,1
4296,Rigid,606574,606575,606613,1,38,39,completed,1
4297,Rigid,606574,606575,606609,1,34,35,completed,1
4298,Rigid,606574,606575,606606,1,31,32,completed,1
4299,Rigid,606574,606575,606613,1,38,39,completed,1
4300,Rigid,606574,606575,606619,1,44,45,completed,1
4301,Rigid,606574,606575,606617,1,42,43,completed,1
4302,Rigid,606574,606575,606614,1,39,40,completed,1
4303,Rigid,606575,606575,606609,0,34,34,completed,1
4304,Rigid,606575,606575,606609,0,34,34,completed,1
4305,Rigid,606575,606575,606613,0,38,38,completed,1
4306,Rigid,606575,606575,606616,0,41,41,completed,1
4307,Rigid,606575,606575,606613,0,38,38,completed,1
4308,Rigid,606575,606575,606608,0,33,33,completed,1
4309,Rigid,606575,606575,606609,0,34,34,completed,1
4310,Rigid,606575,606575,606606,0,31,31,completed,1
4311,Rigid,606575,606575,606609,0,34,34,completed,1
4312,Rigid,606575,606575,606613,0,38,38,completed,1
4313,Rigid,606576,606579,606638,3,59,62,completed,1
4314,Rigid,606576,606579,606637,3,58,61,completed,1
4315,Rigid,606576,606579,606637,3,58,61,completed,1
4316,Rigid,606576,606579,606639,3,60,63,completed,1
4317,Rigid,606576,606579,606637,3,58,61,completed,1
4318,Rigid,606576,606579,606638,3,59,62,completed,1
4319,Rigid,606576,606579,606638,3,59,62,completed,1
4320,Rigid,606576,606579,606638,3,59,62,completed,1
4321,Rigid,606576,606579,606638,3,59,62,completed,1
4322,Rigid,606576,606579,606638,3,59,62,completed,1
4323,Rigid,606577,606579,606638,2,59,61,completed,1
4324,Rigid,606577,606579,606638,2,59,61,completed,1
4325,Rigid,606577,606579,606638,2,59,61,completed,1
4326,Rigid,606577,606579,606638,2,59,61,completed,1
4327,Rigid,606577,606579,606638,2,59,61,completed,1
4328,Rigid,606577,606579,606637,2,58,60,completed,1
4329,Rigid,606577,606579,606638,2,59,61,completed,1
4330,Rigid,606577,606579,606634,2,55,57,completed,1
4331,Rigid,606577,606579,606634,2,55,57,completed,1
4332,Rigid,606578,606579,606634,1,55,56,completed,1
4333,Rigid,606587,606587,606634,0,47,47,completed,1
4334,Rigid,606587,606587,606635,0,48,48,completed,1
4335,Rigid,606587,606587,606635,0,48,48,completed,1
4336,Rigid,606589,606590,606634,1,44,45,completed,1
4337,Rigid,606589,606590,606634,1,44,45,completed,1
4338,Rigid,606590,606591,606634,1,43,44,completed,1
4339,Rigid,606590,606591,606634,1,43,44,completed,1
4340,Rigid,606590,606591,606635,1,44,45,completed,1
4341,Rigid,606590,606591,606634,1,43,44,completed,1
4342,Rigid,606590,606591,606634,1,43,44,completed,1
4343,Rigid,606590,606591,606634,1,43,44,completed,1
4344,Rigid,606590,606591,606638,1,47,48,completed,1
4345,Rigid,606590,606591,606635,1,44,45,completed,1
4346,Rigid,606590,606591,606639,1,48,49,completed,1
4347,Rigid,606591,606591,606634,0,43,43,completed,1
4348,Rigid,606604,606604,606641,0,37,37,completed,1
4349,Rigid,606604,606604,606639,0,35,35,completed,1
4350,Rigid,606604,606604,606639,0,35,35,completed,1
4351,Rigid,606604,606607,606642,3,35,38,completed,1
4352,Rigid,606604,606607,606641,3,34,37,completed,1
4353,Rigid,606605,606607,606659,2,52,54,completed,1
4354,Rigid,606605,606607,606643,2,36,38,completed,1
4355,Rigid,606605,606607,606642,2,35,37,completed,1
4356,Rigid,606605,606607,606640,2,33,35,completed,1
4357,Rigid,606605,606607,606641,2,34,36,completed,1
4358,Rigid,606605,606607,606642,2,35,37,completed,1
4359,Rigid,606605,606607,606641,2,34,36,completed,1
4360,Rigid,606606,606607,606640,1,33,34,completed,1
4361,Rigid,606606,606607,606641,1,34,35,completed,1
4362,Rigid,606606,606607,606640,1,33,34,completed,1
4363,Rigid,606606,606607,606642,1,35,36,completed,1
4364,Rigid,606606,606607,606640,1,33,34,completed,1
4365,Rigid,606619,606619,606675,0,56,56,completed,1
4366,Rigid,606619,606619,606673,0,54,54,completed,1
4367,Rigid,606619,606619,606670,0,51,51,completed,1
4368,Rigid,606619,606619,606680,0,61,61,completed,1
4369,Rigid,606619,606619,606673,0,54,54,completed,1
4370,Rigid,606619,606620,606681,1,61,62,completed,1
4371,Rigid,606619,606620,606672,1,52,53,completed,1
4372,Rigid,606619,606620,606672,1,52,53,completed,1
4373,Rigid,606619,606620,606673,1,53,54,completed,1
4374,Rigid,606620,606620,606672,0,52,52,completed,1
4375,Rigid,606620,606620,606672,0,52,52,completed,1
4376,Rigid,606620,606620,606675,0,55,55,completed,1
4377,Rigid,606620,606620,606673,0,53,53,completed,1
4378,Rigid,606620,606620,606674,0,54,54,completed,1
4379,Rigid,606620,606620,606672,0,52,52,completed,1
4380,Rigid,606620,606620,606682,0,62,62,completed,1
4381,Rigid,606620,606620,606674,0,54,54,completed,1
4382,Rigid,606620,606620,606674,0,54,54,completed,1
4383,Rigid,606620,606621,606670,1,49,50,completed,1
4384,Rigid,606621,606621,606670,0,49,49,completed,1
4385,Rigid,606621,606623,606680,2,57,59,completed,1
4386,Rigid,606621,606623,606673,2,50,52,completed,1
4387,Rigid,606621,606623,606670,2,47,49,completed,1
4388,Rigid,606621,606623,606673,2,50,52,completed,1
4389,Rigid,606621,606623,606670,2,47,49,completed,1
4390,Rigid,606621,606623,606672,2,49,51,completed,1
4391,Rigid,606621,606623,606674,2,51,53,completed,1
4392,Rigid,606621,606623,606675,2,52,54,completed,1
4393,Rigid,606621,606623,606666,2,43,45,completed,1
4394,Rigid,606622,606623,606667,1,44,45,completed,1
4395,Rigid,606622,606623,606670,1,47,48,completed,1
4396,Rigid,606622,606623,606668,1,45,46,completed,1
4397,Rigid,606622,606623,606670,1,47,48,completed,1
4398,Rigid,606622,606623,606667,1,44,45,completed,1
4399,Rigid,606622,606623,606669,1,46,47,completed,1
4400,Rigid,606622,606623,606669,1,46,47,completed,1
4401,Rigid,606622,606623,606669,1,46,47,completed,1
4402,Rigid,606622,606623,606669,1,46,47,completed,1
4403,Rigid,606622,606623,606668,1,45,46,completed,1
4404,Rigid,606623,606623,606669,0,46,46,completed,1
4405,Rigid,606623,606623,606670,0,47,47,completed,1
4406,Rigid,606623,606623,606668,0,45,45,completed,1
4407,Rigid,606623,606623,606677,0,54,54,completed,1
4408,Rigid,606623,606623,606669,0,46,46,completed,1
4409,Rigid,606623,606623,606671,0,48,48,completed,1
4410,Rigid,606623,606623,606668,0,45,45,completed,1
4411,Rigid,606623,606623,606674,0,51,51,completed,1
4412,Rigid,606623,606623,606676,0,53,53,completed,1
4413,Rigid,606623,606624,606673,1,49,50,completed,1
4414,Rigid,606624,606625,606678,1,53,54,completed,1
4415,Rigid,606624,606625,606676,1,51,52,completed,1
4416,Rigid,606624,606625,606675,1,50,51,completed,1
4417,Rigid,606624,606625,606677,1,52,53,completed,1
4418,Rigid,606624,606625,606676,1,51,52,completed,1
4419,Rigid,606624,606625,606677,1,52,53,completed,1
4420,Rigid,606624,606625,606678,1,53,54,completed,1
4421,Rigid,606624,606625,606674,1,49,50,completed,1
4422,Rigid,606624,606625,606672,1,47,48,completed,1
4423,Rigid,606624,606625,606672,1,47,48,completed,1
4424,Rigid,606625,606626,606678,1,52,53,completed,1
4425,Rigid,606625,606626,606678,1,52,53,completed,1
4426,Rigid,606625,606626,606674,1,48,49,completed,1
4427,Rigid,606625,606626,606676,1,50,51,completed,1
4428,Rigid,606625,606626,606672,1,46,47,completed,1
4429,Rigid,606625,606626,606675,1,49,50,completed,1
4430,Rigid,606625,606626,606676,1,50,51,completed,1
4431,Rigid,606625,606626,606673,1,47,48,completed,1
4432,Rigid,606625,606626,606677,1,51,52,completed,1
4433,Rigid,606626,606627,606675,1,48,49,completed,1
4434,Rigid,606626,606627,606675,1,48,49,completed,1
4435,Rigid,606626,606627,606677,1,50,51,completed,1
4436,Rigid,606626,606627,606677,1,50,51,completed,1
4437,Rigid,606626,606627,606678,1,51,52,completed,1
4438,Rigid,606626,606627,606672,1,45,46,completed,1
4439,Rigid,606626,606627,606678,1,51,52,completed,1
4440,Rigid,606626,606627,606675,1,48,49,completed,1
4441,Rigid,606627,606627,606682,0,55,55,completed,1
4442,Rigid,606627,606627,606674,0,47,47,completed,1
4443,Rigid,606627,606627,606675,0,48,48,completed,1
4444,Rigid,606627,606627,606677,0,50,50,completed,1
4445,Rigid,606627,606627,606676,0,49,49,completed,1
4446,Rigid,606627,606627,606675,0,48,48,completed,1
4447,Rigid,606627,606627,606675,0,48,48,completed,1
4448,Rigid,606627,606627,606675,0,48,48,completed,1
4449,Rigid,606627,606627,606676,0,49,49,completed,1
4450,Rigid,606627,606629,606674,2,45,47,completed,1
4451,Rigid,606627,606629,606675,2,46,48,completed,1
4452,Rigid,606628,606629,606677,1,48,49,completed,1
4453,Rigid,606628,606629,606675,1,46,47,completed,1
4454,Rigid,606628,606629,606683,1,54,55,completed,1
4455,Rigid,606628,606629,606677,1,48,49,completed,1
4456,Rigid,606628,606629,606677,1,48,49,completed,1
4457,Rigid,606628,606629,606676,1,47,48,completed,1
4458,Rigid,606628,606629,606676,1,47,48,completed,1
4459,Rigid,606628,606629,606672,1,43,44,completed,1
4460,Rigid,606628,606629,606674,1,45,46,completed,1
4461,Rigid,606628,606629,606675,1,46,47,completed,1
4462,Rigid,606629,606631,606675,2,44,46,completed,1
4463,Rigid,606629,606631,606672,2,41,43,completed,1
4464,Rigid,606629,606631,606675,2,44,46,completed,1
4465,Rigid,606629,606631,606674,2,43,45,completed,1
4466,Rigid,606629,606631,606675,2,44,46,completed,1
4467,Rigid,606629,606631,606675,2,44,46,completed,1
4468,Rigid,606629,606631,606675,2,44,46,completed,1
4469,Rigid,606629,606631,606677,2,46,48,completed,1
4470,Rigid,606629,606631,606678,2,47,49,completed,1
4471,Rigid,606629,606631,606675,2,44,46,completed,1
4472,Rigid,606630,606631,606676,1,45,46,completed,1
4473,Rigid,606630,606631,606675,1,44,45,completed,1
4474,Rigid,606630,606631,606677,1,46,47,completed,1
4475,Rigid,606630,606631,606676,1,45,46,completed,1
4476,Rigid,606630,606631,606672,1,41,42,completed,1
4477,Rigid,606630,606631,606681,1,50,51,completed,1
4478,Rigid,606630,606631,606676,1,45,46,completed,1
4479,Rigid,606630,606631,606676,1,45,46,completed,1
4480,Rigid,606630,606631,606679,1,48,49,completed,1
4481,Rigid,606630,606631,606675,1,44,45,completed,1
4482,Rigid,606631,606631,606675,0,44,44,completed,1
4483,Rigid,606631,606631,606669,0,38,38,completed,1
4484,Rigid,606631,606631,606668,0,37,37,completed,1
4485,Rigid,606631,606631,606668,0,37,37,completed,1
4486,Rigid,606631,606631,606670,0,39,39,completed,1
4487,Rigid,606631,606631,606668,0,37,37,completed,1
4488,Rigid,606631,606631,606668,0,37,37,completed,1
4489,Rigid,606631,606631,606669,0,38,38,completed,1
4490,Rigid,606631,606631,606670,0,39,39,completed,1
4491,Rigid,606631,606634,606670,3,36,39,completed,1
4492,Rigid,606632,606634,606670,2,36,38,completed,1
4493,Rigid,606632,606634,606672,2,38,40,completed,1
4494,Rigid,606632,606634,606669,2,35,37,completed,1
4495,Rigid,606632,606634,606669,2,35,37,completed,1
4496,Rigid,606632,606634,606668,2,34,36,completed,1
4497,Rigid,606632,606634,606667,2,33,35,completed,1
4498,Rigid,606632,606634,606668,2,34,36,completed,1
4499,Rigid,606633,606634,606668,1,34,35,completed,1
4500,Rigid,606633,606634,606669,1,35,36,completed,1
4501,Rigid,606633,606634,606669,1,35,36,completed,1
4502,Rigid,606633,606634,606667,1,33,34,completed,1
4503,Rigid,606633,606634,606667,1,33,34,completed,1
4504,Rigid,606633,606634,606667,1,33,34,completed,1
4505,Rigid,606633,606634,606667,1,33,34,completed,1
4506,Rigid,606633,606634,606667,1,33,34,completed,1
4507,Rigid,606633,606634,606678,1,44,45,completed,1
4508,Rigid,606633,606634,606667,1,33,34,completed,1
4509,Rigid,606633,606634,606667,1,33,34,completed,1
4510,Rigid,606635,606635,606667,0,32,32,completed,1
4511,Rigid,606635,606635,606667,0,32,32,completed,1
4512,Rigid,606635,606635,606670,0,35,35,completed,1
4513,Rigid,606659,606660,606706,1,46,47,completed,1
4514,Rigid,606660,606660,606699,0,39,39,completed,1
4515,Rigid,606660,606664,606699,4,35,39,completed,1
4516,Rigid,606663,606664,606699,1,35,36,completed,1
4517,Rigid,606663,606664,606701,1,37,38,completed,1
4518,Rigid,606663,606664,606699,1,35,36,completed,1
4519,Rigid,606663,606664,606699,1,35,36,completed,1
4520,Rigid,606663,606664,606701,1,37,38,completed,1
4521,Rigid,606663,606664,606700,1,36,37,completed,1
4522,Rigid,606663,606664,606699,1,35,36,completed,1
4523,Rigid,606663,606664,606700,1,36,37,completed,1
4524,Rigid,606663,606664,606700,1,36,37,completed,1
4525,Rigid,606664,606664,606700,0,36,36,completed,1
4526,Rigid,606664,606664,606701,0,37,37,completed,1
4527,Rigid,606664,606664,606699,0,35,35,completed,1
4528,Rigid,606664,606664,606700,0,36,36,completed,1
4529,Rigid,606664,606664,606703,0,39,39,completed,1
4530,Rigid,606664,606664,606708,0,44,44,completed,1
4531,Rigid,606664,606664,606703,0,39,39,completed,1
4532,Rigid,606664,606664,606699,0,35,35,completed,1
4533,Rigid,606664,606664,606701,0,37,37,completed,1
4534,Rigid,606664,606664,606707,0,43,43,completed,1
4535,Rigid,606664,606664,606699,0,35,35,completed,1
4536,Rigid,606664,606664,606699,0,35,35,completed,1
4537,Rigid,606665,606668,606708,3,40,43,completed,1
4538,Rigid,606665,606668,606708,3,40,43,completed,1
4539,Rigid,606665,606668,606702,3,34,37,completed,1
4540,Rigid,606665,606668,606704,3,36,39,completed,1
4541,Rigid,606665,606668,606702,3,34,37,completed,1
4542,Rigid,606665,606668,606708,3,40,43,completed,1
4543,Rigid,606665,606668,606708,3,40,43,completed,1
4544,Rigid,606665,606668,606701,3,33,36,completed,1
4545,Rigid,606665,606668,606703,3,35,38,completed,1
4546,Rigid,606665,606668,606708,3,40,43,completed,1
4547,Rigid,606665,606668,606704,3,36,39,completed,1
4548,Rigid,606665,606668,606702,3,34,37,completed,1
4549,Rigid,606665,606668,606703,3,35,38,completed,1
4550,Rigid,606665,606668,606711,3,43,46,completed,1
4551,Rigid,606665,606668,606703,3,35,38,completed,1
4552,Rigid,606666,606668,606702,2,34,36,completed,1
4553,Rigid,606666,606668,606707,2,39,41,completed,1
4554,Rigid,606666,606668,606702,2,34,36,completed,1
4555,Rigid,606666,606668,606704,2,36,38,completed,1
4556,Rigid,606666,606668,606703,2,35,37,completed,1
4557,Rigid,606666,606668,606701,2,33,35,completed,1
4558,Rigid,606666,606668,606703,2,35,37,completed,1
4559,Rigid,606666,606668,606705,2,37,39,completed,1
4560,Rigid,606666,606668,606702,2,34,36,completed,1
4561,Rigid,606666,606668,606703,2,35,37,completed,1
4562,Rigid,606666,606668,606704,2,36,38,completed,1
4563,Rigid,606666,606668,606710,2,42,44,completed,1
4564,Rigid,606678,606678,606702,0,24,24,completed,1
4565,Rigid,606678,606678,606702,0,24,24,completed,1
4566,Rigid,606678,606678,606702,0,24,24,completed,1
4567,Rigid,606678,606678,606709,0,31,31,completed,1
4568,Rigid,606678,606678,606702,0,24,24,completed,1
4569,Rigid,606731,606732,606737,1,5,6,completed,1
4570,Rigid,606731,606761,606765,30,4,34,completed,1
4571,Rigid,606789,606790,606841,1,51,52,completed,1
4572,Rigid,606789,606790,606841,1,51,52,completed,1
4573,Rigid,606789,606790,606841,1,51,52,completed,1
4574,Rigid,606789,606790,606841,1,51,52,completed,1
4575,Rigid,606789,606790,606841,1,51,52,completed,1
4576,Rigid,606789,606790,606841,1,51,52,completed,1
4577,Rigid,606789,606790,606841,1,51,52,completed,1
4578,Rigid,606789,606790,606841,1,51,52,completed,1
4579,Rigid,606789,606790,606844,1,54,55,completed,1
4580,Rigid,606789,606790,606841,1,51,52,completed,1
4581,Rigid,606789,606790,606841,1,51,52,completed,1
4582,Rigid,606789,606790,606841,1,51,52,completed,1
4583,Rigid,606789,606790,606843,1,53,54,completed,1
4584,Rigid,606789,606790,606841,1,51,52,completed,1
4585,Rigid,606789,606790,606842,1,52,53,completed,1
4586,Rigid,606789,606790,606841,1,51,52,completed,1
4587,Rigid,606789,606790,606841,1,51,52,completed,1
4588,Rigid,606789,606790,606845,1,55,56,completed,1
4589,Rigid,606789,606790,606841,1,51,52,completed,1
4590,Rigid,606789,606790,606841,1,51,52,completed,1
4591,Rigid,606790,606790,606841,0,51,51,completed,1
4592,Rigid,606790,606790,606841,0,51,51,completed,1
4593,Rigid,606790,606790,606841,0,51,51,completed,1
4594,Rigid,606790,606790,606841,0,51,51,completed,1
4595,Rigid,606790,606794,606841,4,47,51,completed,1
4596,Rigid,606790,606794,606849,4,55,59,completed,1
4597,Rigid,606790,606794,606841,4,47,51,completed,1
4598,Rigid,606790,606794,606843,4,49,53,completed,1
4599,Rigid,606790,606794,606841,4,47,51,completed,1
4600,Rigid,606790,606794,606841,4,47,51,completed,1
4601,Rigid,606790,606794,606841,4,47,51,completed,1
4602,Rigid,606790,606794,606848,4,54,58,completed,1
4603,Rigid,606790,606794,606844,4,50,54,completed,1
4604,Rigid,606790,606794,606841,4,47,51,completed,1
4605,Rigid,606790,606794,606843,4,49,53,completed,1
4606,Rigid,606790,606794,606841,4,47,51,completed,1
4607,Rigid,606790,606794,606841,4,47,51,completed,1
4608,Rigid,606791,606794,606842,3,48,51,completed,1
4609,Rigid,606791,606794,606841,3,47,50,completed,1
4610,Rigid,606791,606794,606841,3,47,50,completed,1
4611,Rigid,606791,606794,606841,3,47,50,completed,1
4612,Rigid,606791,606794,606841,3,47,50,completed,1
4613,Rigid,606791,606794,606844,3,50,53,completed,1
4614,Rigid,606791,606794,606841,3,47,50,completed,1
4615,Rigid,606791,606794,606841,3,47,50,completed,1
4616,Rigid,606791,606794,606842,3,48,51,completed,1
4617,Rigid,606791,606794,606841,3,47,50,completed,1
4618,Rigid,606791,606794,606841,3,47,50,completed,1
4619,Rigid,606791,606794,606848,3,54,57,completed,1
4620,Rigid,606791,606794,606841,3,47,50,completed,1
4621,Rigid,606791,606794,606841,3,47,50,completed,1
4622,Rigid,606791,606794,606841,3,47,50,completed,1
4623,Rigid,606791,606794,606844,3,50,53,completed,1
4624,Rigid,606791,606794,606844,3,50,53,completed,1
4625,Rigid,606791,606794,606846,3,52,55,completed,1
4626,Rigid,606791,606794,606841,3,47,50,completed,1
4627,Rigid,606791,606794,606841,3,47,50,completed,1
4628,Rigid,606791,606794,606842,3,48,51,completed,1
4629,Rigid,606791,606794,606841,3,47,50,completed,1
4630,Rigid,606791,606794,606845,3,51,54,completed,1
4631,Rigid,606791,606794,606841,3,47,50,completed,1
4632,Rigid,606791,606794,606849,3,55,58,completed,1
4633,Rigid,606791,606794,606841,3,47,50,completed,1
4634,Rigid,606791,606794,606841,3,47,50,completed,1
4635,Rigid,606791,606794,606846,3,52,55,completed,1
4636,Rigid,606791,606794,606841,3,47,50,completed,1
4637,Rigid,606792,606794,606842,2,48,50,completed,1
4638,Rigid,606792,606794,606841,2,47,49,completed,1
4639,Rigid,606792,606794,606841,2,47,49,completed,1
4640,Rigid,606792,606794,606842,2,48,50,completed,1
4641,Rigid,606792,606794,606841,2,47,49,completed,1
4642,Rigid,606792,606794,606848,2,54,56,completed,1
4643,Rigid,606792,606794,606841,2,47,49,completed,1
4644,Rigid,606792,606794,606841,2,47,49,completed,1
4645,Rigid,606792,606794,606841,2,47,49,completed,1
4646,Rigid,606792,606794,606841,2,47,49,completed,1
4647,Rigid,606792,606794,606841,2,47,49,completed,1
4648,Rigid,606792,606794,606841,2,47,49,completed,1
4649,Rigid,606792,606794,606841,2,47,49,completed,1
4650,Rigid,606792,606794,606847,2,53,55,completed,1
4651,Rigid,606792,606794,606841,2,47,49,completed,1
4652,Rigid,606792,606794,606842,2,48,50,completed,1
4653,Rigid,606792,606794,606844,2,50,52,completed,1
4654,Rigid,606792,606794,606842,2,48,50,completed,1
4655,Rigid,606792,606794,606843,2,49,51,completed,1
4656,Rigid,606792,606794,606841,2,47,49,completed,1
4657,Rigid,606792,606794,606841,2,47,49,completed,1
4658,Rigid,606792,606794,606841,2,47,49,completed,1
4659,Rigid,606793,606794,606842,1,48,49,completed,1
4660,Rigid,606793,606794,606842,1,48,49,completed,1
4661,Rigid,606793,606794,606841,1,47,48,completed,1
4662,Rigid,606793,606794,606841,1,47,48,completed,1
4663,Rigid,606793,606794,606841,1,47,48,completed,1
4664,Rigid,606793,606794,606841,1,47,48,completed,1
4665,Rigid,606793,606794,606844,1,50,51,completed,1
4666,Rigid,606793,606794,606841,1,47,48,completed,1
4667,Rigid,606793,606794,606841,1,47,48,completed,1
4668,Rigid,606793,606794,606841,1,47,48,completed,1
4669,Rigid,606793,606794,606841,1,47,48,completed,1
4670,Rigid,606793,606794,606841,1,47,48,completed,1
4671,Rigid,606793,606794,606841,1,47,48,completed,1
4672,Rigid,606793,606794,606844,1,50,51,completed,1
4673,Rigid,606793,606794,606849,1,55,56,completed,1
4674,Rigid,606793,606794,606841,1,47,48,completed,1
4675,Rigid,606793,606794,606841,1,47,48,completed,1
4676,Rigid,606793,606794,606844,1,50,51,completed,1
4677,Rigid,606793,606794,606844,1,50,51,completed,1
4678,Rigid,606793,606794,606841,1,47,48,completed,1
4679,Rigid,606793,606794,606841,1,47,48,completed,1
4680,Rigid,606793,606794,606841,1,47,48,completed,1
4681,Rigid,606793,606794,606842,1,48,49,completed,1
4682,Rigid,606793,606794,606841,1,47,48,completed,1
4683,Rigid,606793,606794,606842,1,48,49,completed,1
4684,Rigid,606793,606794,606842,1,48,49,completed,1
4685,Rigid,606793,606794,606841,1,47,48,completed,1
4686,Rigid,606793,606794,606842,1,48,49,completed,1
4687,Rigid,606793,606794,606842,1,48,49,completed,1
4688,Rigid,606793,606794,606841,1,47,48,completed,1
4689,Rigid,606793,606794,606841,1,47,48,completed,1
4690,Rigid,606793,606794,606841,1,47,48,completed,1
4691,Rigid,606793,606794,606841,1,47,48,completed,1
4692,Rigid,606794,606794,606841,0,47,47,completed,1
4693,Rigid,606794,606794,606848,0,54,54,completed,1
4694,Rigid,606794,606794,606841,0,47,47,completed,1
4695,Rigid,606794,606794,606841,0,47,47,completed,1
4696,Rigid,606794,606794,606841,0,47,47,completed,1
4697,Rigid,606794,606794,606841,0,47,47,completed,1
4698,Rigid,606794,606794,606841,0,47,47,completed,1
4699,Rigid,606794,606794,606841,0,47,47,completed,1
4700,Rigid,606794,606794,606842,0,48,48,completed,1
4701,Rigid,606794,606794,606841,0,47,47,completed,1
4702,Rigid,606794,606794,606841,0,47,47,completed,1
4703,Rigid,606794,606794,606842,0,48,48,completed,1
4704,Rigid,606794,606794,606844,0,50,50,completed,1
4705,Rigid,606794,606794,606841,0,47,47,completed,1
4706,Rigid,606794,606798,606841,4,43,47,completed,1
4707,Rigid,606794,606798,606841,4,43,47,completed,1
4708,Rigid,606794,606798,606841,4,43,47,completed,1
4709,Rigid,606794,606798,606841,4,43,47,completed,1
4710,Rigid,606795,606798,606841,3,43,46,completed,1
4711,Rigid,606795,606798,606841,3,43,46,completed,1
4712,Rigid,606795,606798,606841,3,43,46,completed,1
4713,Rigid,606795,606798,606842,3,44,47,completed,1
4714,Rigid,606795,606798,606843,3,45,48,completed,1
4715,Rigid,606795,606798,606845,3,47,50,completed,1
4716,Rigid,606795,606798,606844,3,46,49,completed,1
4717,Rigid,606795,606798,606842,3,44,47,completed,1
4718,Rigid,606795,606798,606841,3,43,46,completed,1
4719,Rigid,606795,606798,606841,3,43,46,completed,1
4720,Rigid,606795,606798,606841,3,43,46,completed,1
4721,Rigid,606795,606798,606841,3,43,46,completed,1
4722,Rigid,606795,606798,606841,3,43,46,completed,1
4723,Rigid,606795,606798,606841,3,43,46,completed,1
4724,Rigid,606795,606798,606842,3,44,47,completed,1
4725,Rigid,606795,606798,606841,3,43,46,completed,1
4726,Rigid,606795,606798,606844,3,46,49,completed,1
4727,Rigid,606795,606798,606841,3,43,46,completed,1
4728,Rigid,606795,606798,606841,3,43,46,completed,1
4729,Rigid,606795,606798,606841,3,43,46,completed,1
4730,Rigid,606796,606798,606841,2,43,45,completed,1
4731,Rigid,606796,606798,606841,2,43,45,completed,1
4732,Rigid,606796,606798,606842,2,44,46,completed,1
4733,Rigid,606796,606798,606842,2,44,46,completed,1
4734,Rigid,606796,606798,606841,2,43,45,completed,1
4735,Rigid,606796,606798,606841,2,43,45,completed,1
4736,Rigid,606796,606798,606841,2,43,45,completed,1
4737,Rigid,606796,606798,606841,2,43,45,completed,1
4738,Rigid,606796,606798,606841,2,43,45,completed,1
4739,Rigid,606796,606798,606841,2,43,45,completed,1
4740,Rigid,606796,606798,606841,2,43,45,completed,1
4741,Rigid,606796,606798,606841,2,43,45,completed,1
4742,Rigid,606796,606798,606841,2,43,45,completed,1
4743,Rigid,606796,606798,606847,2,49,51,completed,1
4744,Rigid,606796,606798,606841,2,43,45,completed,1
4745,Rigid,606796,606798,606841,2,43,45,completed,1
4746,Rigid,606796,606798,606842,2,44,46,completed,1
4747,Rigid,606796,606798,606841,2,43,45,completed,1
4748,Rigid,606796,606798,606841,2,43,45,completed,1
4749,Rigid,606796,606798,606843,2,45,47,completed,1
4750,Rigid,606796,606798,606841,2,43,45,completed,1
4751,Rigid,606796,606798,606841,2,43,45,completed,1
4752,Rigid,606796,606798,606841,2,43,45,completed,1
4753,Rigid,606796,606798,606841,2,43,45,completed,1
4754,Rigid,606796,606798,606841,2,43,45,completed,1
4755,Rigid,606796,606798,606841,2,43,45,completed,1
4756,Rigid,606796,606798,606841,2,43,45,completed,1
4757,Rigid,606796,606798,606841,2,43,45,completed,1
4758,Rigid,606796,606798,606842,2,44,46,completed,1
4759,Rigid,606796,606798,606841,2,43,45,completed,1
4760,Rigid,606796,606798,606841,2,43,45,completed,1
4761,Rigid,606796,606798,606841,2,43,45,completed,1
4762,Rigid,606796,606798,606842,2,44,46,completed,1
4763,Rigid,606796,606798,606841,2,43,45,completed,1
4764,Rigid,606796,606798,606845,2,47,49,completed,1
4765,Rigid,606796,606798,606842,2,44,46,completed,1
4766,Rigid,606796,606798,606841,2,43,45,completed,1
4767,Rigid,606796,606798,606841,2,43,45,completed,1
4768,Rigid,606796,606798,606841,2,43,45,completed,1
4769,Rigid,606796,606798,606841,2,43,45,completed,1
4770,Rigid,606796,606798,606841,2,43,45,completed,1
4771,Rigid,606851,606852,606892,1,40,41,completed,1
4772,Rigid,606851,606852,606893,1,41,42,completed,1
4773,Rigid,606851,606852,606893,1,41,42,completed,1
4774,Rigid,606851,606852,606892,1,40,41,completed,1
4775,Rigid,606851,606852,606893,1,41,42,completed,1
4776,Rigid,606851,606852,606891,1,39,40,completed,1
4777,Rigid,606851,606852,606891,1,39,40,completed,1
4778,Rigid,606851,606852,606899,1,47,48,completed,1
4779,Rigid,606852,606852,606892,0,40,40,completed,1
4780,Rigid,606852,606856,606892,4,36,40,completed,1
4781,Rigid,606852,606856,606893,4,37,41,completed,1
4782,Rigid,606852,606856,606891,4,35,39,completed,1
4783,Rigid,606852,606856,606893,4,37,41,completed,1
4784,Rigid,606852,606856,606890,4,34,38,completed,1
4785,Rigid,606852,606856,606891,4,35,39,completed,1
4786,Rigid,606852,606856,606893,4,37,41,completed,1
4787,Rigid,606852,606856,606892,4,36,40,completed,1
4788,Rigid,606852,606856,606893,4,37,41,completed,1
4789,Rigid,606852,606856,606892,4,36,40,completed,1
4790,Rigid,606852,606856,606903,4,47,51,completed,1
4791,Rigid,606853,606856,606893,3,37,40,completed,1
4792,Rigid,606853,606856,606891,3,35,38,completed,1
4793,Rigid,606853,606856,606893,3,37,40,completed,1
4794,Rigid,606853,606856,606890,3,34,37,completed,1
4795,Rigid,606853,606856,606891,3,35,38,completed,1
4796,Rigid,606853,606856,606903,3,47,50,completed,1
4797,Rigid,606853,606856,606891,3,35,38,completed,1
4798,Rigid,606853,606856,606892,3,36,39,completed,1
4799,Rigid,606853,606856,606890,3,34,37,completed,1
4800,Rigid,606853,606856,606890,3,34,37,completed,1
4801,Rigid,606854,606856,606893,2,37,39,completed,1
4802,Rigid,606854,606856,606891,2,35,37,completed,1
4803,Rigid,606854,606856,606891,2,35,37,completed,1
4804,Rigid,606854,606856,606891,2,35,37,completed,1
4805,Rigid,606854,606856,606892,2,36,38,completed,1
4806,Rigid,606854,606856,606893,2,37,39,completed,1
4807,Rigid,606854,606856,606894,2,38,40,completed,1
4808,Rigid,606854,606856,606890,2,34,36,completed,1
4809,Rigid,606854,606856,606890,2,34,36,completed,1
4810,Rigid,606854,606856,606891,2,35,37,completed,1
4811,Rigid,606855,606856,606892,1,36,37,completed,1
4812,Rigid,606855,606856,606894,1,38,39,completed,1
4813,Rigid,606855,606856,606894,1,38,39,completed,1
4814,Rigid,606855,606856,606889,1,33,34,completed,1
4815,Rigid,606855,606856,606890,1,34,35,completed,1
4816,Rigid,606855,606856,606890,1,34,35,completed,1
4817,Rigid,606855,606856,606891,1,35,36,completed,1
4818,Rigid,606855,606856,606892,1,36,37,completed,1
4819,Rigid,606855,606856,606892,1,36,37,completed,1
4820,Rigid,606855,606856,606890,1,34,35,completed,1
4821,Rigid,606856,606856,606890,0,34,34,completed,1
4822,Rigid,606856,606860,606903,4,43,47,completed,1
4823,Rigid,606856,606860,606899,4,39,43,completed,1
4824,Rigid,606856,606860,606894,4,34,38,completed,1
4825,Rigid,606856,606860,606891,4,31,35,completed,1
4826,Rigid,606856,606860,606891,4,31,35,completed,1
4827,Rigid,606857,606860,606891,3,31,34,completed,1
4828,Rigid,606857,606860,606890,3,30,33,completed,1
4829,Rigid,606857,606860,606890,3,30,33,completed,1
4830,Rigid,606857,606860,606892,3,32,35,completed,1
4831,Rigid,606857,606860,606894,3,34,37,completed,1
4832,Rigid,606857,606860,606890,3,30,33,completed,1
4833,Rigid,606857,606860,606891,3,31,34,completed,1
4834,Rigid,606857,606860,606890,3,30,33,completed,1
4835,Rigid,606857,606860,606890,3,30,33,completed,1
4836,Rigid,606857,606860,606889,3,29,32,completed,1
4837,Rigid,606857,606860,606891,3,31,34,completed,1
4838,Rigid,606857,606860,606891,3,31,34,completed,1
4839,Rigid,606857,606860,606894,3,34,37,completed,1
4840,Rigid,606857,606860,606891,3,31,34,completed,1
4841,Rigid,606858,606860,606892,2,32,34,completed,1
4842,Rigid,606858,606860,606890,2,30,32,completed,1
4843,Rigid,606858,606860,606889,2,29,31,completed,1
4844,Rigid,606858,606860,606889,2,29,31,completed,1
4845,Rigid,606858,606860,606889,2,29,31,completed,1
4846,Rigid,606858,606860,606890,2,30,32,completed,1
4847,Rigid,606858,606860,606889,2,29,31,completed,1
4848,Rigid,606858,606860,606889,2,29,31,completed,1
4849,Rigid,606858,606860,606890,2,30,32,completed,1
4850,Rigid,606858,606860,607035,2,175,177,completed,1
4851,Rigid,606859,606860,606889,1,29,30,completed,1
4852,Rigid,606859,606860,606890,1,30,31,completed,1
4853,Rigid,606859,606860,606889,1,29,30,completed,1
4854,Rigid,606859,606860,606890,1,30,31,completed,1
4855,Rigid,606859,606860,606889,1,29,30,completed,1
4856,Rigid,606859,606860,606889,1,29,30,completed,1
4857,Rigid,606859,606860,606890,1,30,31,completed,1
4858,Rigid,606859,606860,606890,1,30,31,completed,1
4859,Rigid,606859,606860,606889,1,29,30,completed,1
4860,Rigid,606859,606860,606904,1,44,45,completed,1
4861,Rigid,606860,606860,606890,0,30,30,completed,1
4862,Rigid,606860,606864,606907,4,43,47,completed,1
4863,Rigid,606860,606864,606907,4,43,47,completed,1
4864,Rigid,606860,606864,606904,4,40,44,completed,1
4865,Rigid,606860,606864,606907,4,43,47,completed,1
4866,Rigid,606860,606864,606904,4,40,44,completed,1
4867,Rigid,606860,606864,606907,4,43,47,completed,1
4868,Rigid,606860,606864,606904,4,40,44,completed,1
4869,Rigid,606860,606864,606904,4,40,44,completed,1
4870,Rigid,606860,606864,606904,4,40,44,completed,1
4871,Rigid,606861,606864,606907,3,43,46,completed,1
4872,Rigid,606861,606864,606904,3,40,43,completed,1
4873,Rigid,606861,606864,606904,3,40,43,completed,1
4874,Rigid,606861,606864,606904,3,40,43,completed,1
4875,Rigid,606861,606864,606904,3,40,43,completed,1
4876,Rigid,606861,606864,606907,3,43,46,completed,1
4877,Rigid,606861,606864,606904,3,40,43,completed,1
4878,Rigid,606861,606864,606904,3,40,43,completed,1
4879,Rigid,606861,606864,606913,3,49,52,completed,1
4880,Rigid,606861,606864,606911,3,47,50,completed,1
4881,Rigid,606862,606864,606914,2,50,52,completed,1
4882,Rigid,606862,606864,606919,2,55,57,completed,1
4883,Rigid,606862,606864,606908,2,44,46,completed,1
4884,Rigid,606862,606864,606913,2,49,51,completed,1
4885,Rigid,606862,606864,606908,2,44,46,completed,1
4886,Rigid,606862,606864,606908,2,44,46,completed,1
4887,Rigid,606862,606864,606910,2,46,48,completed,1
4888,Rigid,606862,606864,606908,2,44,46,completed,1
4889,Rigid,606862,606864,606908,2,44,46,completed,1
4890,Rigid,606862,606864,606908,2,44,46,completed,1
4891,Rigid,606863,606864,606909,1,45,46,completed,1
4892,Rigid,606863,606864,606909,1,45,46,completed,1
4893,Rigid,606863,606864,606909,1,45,46,completed,1
4894,Rigid,606863,606864,606913,1,49,50,completed,1
4895,Rigid,606863,606864,606910,1,46,47,completed,1
4896,Rigid,606863,606864,606908,1,44,45,completed,1
4897,Rigid,606863,606864,606910,1,46,47,completed,1
4898,Rigid,606863,606864,606907,1,43,44,completed,1
4899,Rigid,606863,606864,606913,1,49,50,completed,1
4900,Rigid,606863,606864,606909,1,45,46,completed,1
4901,Rigid,606864,606864,606911,0,47,47,completed,1
4902,Rigid,606864,606865,606909,1,44,45,completed,1
4903,Rigid,606864,606865,606909,1,44,45,completed,1
4904,Rigid,606864,606865,606907,1,42,43,completed,1
4905,Rigid,606864,606865,606911,1,46,47,completed,1
4906,Rigid,606864,606865,606907,1,42,43,completed,1
4907,Rigid,606864,606865,606910,1,45,46,completed,1
4908,Rigid,606864,606865,606911,1,46,47,completed,1
4909,Rigid,606864,606865,606919,1,54,55,completed,1
4910,Rigid,606864,606865,606907,1,42,43,completed,1
4911,Rigid,606865,606868,606920,3,52,55,completed,1
4912,Rigid,606865,606868,606910,3,42,45,completed,1
4913,Rigid,606865,606868,606913,3,45,48,completed,1
4914,Rigid,606865,606868,606909,3,41,44,completed,1
4915,Rigid,606865,606868,606917,3,49,52,completed,1
4916,Rigid,606865,606868,606917,3,49,52,completed,1
4917,Rigid,606865,606868,606923,3,55,58,completed,1
4918,Rigid,606866,606868,606918,2,50,52,completed,1
4919,Rigid,606866,606868,606919,2,51,53,completed,1
4920,Rigid,606866,606868,606917,2,49,51,completed,1
4921,Rigid,606866,606868,606920,2,52,54,completed,1
4922,Rigid,606866,606868,606915,2,47,49,completed,1
4923,Rigid,606866,606868,606917,2,49,51,completed,1
4924,Rigid,606866,606868,606917,2,49,51,completed,1
4925,Rigid,606866,606868,606917,2,49,51,completed,1
4926,Rigid,606866,606868,606919,2,51,53,completed,1
4927,Rigid,606866,606868,606917,2,49,51,completed,1
4928,Rigid,606866,606868,606918,2,50,52,completed,1
4929,Rigid,606866,606868,606917,2,49,51,completed,1
4930,Rigid,606866,606868,606917,2,49,51,completed,1
4931,Rigid,606867,606868,606915,1,47,48,completed,1
4932,Rigid,606867,606868,606915,1,47,48,completed,1
4933,Rigid,606867,606868,606915,1,47,48,completed,1
4934,Rigid,606867,606868,606918,1,50,51,completed,1
4935,Rigid,606867,606868,606917,1,49,50,completed,1
4936,Rigid,606867,606868,606914,1,46,47,completed,1
4937,Rigid,606867,606868,606915,1,47,48,completed,1
4938,Rigid,606868,606868,606919,0,51,51,completed,1
4939,Rigid,606868,606868,606915,0,47,47,completed,1
4940,Rigid,606868,606868,606917,0,49,49,completed,1
4941,Rigid,606868,606872,606928,4,56,60,completed,1
4942,Rigid,606868,606872,606928,4,56,60,completed,1
4943,Rigid,606868,606872,606927,4,55,59,completed,1
4944,Rigid,606868,606872,606928,4,56,60,completed,1
4945,Rigid,606868,606872,606928,4,56,60,completed,1
4946,Rigid,606868,606872,606928,4,56,60,completed,1
4947,Rigid,606868,606872,606927,4,55,59,completed,1
4948,Rigid,606869,606872,606928,3,56,59,completed,1
4949,Rigid,606869,606872,606934,3,62,65,completed,1
4950,Rigid,606869,606872,606929,3,57,60,completed,1
4951,Rigid,606869,606872,606929,3,57,60,completed,1
4952,Rigid,606869,606872,606930,3,58,61,completed,1
4953,Rigid,606869,606872,606929,3,57,60,completed,1
4954,Rigid,606869,606872,606929,3,57,60,completed,1
4955,Rigid,606869,606872,606929,3,57,60,completed,1
4956,Rigid,606869,606872,606928,3,56,59,completed,1
4957,Rigid,606869,606872,606929,3,57,60,completed,1
4958,Rigid,606869,606872,606928,3,56,59,completed,1
4959,Rigid,606870,606872,606928,2,56,58,completed,1
4960,Rigid,606870,606872,606930,2,58,60,completed,1
4961,Rigid,606870,606872,606930,2,58,60,completed,1
4962,Rigid,606870,606872,606930,2,58,60,completed,1
4963,Rigid,606870,606872,606930,2,58,60,completed,1
4964,Rigid,606870,606872,606930,2,58,60,completed,1
4965,Rigid,606871,606872,606930,1,58,59,completed,1
4966,Rigid,606871,606872,606930,1,58,59,completed,1
4967,Rigid,606871,606872,606928,1,56,57,completed,1
4968,Rigid,606871,606872,606933,1,61,62,completed,1
4969,Rigid,606871,606872,606931,1,59,60,completed,1
4970,Rigid,606871,606872,606931,1,59,60,completed,1
4971,Rigid,606909,606910,606968,1,58,59,completed,1
4972,Rigid,606909,606910,606969,1,59,60,completed,1
4973,Rigid,606910,606910,606970,0,60,60,completed,1
4974,Rigid,606910,606910,606965,0,55,55,completed,1
4975,Rigid,606910,606910,606963,0,53,53,completed,1
4976,Rigid,606910,606910,606965,0,55,55,completed,1
4977,Rigid,606910,606910,606966,0,56,56,completed,1
4978,Rigid,606910,606910,606969,0,59,59,completed,1
4979,Rigid,606910,606910,606968,0,58,58,completed,1
4980,Rigid,606910,606910,606966,0,56,56,completed,1
4981,Rigid,606910,606910,606963,0,53,53,completed,1
4982,Rigid,606910,606910,606966,0,56,56,completed,1
4983,Rigid,606911,606911,606967,0,56,56,completed,1
4984,Rigid,606911,606911,606967,0,56,56,completed,1
4985,Rigid,606911,606911,606965,0,54,54,completed,1
4986,Rigid,606911,606911,606967,0,56,56,completed,1
4987,Rigid,606911,606911,606962,0,51,51,completed,1
4988,Rigid,606911,606911,606968,0,57,57,completed,1
4989,Rigid,606911,606911,606965,0,54,54,completed,1
4990,Rigid,606911,606911,606966,0,55,55,completed,1
4991,Rigid,606911,606912,606968,1,56,57,completed,1
4992,Rigid,606911,606912,606963,1,51,52,completed,1
4993,Rigid,606912,606912,606965,0,53,53,completed,1
4994,Rigid,606912,606912,606967,0,55,55,completed,1
4995,Rigid,606912,606912,606962,0,50,50,completed,1
4996,Rigid,606912,606912,606966,0,54,54,completed,1
4997,Rigid,606912,606912,606966,0,54,54,completed,1
4998,Rigid,606912,606912,606967,0,55,55,completed,1
4999,Rigid,606912,606912,606966,0,54,54,completed,1
5000,Rigid,606912,606912,606967,0,55,55,completed,1
5001,Rigid,606912,606912,606967,0,55,55,completed,1
5002,Rigid,606912,606913,606967,1,54,55,completed,1
5003,Rigid,606912,606913,606966,1,53,54,completed,1
5004,Rigid,606912,606913,606962,1,49,50,completed,1
5005,Rigid,606912,606913,606969,1,56,57,completed,1
5006,Rigid,606913,606913,606965,0,52,52,completed,1
5007,Rigid,606913,606914,606965,1,51,52,completed,1
5008,Rigid,606913,606914,606962,1,48,49,completed,1
5009,Rigid,606913,606914,606962,1,48,49,completed,1
5010,Rigid,606913,606914,606962,1,48,49,completed,1
5011,Rigid,606913,606914,606962,1,48,49,completed,1
5012,Rigid,606914,606914,606962,0,48,48,completed,1
5013,Rigid,606914,606914,606962,0,48,48,completed,1
5014,Rigid,606914,606914,606962,0,48,48,completed,1
5015,Rigid,606914,606914,606962,0,48,48,completed,1
5016,Rigid,606914,606914,606962,0,48,48,completed,1
5017,Rigid,606914,606914,606962,0,48,48,completed,1
5018,Rigid,606914,606914,606962,0,48,48,completed,1
5019,Rigid,606914,606914,606962,0,48,48,completed,1
5020,Rigid,606914,606914,606962,0,48,48,completed,1
5021,Rigid,606914,606915,606962,1,47,48,completed,1
5022,Rigid,606914,606915,606968,1,53,54,completed,1
5023,Rigid,606915,606915,606970,0,55,55,completed,1
5024,Rigid,606915,606915,606965,0,50,50,completed,1
5025,Rigid,606915,606915,606965,0,50,50,completed,1
5026,Rigid,606915,606916,606965,1,49,50,completed,1
5027,Rigid,606915,606916,606965,1,49,50,completed,1
5028,Rigid,606915,606916,606969,1,53,54,completed,1
5029,Rigid,606915,606916,606969,1,53,54,completed,1
5030,Rigid,606915,606916,606964,1,48,49,completed,1
5031,Rigid,606915,606916,606965,1,49,50,completed,1
5032,Rigid,606915,606916,606965,1,49,50,completed,1
5033,Rigid,606915,606916,606966,1,50,51,completed,1
5034,Rigid,606915,606916,606962,1,46,47,completed,1
5035,Rigid,606916,606916,606969,0,53,53,completed,1
5036,Rigid,606916,606916,606966,0,50,50,completed,1
5037,Rigid,606916,606916,606966,0,50,50,completed,1
5038,Rigid,606916,606916,606969,0,53,53,completed,1
5039,Rigid,606916,606916,606968,0,52,52,completed,1
5040,Rigid,606916,606916,606966,0,50,50,completed,1
5041,Rigid,606916,606917,606962,1,45,46,completed,1
5042,Rigid,606917,606918,606964,1,46,47,completed,1
5043,Rigid,606917,606918,606966,1,48,49,completed,1
5044,Rigid,606917,606918,606975,1,57,58,completed,1
5045,Rigid,606917,606918,606975,1,57,58,completed,1
5046,Rigid,606917,606918,606967,1,49,50,completed,1
5047,Rigid,606917,606918,606964,1,46,47,completed,1
5048,Rigid,606917,606918,606964,1,46,47,completed,1
5049,Rigid,606917,606918,606966,1,48,49,completed,1
5050,Rigid,606917,606918,606966,1,48,49,completed,1
5051,Rigid,606917,606918,606964,1,46,47,completed,1
5052,Rigid,606917,606918,606969,1,51,52,completed,1
5053,Rigid,606917,606918,606964,1,46,47,completed,1
5054,Rigid,606918,606918,606967,0,49,49,completed,1
5055,Rigid,606918,606918,606965,0,47,47,completed,1
5056,Rigid,606918,606918,606964,0,46,46,completed,1
5057,Rigid,606918,606918,606965,0,47,47,completed,1
5058,Rigid,606918,606918,606969,0,51,51,completed,1
5059,Rigid,606918,606918,606965,0,47,47,completed,1
5060,Rigid,606918,606919,606963,1,44,45,completed,1
5061,Rigid,606918,606919,606965,1,46,47,completed,1
5062,Rigid,606918,606919,606963,1,44,45,completed,1
5063,Rigid,606918,606919,606967,1,48,49,completed,1
5064,Rigid,606919,606919,606969,0,50,50,completed,1
5065,Rigid,606919,606919,606965,0,46,46,completed,1
5066,Rigid,606919,606919,606965,0,46,46,completed,1
5067,Rigid,606919,606919,606967,0,48,48,completed,1
5068,Rigid,606919,606919,606964,0,45,45,completed,1
5069,Rigid,606919,606919,606963,0,44,44,completed,1
5070,Rigid,606919,606920,606969,1,49,50,completed,1
5071,Rigid,606919,606920,606966,1,46,47,completed,1
5072,Rigid,606919,606920,606965,1,45,46,completed,1
5073,Rigid,606919,606920,606969,1,49,50,completed,1
5074,Rigid,606920,606920,606963,0,43,43,completed,1
5075,Rigid,606920,606920,606966,0,46,46,completed,1
5076,Rigid,606920,606920,606964,0,44,44,completed,1
5077,Rigid,606920,606920,606964,0,44,44,completed,1
5078,Rigid,606920,606920,606965,0,45,45,completed,1
5079,Rigid,606920,606920,606965,0,45,45,completed,1
5080,Rigid,606920,606920,606966,0,46,46,completed,1
5081,Rigid,606920,606920,606964,0,44,44,completed,1
5082,Rigid,606920,606921,606963,1,42,43,completed,1
5083,Rigid,606920,606921,606966,1,45,46,completed,1
5084,Rigid,606920,606921,606965,1,44,45,completed,1
5085,Rigid,606921,606921,606962,0,41,41,completed,1
5086,Rigid,606921,606921,606962,0,41,41,completed,1
5087,Rigid,606921,606921,606962,0,41,41,completed,1
5088,Rigid,606921,606921,606965,0,44,44,completed,1
5089,Rigid,606921,606921,606970,0,49,49,completed,1
5090,Rigid,606921,606921,606962,0,41,41,completed,1
5091,Rigid,606921,606921,606962,0,41,41,completed,1
5092,Rigid,606921,606922,606969,1,47,48,completed,1
5093,Rigid,606922,606922,606963,0,41,41,completed,1
5094,Rigid,606922,606922,606962,0,40,40,completed,1
5095,Rigid,606922,606922,606962,0,40,40,completed,1
5096,Rigid,606922,606922,606964,0,42,42,completed,1
5097,Rigid,606922,606922,606968,0,46,46,completed,1
5098,Rigid,606922,606922,606962,0,40,40,completed,1
5099,Rigid,606922,606922,606962,0,40,40,completed,1
5100,Rigid,606922,606924,606962,2,38,40,completed,1
5101,Rigid,606922,606924,606962,2,38,40,completed,1
5102,Rigid,606922,606924,606962,2,38,40,completed,1
5103,Rigid,606922,606924,606962,2,38,40,completed,1
5104,Rigid,606922,606924,606962,2,38,40,completed,1
5105,Rigid,606923,606924,606962,1,38,39,completed,1
5106,Rigid,606923,606924,606962,1,38,39,completed,1
5107,Rigid,606923,606924,606965,1,41,42,completed,1
5108,Rigid,606923,606924,606963,1,39,40,completed,1
5109,Rigid,606923,606924,606962,1,38,39,completed,1
5110,Rigid,606923,606924,606966,1,42,43,completed,1
5111,Rigid,606923,606924,606966,1,42,43,completed,1
5112,Rigid,606923,606924,606969,1,45,46,completed,1
5113,Rigid,606923,606924,606966,1,42,43,completed,1
5114,Rigid,606923,606924,606963,1,39,40,completed,1
5115,Rigid,606924,606924,606969,0,45,45,completed,1
5116,Rigid,606924,606924,606963,0,39,39,completed,1
5117,Rigid,606924,606924,606967,0,43,43,completed,1
5118,Rigid,606924,606924,606964,0,40,40,completed,1
5119,Rigid,606924,606924,606966,0,42,42,completed,1
5120,Rigid,606924,606924,606962,0,38,38,completed,1
5121,Rigid,606924,606925,606962,1,37,38,completed,1
5122,Rigid,606925,606925,606962,0,37,37,completed,1
5123,Rigid,606925,606925,606967,0,42,42,completed,1
5124,Rigid,606925,606925,606962,0,37,37,completed,1
5125,Rigid,606925,606925,606962,0,37,37,completed,1
5126,Rigid,606925,606925,606963,0,38,38,completed,1
5127,Rigid,606925,606925,606966,0,41,41,completed,1
5128,Rigid,606925,606925,606962,0,37,37,completed,1
5129,Rigid,606925,606926,606963,1,37,38,completed,1
5130,Rigid,606925,606926,606962,1,36,37,completed,1
5131,Rigid,606926,606926,606963,0,37,37,completed,1
5132,Rigid,606926,606926,606966,0,40,40,completed,1
5133,Rigid,606926,606926,606962,0,36,36,completed,1
5134,Rigid,606926,606926,606964,0,38,38,completed,1
5135,Rigid,606926,606926,606962,0,36,36,completed,1
5136,Rigid,606926,606926,606962,0,36,36,completed,1
5137,Rigid,606926,606926,606962,0,36,36,completed,1
5138,Rigid,606926,606926,606963,0,37,37,completed,1
5139,Rigid,606926,606926,606962,0,36,36,completed,1
5140,Rigid,606928,606929,606996,1,67,68,completed,1
5141,Rigid,606956,606958,606997,2,39,41,completed,1
5142,Rigid,606956,606958,606997,2,39,41,completed,1
5143,Rigid,606956,606958,606995,2,37,39,completed,1
5144,Rigid,606956,606958,606998,2,40,42,completed,1
5145,Rigid,606956,606958,606993,2,35,37,completed,1
5146,Rigid,606956,606958,606995,2,37,39,completed,1
5147,Rigid,606956,606958,606995,2,37,39,completed,1
5148,Rigid,606956,606958,606995,2,37,39,completed,1
5149,Rigid,606956,606958,606997,2,39,41,completed,1
5150,Rigid,606957,606958,606993,1,35,36,completed,1
5151,Rigid,606957,606958,606993,1,35,36,completed,1
5152,Rigid,606957,606958,606993,1,35,36,completed,1
5153,Rigid,606957,606958,606993,1,35,36,completed,1
5154,Rigid,606957,606958,606993,1,35,36,completed,1
5155,Rigid,606957,606958,606996,1,38,39,completed,1
5156,Rigid,606957,606958,606990,1,32,33,completed,1
5157,Rigid,606957,606958,606988,1,30,31,completed,1
5158,Rigid,606957,606958,606990,1,32,33,completed,1
5159,Rigid,606957,606958,606989,1,31,32,completed,1
5160,Rigid,606958,606958,606990,0,32,32,completed,1
5161,Rigid,606958,606958,606990,0,32,32,completed,1
5162,Rigid,606958,606958,606989,0,31,31,completed,1
5163,Rigid,606958,606962,606988,4,26,30,completed,1
5164,Rigid,606958,606962,606987,4,25,29,completed,1
5165,Rigid,606958,606962,606986,4,24,28,completed,1
5166,Rigid,606959,606962,606987,3,25,28,completed,1
5167,Rigid,606959,606962,606987,3,25,28,completed,1
5168,Rigid,606959,606962,606986,3,24,27,completed,1
5169,Rigid,606959,606962,606987,3,25,28,completed,1
5170,Rigid,606969,606969,606997,0,28,28,completed,1
5171,Rigid,606970,606970,606996,0,26,26,completed,1
5172,Rigid,606970,606970,606996,0,26,26,completed,1
5173,Rigid,606970,606970,606998,0,28,28,completed,1
5174,Rigid,606970,606970,606996,0,26,26,completed,1
5175,Rigid,606970,606970,606996,0,26,26,completed,1
5176,Rigid,606970,606970,606996,0,26,26,completed,1
5177,Rigid,606970,606970,606997,0,27,27,completed,1
5178,Rigid,606970,606970,606997,0,27,27,completed,1
5179,Rigid,606970,606970,606996,0,26,26,completed,1
5180,Rigid,606970,606970,606997,0,27,27,completed,1
5181,Rigid,606971,606971,607006,0,35,35,completed,1
5182,Rigid,606971,606972,606992,1,20,21,completed,1
5183,Rigid,606971,606972,606990,1,18,19,completed,1
5184,Rigid,606971,606972,606994,1,22,23,completed,1
5185,Rigid,606971,606972,607007,1,35,36,completed,1
5186,Rigid,606971,606972,606992,1,20,21,completed,1
5187,Rigid,606971,606972,606993,1,21,22,completed,1
5188,Rigid,606971,606972,606991,1,19,20,completed,1
5189,Rigid,606971,606972,606994,1,22,23,completed,1
5190,Rigid,606971,606972,606993,1,21,22,completed,1
5191,Rigid,606972,606973,607010,1,37,38,completed,1
5192,Rigid,606972,606973,607009,1,36,37,completed,1
5193,Rigid,606972,606973,607007,1,34,35,completed,1
5194,Rigid,606972,606973,607008,1,35,36,completed,1
5195,Rigid,606972,606973,607008,1,35,36,completed,1
5196,Rigid,606972,606973,607008,1,35,36,completed,1
5197,Rigid,606972,606973,607008,1,35,36,completed,1
5198,Rigid,606972,606973,607008,1,35,36,completed,1
5199,Rigid,606972,606973,607011,1,38,39,completed,1
5200,Rigid,606972,606973,607009,1,36,37,completed,1
5201,Rigid,606973,606973,607010,0,37,37,completed,1
5202,Rigid,606973,606973,607011,0,38,38,completed,1
5203,Rigid,606973,606973,607010,0,37,37,completed,1
5204,Rigid,606973,606973,607010,0,37,37,completed,1
5205,Rigid,606973,606973,607008,0,35,35,completed,1
5206,Rigid,606973,606973,607008,0,35,35,completed,1
5207,Rigid,606973,606973,607008,0,35,35,completed,1
5208,Rigid,606973,606973,607008,0,35,35,completed,1
5209,Rigid,606973,606973,607011,0,38,38,completed,1
5210,Rigid,606973,606973,607005,0,32,32,completed,1
5211,Rigid,606974,606976,607010,2,34,36,completed,1
5212,Rigid,606974,606976,607006,2,30,32,completed,1
5213,Rigid,606975,606976,607006,1,30,31,completed,1
5214,Rigid,606975,606976,607007,1,31,32,completed,1
5215,Rigid,606975,606976,607006,1,30,31,completed,1
5216,Rigid,606975,606976,607006,1,30,31,completed,1
5217,Rigid,606975,606976,607006,1,30,31,completed,1
5218,Rigid,606975,606976,607007,1,31,32,completed,1
5219,Rigid,606975,606976,607007,1,31,32,completed,1
5220,Rigid,606975,606976,607007,1,31,32,completed,1
5221,Rigid,606975,606976,607007,1,31,32,completed,1
5222,Rigid,606975,606976,607006,1,30,31,completed,1
5223,Rigid,606975,606976,607007,1,31,32,completed,1
5224,Rigid,606975,606976,607006,1,30,31,completed,1
5225,Rigid,606975,606976,607007,1,31,32,completed,1
5226,Rigid,606976,606976,607006,0,30,30,completed,1
5227,Rigid,606976,606978,607005,2,27,29,completed,1
5228,Rigid,606976,606978,607005,2,27,29,completed,1
5229,Rigid,606976,606978,607005,2,27,29,completed,1
5230,Rigid,606976,606978,607005,2,27,29,completed,1
5231,Rigid,606976,606978,607005,2,27,29,completed,1
5232,Rigid,606976,606978,607005,2,27,29,completed,1
5233,Rigid,606976,606978,607005,2,27,29,completed,1
5234,Rigid,606976,606978,607005,2,27,29,completed,1
5235,Rigid,607066,607066,607120,0,54,54,completed,1
5236,Rigid,607066,607066,607120,0,54,54,completed,1
5237,Rigid,607066,607066,607120,0,54,54,completed,1
5238,Rigid,607066,607066,607120,0,54,54,completed,1
5239,Rigid,607066,607066,607122,0,56,56,completed,1
5240,Rigid,607066,607066,607120,0,54,54,completed,1
5241,Rigid,607066,607066,607120,0,54,54,completed,1
5242,Rigid,607066,607066,607121,0,55,55,completed,1
5243,Rigid,607066,607066,607120,0,54,54,completed,1
5244,Rigid,607066,607066,607129,0,63,63,completed,1
5245,Rigid,607066,607066,607120,0,54,54,completed,1
5246,Rigid,607066,607066,607120,0,54,54,completed,1
5247,Rigid,607066,607066,607120,0,54,54,completed,1
5248,Rigid,607066,607066,607120,0,54,54,completed,1
5249,Rigid,607066,607066,607120,0,54,54,completed,1
5250,Rigid,607066,607066,607120,0,54,54,completed,1
5251,Rigid,607066,607066,607120,0,54,54,completed,1
5252,Rigid,607066,607066,607121,0,55,55,completed,1
5253,Rigid,607066,607066,607122,0,56,56,completed,1
5254,Rigid,607066,607066,607125,0,59,59,completed,1
5255,Rigid,607066,607066,607120,0,54,54,completed,1
5256,Rigid,607066,607066,607120,0,54,54,completed,1
5257,Rigid,607066,607066,607122,0,56,56,completed,1
5258,Rigid,607066,607066,607120,0,54,54,completed,1
5259,Rigid,607066,607066,607120,0,54,54,completed,1
5260,Rigid,607066,607066,607120,0,54,54,completed,1
5261,Rigid,607066,607066,607120,0,54,54,completed,1
5262,Rigid,607066,607066,607120,0,54,54,completed,1
5263,Rigid,607066,607071,607121,5,50,55,completed,1
5264,Rigid,607066,607071,607121,5,50,55,completed,1
5265,Rigid,607066,607066,607339,0,273,273,completed,1
5266,Rigid,607067,607071,607127,4,56,60,completed,1
5267,Rigid,607067,607071,607121,4,50,54,completed,1
5268,Rigid,607067,607071,607120,4,49,53,completed,1
5269,Rigid,607067,607071,607126,4,55,59,completed,1
5270,Rigid,607067,607071,607120,4,49,53,completed,1
5271,Rigid,607067,607071,607120,4,49,53,completed,1
5272,Rigid,607067,607071,607120,4,49,53,completed,1
5273,Rigid,607067,607071,607121,4,50,54,completed,1
5274,Rigid,607067,607071,607120,4,49,53,completed,1
5275,Rigid,607067,607071,607120,4,49,53,completed,1
5276,Rigid,607067,607071,607130,4,59,63,completed,1
5277,Rigid,607067,607071,607121,4,50,54,completed,1
5278,Rigid,607067,607071,607123,4,52,56,completed,1
5279,Rigid,607067,607071,607121,4,50,54,completed,1
5280,Rigid,607067,607071,607121,4,50,54,completed,1
5281,Rigid,607067,607071,607121,4,50,54,completed,1
5282,Rigid,607067,607071,607120,4,49,53,completed,1
5283,Rigid,607067,607071,607120,4,49,53,completed,1
5284,Rigid,607067,607071,607122,4,51,55,completed,1
5285,Rigid,607067,607071,607128,4,57,61,completed,1
5286,Rigid,607067,607071,607120,4,49,53,completed,1
5287,Rigid,607067,607071,607121,4,50,54,completed,1
5288,Rigid,607067,607071,607120,4,49,53,completed,1
5289,Rigid,607067,607071,607120,4,49,53,completed,1
5290,Rigid,607067,607071,607120,4,49,53,completed,1
5291,Rigid,607067,607071,607123,4,52,56,completed,1
5292,Rigid,607067,607071,607123,4,52,56,completed,1
5293,Rigid,607067,607071,607121,4,50,54,completed,1
5294,Rigid,607067,607071,607120,4,49,53,completed,1
5295,Rigid,607067,607071,607121,4,50,54,completed,1
5296,Rigid,607067,607071,607120,4,49,53,completed,1
5297,Rigid,607067,607071,607121,4,50,54,completed,1
5298,Rigid,607068,607071,607120,3,49,52,completed,1
5299,Rigid,607068,607071,607122,3,51,54,completed,1
5300,Rigid,607068,607071,607120,3,49,52,completed,1
5301,Rigid,607068,607071,607121,3,50,53,completed,1
5302,Rigid,607068,607071,607120,3,49,52,completed,1
5303,Rigid,607068,607071,607122,3,51,54,completed,1
5304,Rigid,607068,607071,607121,3,50,53,completed,1
5305,Rigid,607068,607071,607120,3,49,52,completed,1
5306,Rigid,607068,607071,607121,3,50,53,completed,1
5307,Rigid,607068,607071,607120,3,49,52,completed,1
5308,Rigid,607068,607071,607120,3,49,52,completed,1
5309,Rigid,607068,607071,607120,3,49,52,completed,1
5310,Rigid,607068,607071,607120,3,49,52,completed,1
5311,Rigid,607068,607071,607126,3,55,58,completed,1
5312,Rigid,607068,607071,607120,3,49,52,completed,1
5313,Rigid,607068,607071,607122,3,51,54,completed,1
5314,Rigid,607068,607071,607120,3,49,52,completed,1
5315,Rigid,607068,607071,607120,3,49,52,completed,1
5316,Rigid,607068,607071,607120,3,49,52,completed,1
5317,Rigid,607068,607071,607122,3,51,54,completed,1
5318,Rigid,607068,607071,607120,3,49,52,completed,1
5319,Rigid,607068,607071,607122,3,51,54,completed,1
5320,Rigid,607068,607071,607120,3,49,52,completed,1
5321,Rigid,607068,607071,607120,3,49,52,completed,1
5322,Rigid,607068,607071,607126,3,55,58,completed,1
5323,Rigid,607068,607071,607121,3,50,53,completed,1
5324,Rigid,607068,607071,607122,3,51,54,completed,1
5325,Rigid,607068,607071,607125,3,54,57,completed,1
5326,Rigid,607068,607071,607120,3,49,52,completed,1
5327,Rigid,607068,607071,607122,3,51,54,completed,1
5328,Rigid,607068,607071,607120,3,49,52,completed,1
5329,Rigid,607068,607071,607120,3,49,52,completed,1
5330,Rigid,607068,607071,607121,3,50,53,completed,1
5331,Rigid,607068,607071,607120,3,49,52,completed,1
5332,Rigid,607068,607071,607120,3,49,52,completed,1
5333,Rigid,607068,607071,607120,3,49,52,completed,1
5334,Rigid,607068,607071,607120,3,49,52,completed,1
5335,Rigid,607068,607071,607120,3,49,52,completed,1
5336,Rigid,607068,607071,607120,3,49,52,completed,1
5337,Rigid,607069,607071,607120,2,49,51,completed,1
5338,Rigid,607069,607071,607120,2,49,51,completed,1
5339,Rigid,607069,607071,607121,2,50,52,completed,1
5340,Rigid,607069,607071,607120,2,49,51,completed,1
5341,Rigid,607069,607071,607120,2,49,51,completed,1
5342,Rigid,607069,607071,607121,2,50,52,completed,1
5343,Rigid,607069,607071,607120,2,49,51,completed,1
5344,Rigid,607069,607071,607120,2,49,51,completed,1
5345,Rigid,607069,607071,607126,2,55,57,completed,1
5346,Rigid,607069,607071,607120,2,49,51,completed,1
5347,Rigid,607069,607071,607120,2,49,51,completed,1
5348,Rigid,607069,607071,607123,2,52,54,completed,1
5349,Rigid,607069,607071,607120,2,49,51,completed,1
5350,Rigid,607069,607071,607120,2,49,51,completed,1
5351,Rigid,607069,607071,607130,2,59,61,completed,1
5352,Rigid,607069,607071,607120,2,49,51,completed,1
5353,Rigid,607069,607071,607120,2,49,51,completed,1
5354,Rigid,607069,607071,607129,2,58,60,completed,1
5355,Rigid,607069,607071,607120,2,49,51,completed,1
5356,Rigid,607069,607071,607121,2,50,52,completed,1
5357,Rigid,607069,607071,607123,2,52,54,completed,1
5358,Rigid,607069,607071,607121,2,50,52,completed,1
5359,Rigid,607069,607071,607126,2,55,57,completed,1
5360,Rigid,607069,607071,607120,2,49,51,completed,1
5361,Rigid,607069,607071,607120,2,49,51,completed,1
5362,Rigid,607069,607071,607120,2,49,51,completed,1
5363,Rigid,607069,607071,607120,2,49,51,completed,1
5364,Rigid,607069,607071,607121,2,50,52,completed,1
5365,Rigid,607069,607071,607127,2,56,58,completed,1
5366,Rigid,607069,607071,607120,2,49,51,completed,1
5367,Rigid,607069,607071,607121,2,50,52,completed,1
5368,Rigid,607069,607071,607123,2,52,54,completed,1
5369,Rigid,607069,607071,607120,2,49,51,completed,1
5370,Rigid,607069,607071,607120,2,49,51,completed,1
5371,Rigid,607069,607071,607122,2,51,53,completed,1
5372,Rigid,607069,607071,607121,2,50,52,completed,1
5373,Rigid,607069,607071,607127,2,56,58,completed,1
5374,Rigid,607069,607071,607125,2,54,56,completed,1
5375,Rigid,607069,607071,607120,2,49,51,completed,1
5376,Rigid,607069,607071,607120,2,49,51,completed,1
5377,Rigid,607069,607071,607120,2,49,51,completed,1
5378,Rigid,607069,607071,607120,2,49,51,completed,1
5379,Rigid,607069,607071,607120,2,49,51,completed,1
5380,Rigid,607069,607071,607120,2,49,51,completed,1
5381,Rigid,607069,607071,607120,2,49,51,completed,1
5382,Rigid,607069,607071,607120,2,49,51,completed,1
5383,Rigid,607069,607071,607120,2,49,51,completed,1
5384,Rigid,607069,607071,607120,2,49,51,completed,1
5385,Rigid,607069,607071,607122,2,51,53,completed,1
5386,Rigid,607069,607071,607121,2,50,52,completed,1
5387,Rigid,607069,607071,607120,2,49,51,completed,1
5388,Rigid,607069,607071,607122,2,51,53,completed,1
5389,Rigid,607069,607071,607120,2,49,51,completed,1
5390,Rigid,607069,607071,607122,2,51,53,completed,1
5391,Rigid,607069,607071,607123,2,52,54,completed,1
5392,Rigid,607069,607071,607125,2,54,56,completed,1
5393,Rigid,607069,607071,607120,2,49,51,completed,1
5394,Rigid,607070,607071,607120,1,49,50,completed,1
5395,Rigid,607070,607071,607123,1,52,53,completed,1
5396,Rigid,607070,607071,607120,1,49,50,completed,1
5397,Rigid,607070,607071,607122,1,51,52,completed,1
5398,Rigid,607070,607071,607123,1,52,53,completed,1
5399,Rigid,607070,607071,607121,1,50,51,completed,1
5400,Rigid,607070,607071,607124,1,53,54,completed,1
5401,Rigid,607070,607071,607122,1,51,52,completed,1
5402,Rigid,607070,607071,607120,1,49,50,completed,1
5403,Rigid,607070,607071,607124,1,53,54,completed,1
5404,Rigid,607070,607071,607121,1,50,51,completed,1
5405,Rigid,607070,607071,607120,1,49,50,completed,1
5406,Rigid,607070,607071,607129,1,58,59,completed,1
5407,Rigid,607070,607071,607120,1,49,50,completed,1
5408,Rigid,607070,607071,607120,1,49,50,completed,1
5409,Rigid,607070,607071,607122,1,51,52,completed,1
5410,Rigid,607070,607071,607121,1,50,51,completed,1
5411,Rigid,607070,607071,607120,1,49,50,completed,1
5412,Rigid,607070,607071,607120,1,49,50,completed,1
5413,Rigid,607070,607071,607120,1,49,50,completed,1
5414,Rigid,607070,607071,607120,1,49,50,completed,1
5415,Rigid,607070,607071,607120,1,49,50,completed,1
5416,Rigid,607070,607071,607120,1,49,50,completed,1
5417,Rigid,607070,607071,607120,1,49,50,completed,1
5418,Rigid,607070,607071,607120,1,49,50,completed,1
5419,Rigid,607070,607071,607120,1,49,50,completed,1
5420,Rigid,607071,607071,607120,0,49,49,completed,1
5421,Rigid,607071,607074,607120,3,46,49,completed,1
5422,Rigid,607071,607074,607120,3,46,49,completed,1
5423,Rigid,607071,607074,607120,3,46,49,completed,1
5424,Rigid,607071,607074,607120,3,46,49,completed,1
5425,Rigid,607072,607074,607120,2,46,48,completed,1
5426,Rigid,607072,607074,607120,2,46,48,completed,1
5427,Rigid,607072,607074,607120,2,46,48,completed,1
5428,Rigid,607072,607074,607125,2,51,53,completed,1
5429,Rigid,607072,607074,607120,2,46,48,completed,1
5430,Rigid,607072,607074,607120,2,46,48,completed,1
5431,Rigid,607072,607074,607120,2,46,48,completed,1
5432,Rigid,607072,607074,607120,2,46,48,completed,1
5433,Rigid,607072,607074,607120,2,46,48,completed,1
5434,Rigid,607072,607074,607120,2,46,48,completed,1
5435,Rigid,607121,607121,607153,0,32,32,completed,1
5436,Rigid,607121,607121,607153,0,32,32,completed,1
5437,Rigid,607121,607121,607153,0,32,32,completed,1
5438,Rigid,607121,607121,607153,0,32,32,completed,1
5439,Rigid,607121,607122,607153,1,31,32,completed,1
5440,Rigid,607121,607122,607153,1,31,32,completed,1
5441,Rigid,607121,607122,607153,1,31,32,completed,1
5442,Rigid,607121,607122,607153,1,31,32,completed,1
5443,Rigid,607122,607122,607153,0,31,31,completed,1
5444,Rigid,607131,607131,607160,0,29,29,completed,1
5445,Rigid,607131,607131,607162,0,31,31,completed,1
5446,Rigid,607131,607131,607162,0,31,31,completed,1
5447,Rigid,607131,607131,607160,0,29,29,completed,1
5448,Rigid,607131,607131,607162,0,31,31,completed,1
5449,Rigid,607131,607131,607162,0,31,31,completed,1
5450,Rigid,607131,607131,607163,0,32,32,completed,1
5451,Rigid,607131,607132,607161,1,29,30,completed,1
5452,Rigid,607131,607132,607162,1,30,31,completed,1
5453,Rigid,607131,607132,607162,1,30,31,completed,1
5454,Rigid,607132,607134,607161,2,27,29,completed,1
5455,Rigid,607132,607134,607161,2,27,29,completed,1
5456,Rigid,607132,607134,607160,2,26,28,completed,1
5457,Rigid,607132,607134,607162,2,28,30,completed,1
5458,Rigid,607132,607134,607163,2,29,31,completed,1
5459,Rigid,607132,607134,607162,2,28,30,completed,1
5460,Rigid,607132,607134,607162,2,28,30,completed,1
5461,Rigid,607132,607134,607160,2,26,28,completed,1
5462,Rigid,607132,607134,607162,2,28,30,completed,1
5463,Rigid,607133,607134,607162,1,28,29,completed,1
5464,Rigid,607133,607134,607161,1,27,28,completed,1
5465,Rigid,607133,607134,607164,1,30,31,completed,1
5466,Rigid,607133,607134,607160,1,26,27,completed,1
5467,Rigid,607133,607134,607162,1,28,29,completed,1
5468,Rigid,607133,607134,607160,1,26,27,completed,1
5469,Rigid,607133,607134,607160,1,26,27,completed,1
5470,Rigid,607133,607134,607162,1,28,29,completed,1
5471,Rigid,607133,607134,607162,1,28,29,completed,1
5472,Rigid,607133,607134,607168,1,34,35,completed,1
5473,Rigid,607134,607135,607163,1,28,29,completed,1
5474,Rigid,607134,607135,607163,1,28,29,completed,1
5475,Rigid,607134,607135,607163,1,28,29,completed,1
5476,Rigid,607134,607135,607163,1,28,29,completed,1
5477,Rigid,607134,607135,607163,1,28,29,completed,1
5478,Rigid,607134,607135,607164,1,29,30,completed,1
5479,Rigid,607134,607135,607163,1,28,29,completed,1
5480,Rigid,607134,607135,607161,1,26,27,completed,1
5481,Rigid,607134,607135,607161,1,26,27,completed,1
5482,Rigid,607134,607135,607159,1,24,25,completed,1
5483,Rigid,607135,607135,607160,0,25,25,completed,1
5484,Rigid,607135,607135,607161,0,26,26,completed,1
5485,Rigid,607135,607135,607161,0,26,26,completed,1
5486,Rigid,607135,607135,607161,0,26,26,completed,1
5487,Rigid,607135,607135,607168,0,33,33,completed,1
5488,Rigid,607135,607138,607177,3,39,42,completed,1
5489,Rigid,607135,607138,607176,3,38,41,completed,1
5490,Rigid,607135,607138,607176,3,38,41,completed,1
5491,Rigid,607135,607138,607169,3,31,34,completed,1
5492,Rigid,607135,607138,607168,3,30,33,completed,1
5493,Rigid,607136,607138,607182,2,44,46,completed,1
5494,Rigid,607136,607138,607169,2,31,33,completed,1
5495,Rigid,607136,607138,607168,2,30,32,completed,1
5496,Rigid,607136,607138,607176,2,38,40,completed,1
5497,Rigid,607136,607138,607176,2,38,40,completed,1
5498,Rigid,607136,607138,607170,2,32,34,completed,1
5499,Rigid,607136,607138,607168,2,30,32,completed,1
5500,Rigid,607136,607138,607176,2,38,40,completed,1
5501,Rigid,607136,607138,607176,2,38,40,completed,1
5502,Rigid,607136,607138,607173,2,35,37,completed,1
5503,Rigid,607137,607138,607176,1,38,39,completed,1
5504,Rigid,607137,607138,607168,1,30,31,completed,1
5505,Rigid,607137,607138,607176,1,38,39,completed,1
5506,Rigid,607137,607138,607181,1,43,44,completed,1
5507,Rigid,607137,607138,607176,1,38,39,completed,1
5508,Rigid,607137,607138,607176,1,38,39,completed,1
5509,Rigid,607137,607138,607170,1,32,33,completed,1
5510,Rigid,607137,607138,607177,1,39,40,completed,1
5511,Rigid,607137,607138,607176,1,38,39,completed,1
5512,Rigid,607137,607138,607177,1,39,40,completed,1
5513,Rigid,607138,607142,607188,4,46,50,completed,1
5514,Rigid,607138,607142,607187,4,45,49,completed,1
5515,Rigid,607138,607142,607191,4,49,53,completed,1
5516,Rigid,607138,607142,607191,4,49,53,completed,1
5517,Rigid,607138,607142,607192,4,50,54,completed,1
5518,Rigid,607138,607142,607194,4,52,56,completed,1
5519,Rigid,607138,607142,607190,4,48,52,completed,1
5520,Rigid,607138,607142,607194,4,52,56,completed,1
5521,Rigid,607139,607142,607204,3,62,65,completed,1
5522,Rigid,607139,607142,607191,3,49,52,completed,1
5523,Rigid,607139,607142,607195,3,53,56,completed,1
5524,Rigid,607139,607142,607196,3,54,57,completed,1
5525,Rigid,607139,607142,607196,3,54,57,completed,1
5526,Rigid,607139,607142,607197,3,55,58,completed,1
5527,Rigid,607139,607142,607203,3,61,64,completed,1
5528,Rigid,607139,607142,607193,3,51,54,completed,1
5529,Rigid,607139,607142,607195,3,53,56,completed,1
5530,Rigid,607139,607142,607194,3,52,55,completed,1
5531,Rigid,607139,607142,607199,3,57,60,completed,1
5532,Rigid,607139,607142,607194,3,52,55,completed,1
5533,Rigid,607140,607142,607198,2,56,58,completed,1
5534,Rigid,607140,607142,607198,2,56,58,completed,1
5535,Rigid,607140,607142,607194,2,52,54,completed,1
5536,Rigid,607140,607142,607191,2,49,51,completed,1
5537,Rigid,607140,607142,607196,2,54,56,completed,1
5538,Rigid,607140,607142,607199,2,57,59,completed,1
5539,Rigid,607140,607142,607192,2,50,52,completed,1
5540,Rigid,607140,607142,607192,2,50,52,completed,1
5541,Rigid,607140,607142,607191,2,49,51,completed,1
5542,Rigid,607141,607142,607196,1,54,55,completed,1
5543,Rigid,607141,607142,607193,1,51,52,completed,1
5544,Rigid,607141,607142,607195,1,53,54,completed,1
5545,Rigid,607141,607142,607191,1,49,50,completed,1
5546,Rigid,607141,607142,607205,1,63,64,completed,1
5547,Rigid,607141,607142,607192,1,50,51,completed,1
5548,Rigid,607141,607142,607197,1,55,56,completed,1
5549,Rigid,607141,607142,607198,1,56,57,completed,1
5550,Rigid,607141,607142,607196,1,54,55,completed,1
5551,Rigid,607141,607142,607192,1,50,51,completed,1
5552,Rigid,607141,607142,607197,1,55,56,completed,1
5553,Rigid,607142,607146,607192,4,46,50,completed,1
5554,Rigid,607142,607146,607197,4,51,55,completed,1
5555,Rigid,607142,607146,607195,4,49,53,completed,1
5556,Rigid,607142,607146,607203,4,57,61,completed,1
5557,Rigid,607142,607146,607196,4,50,54,completed,1
5558,Rigid,607142,607146,607196,4,50,54,completed,1
5559,Rigid,607142,607146,607192,4,46,50,completed,1
5560,Rigid,607143,607146,607200,3,54,57,completed,1
5561,Rigid,607143,607146,607202,3,56,59,completed,1
5562,Rigid,607143,607146,607195,3,49,52,completed,1
5563,Rigid,607143,607146,607197,3,51,54,completed,1
5564,Rigid,607143,607146,607192,3,46,49,completed,1
5565,Rigid,607143,607146,607197,3,51,54,completed,1
5566,Rigid,607143,607146,607192,3,46,49,completed,1
5567,Rigid,607143,607146,607202,3,56,59,completed,1
5568,Rigid,607143,607146,607197,3,51,54,completed,1
5569,Rigid,607143,607146,607196,3,50,53,completed,1
5570,Rigid,607143,607146,607193,3,47,50,completed,1
5571,Rigid,607143,607146,607197,3,51,54,completed,1
5572,Rigid,607143,607146,607192,3,46,49,completed,1
5573,Rigid,607144,607146,607194,2,48,50,completed,1
5574,Rigid,607144,607146,607198,2,52,54,completed,1
5575,Rigid,607144,607146,607193,2,47,49,completed,1
5576,Rigid,607144,607146,607197,2,51,53,completed,1
5577,Rigid,607144,607146,607194,2,48,50,completed,1
5578,Rigid,607144,607146,607193,2,47,49,completed,1
5579,Rigid,607144,607146,607194,2,48,50,completed,1
5580,Rigid,607144,607146,607193,2,47,49,completed,1
5581,Rigid,607144,607146,607193,2,47,49,completed,1
5582,Rigid,607144,607146,607205,2,59,61,completed,1
5583,Rigid,607145,607146,607196,1,50,51,completed,1
5584,Rigid,607145,607146,607194,1,48,49,completed,1
5585,Rigid,607145,607146,607195,1,49,50,completed,1
5586,Rigid,607145,607146,607192,1,46,47,completed,1
5587,Rigid,607145,607146,607195,1,49,50,completed,1
5588,Rigid,607145,607146,607190,1,44,45,completed,1
5589,Rigid,607145,607146,607199,1,53,54,completed,1
5590,Rigid,607145,607146,607192,1,46,47,completed,1
5591,Rigid,607145,607146,607190,1,44,45,completed,1
5592,Rigid,607145,607146,607198,1,52,53,completed,1
5593,Rigid,607146,607150,607205,4,55,59,completed,1
5594,Rigid,607146,607150,607196,4,46,50,completed,1
5595,Rigid,607146,607150,607190,4,40,44,completed,1
5596,Rigid,607146,607150,607195,4,45,49,completed,1
5597,Rigid,607146,607150,607199,4,49,53,completed,1
5598,Rigid,607146,607150,607199,4,49,53,completed,1
5599,Rigid,607146,607150,607200,4,50,54,completed,1
5600,Rigid,607147,607150,607200,3,50,53,completed,1
5601,Rigid,607147,607150,607197,3,47,50,completed,1
5602,Rigid,607147,607150,607194,3,44,47,completed,1
5603,Rigid,607147,607150,607198,3,48,51,completed,1
5604,Rigid,607147,607150,607195,3,45,48,completed,1
5605,Rigid,607147,607150,607189,3,39,42,completed,1
5606,Rigid,607147,607150,607199,3,49,52,completed,1
5607,Rigid,607147,607150,607193,3,43,46,completed,1
5608,Rigid,607147,607150,607199,3,49,52,completed,1
5609,Rigid,607147,607150,607204,3,54,57,completed,1
5610,Rigid,607147,607150,607193,3,43,46,completed,1
5611,Rigid,607147,607150,607198,3,48,51,completed,1
5612,Rigid,607147,607150,607198,3,48,51,completed,1
5613,Rigid,607148,607150,607200,2,50,52,completed,1
5614,Rigid,607148,607150,607190,2,40,42,completed,1
5615,Rigid,607148,607150,607197,2,47,49,completed,1
5616,Rigid,607148,607150,607196,2,46,48,completed,1
5617,Rigid,607148,607150,607195,2,45,47,completed,1
5618,Rigid,607148,607150,607198,2,48,50,completed,1
5619,Rigid,607148,607150,607197,2,47,49,completed,1
5620,Rigid,607148,607150,607193,2,43,45,completed,1
5621,Rigid,607148,607150,607200,2,50,52,completed,1
5622,Rigid,607148,607150,607196,2,46,48,completed,1
5623,Rigid,607149,607150,607185,1,35,36,completed,1
5624,Rigid,607149,607150,607185,1,35,36,completed,1
5625,Rigid,607149,607150,607188,1,38,39,completed,1
5626,Rigid,607149,607150,607187,1,37,38,completed,1
5627,Rigid,607149,607150,607185,1,35,36,completed,1
5628,Rigid,607149,607150,607185,1,35,36,completed,1
5629,Rigid,607149,607150,607185,1,35,36,completed,1
5630,Rigid,607149,607150,607200,1,50,51,completed,1
5631,Rigid,607149,607150,607187,1,37,38,completed,1
5632,Rigid,607149,607150,607185,1,35,36,completed,1
5633,Rigid,607150,607154,607185,4,31,35,completed,1
5634,Rigid,607160,607161,607238,1,77,78,completed,1
5635,Rigid,607160,607161,607235,1,74,75,completed,1
5636,Rigid,607161,607161,607235,0,74,74,completed,1
5637,Rigid,607161,607162,607235,1,73,74,completed,1
5638,Rigid,607162,607162,607235,0,73,73,completed,1
5639,Rigid,607162,607162,607233,0,71,71,completed,1
5640,Rigid,607162,607163,607238,1,75,76,completed,1
5641,Rigid,607162,607163,607236,1,73,74,completed,1
5642,Rigid,607162,607163,607235,1,72,73,completed,1
5643,Rigid,607163,607163,607236,0,73,73,completed,1
5644,Rigid,607163,607163,607235,0,72,72,completed,1
5645,Rigid,607163,607163,607239,0,76,76,completed,1
5646,Rigid,607163,607164,607237,1,73,74,completed,1
5647,Rigid,607163,607164,607238,1,74,75,completed,1
5648,Rigid,607164,607164,607238,0,74,74,completed,1
5649,Rigid,607164,607164,607237,0,73,73,completed,1
5650,Rigid,607164,607164,607237,0,73,73,completed,1
5651,Rigid,607164,607164,607237,0,73,73,completed,1
5652,Rigid,607164,607164,607237,0,73,73,completed,1
5653,Rigid,607164,607164,607235,0,71,71,completed,1
5654,Rigid,607164,607164,607235,0,71,71,completed,1
5655,Rigid,607167,607169,607237,2,68,70,completed,1
5656,Rigid,607167,607169,607239,2,70,72,completed,1
5657,Rigid,607179,607180,607233,1,53,54,completed,1
5658,Rigid,607180,607180,607236,0,56,56,completed,1
5659,Rigid,607180,607180,607235,0,55,55,completed,1
5660,Rigid,607180,607180,607241,0,61,61,completed,1
5661,Rigid,607180,607180,607234,0,54,54,completed,1
5662,Rigid,607180,607180,607236,0,56,56,completed,1
5663,Rigid,607180,607183,607238,3,55,58,completed,1
5664,Rigid,607180,607183,607236,3,53,56,completed,1
5665,Rigid,607180,607183,607235,3,52,55,completed,1
5666,Rigid,607191,607192,607238,1,46,47,completed,1
5667,Rigid,607192,607192,607236,0,44,44,completed,1
5668,Rigid,607192,607192,607235,0,43,43,completed,1
5669,Rigid,607192,607192,607235,0,43,43,completed,1
5670,Rigid,607192,607192,607237,0,45,45,completed,1
5671,Rigid,607192,607192,607237,0,45,45,completed,1
5672,Rigid,607192,607193,607238,1,45,46,completed,1
5673,Rigid,607193,607193,607235,0,42,42,completed,1
5674,Rigid,607193,607193,607236,0,43,43,completed,1
5675,Rigid,607193,607193,607238,0,45,45,completed,1
5676,Rigid,607193,607193,607236,0,43,43,completed,1
5677,Rigid,607193,607193,607233,0,40,40,completed,1
5678,Rigid,607193,607193,607237,0,44,44,completed,1
5679,Rigid,607193,607193,607236,0,43,43,completed,1
5680,Rigid,607193,607193,607235,0,42,42,completed,1
5681,Rigid,607193,607193,607237,0,44,44,completed,1
5682,Rigid,607193,607193,607237,0,44,44,completed,1
5683,Rigid,607194,607194,607237,0,43,43,completed,1
5684,Rigid,607194,607194,607238,0,44,44,completed,1
5685,Rigid,607194,607194,607248,0,54,54,completed,1
5686,Rigid,607194,607194,607237,0,43,43,completed,1
5687,Rigid,607194,607194,607234,0,40,40,completed,1
5688,Rigid,607194,607194,607235,0,41,41,completed,1
5689,Rigid,607194,607194,607237,0,43,43,completed,1
5690,Rigid,607194,607194,607236,0,42,42,completed,1
5691,Rigid,607194,607194,607234,0,40,40,completed,1
5692,Rigid,607194,607194,607236,0,42,42,completed,1
5693,Rigid,607195,607195,607238,0,43,43,completed,1
5694,Rigid,607196,607196,607236,0,40,40,completed,1
5695,Rigid,607196,607196,607235,0,39,39,completed,1
5696,Rigid,607196,607196,607235,0,39,39,completed,1
5697,Rigid,607196,607196,607237,0,41,41,completed,1
5698,Rigid,607196,607196,607235,0,39,39,completed,1
5699,Rigid,607196,607196,607237,0,41,41,completed,1
5700,Rigid,607196,607196,607238,0,42,42,completed,1
5701,Rigid,607196,607196,607236,0,40,40,completed,1
5702,Rigid,607196,607196,607238,0,42,42,completed,1
5703,Rigid,607196,607196,607237,0,41,41,completed,1
5704,Rigid,607196,607196,607238,0,42,42,completed,1
5705,Rigid,607196,607196,607235,0,39,39,completed,1
5706,Rigid,607196,607196,607240,0,44,44,completed,1
5707,Rigid,607196,607196,607232,0,36,36,completed,1
5708,Rigid,607196,607196,607235,0,39,39,completed,1
5709,Rigid,607196,607196,607246,0,50,50,completed,1
5710,Rigid,607197,607197,607238,0,41,41,completed,1
5711,Rigid,607197,607197,607238,0,41,41,completed,1
5712,Rigid,607197,607197,607236,0,39,39,completed,1
5713,Rigid,607197,607197,607235,0,38,38,completed,1
5714,Rigid,607197,607197,607233,0,36,36,completed,1
5715,Rigid,607197,607197,607240,0,43,43,completed,1
5716,Rigid,607197,607197,607240,0,43,43,completed,1
5717,Rigid,607197,607197,607236,0,39,39,completed,1
5718,Rigid,607197,607197,607237,0,40,40,completed,1
5719,Rigid,607197,607197,607240,0,43,43,completed,1
5720,Rigid,607197,607197,607233,0,36,36,completed,1
5721,Rigid,607197,607197,607236,0,39,39,completed,1
5722,Rigid,607197,607197,607232,0,35,35,completed,1
5723,Rigid,607198,607198,607235,0,37,37,completed,1
5724,Rigid,607198,607198,607238,0,40,40,completed,1
5725,Rigid,607198,607198,607240,0,42,42,completed,1
5726,Rigid,607198,607198,607235,0,37,37,completed,1
5727,Rigid,607198,607198,607235,0,37,37,completed,1
5728,Rigid,607198,607198,607240,0,42,42,completed,1
5729,Rigid,607198,607198,607235,0,37,37,completed,1
5730,Rigid,607198,607199,607236,1,37,38,completed,1
5731,Rigid,607199,607199,607225,0,26,26,completed,1
5732,Rigid,607199,607199,607224,0,25,25,completed,1
5733,Rigid,607199,607199,607223,0,24,24,completed,1
5734,Rigid,607199,607199,607223,0,24,24,completed,1
5735,Rigid,607199,607199,607225,0,26,26,completed,1
5736,Rigid,607199,607199,607224,0,25,25,completed,1
5737,Rigid,607199,607199,607223,0,24,24,completed,1
5738,Rigid,607199,607199,607223,0,24,24,completed,1
5739,Rigid,607199,607200,607223,1,23,24,completed,1
5740,Rigid,607200,607200,607236,0,36,36,completed,1
5741,Rigid,607200,607200,607235,0,35,35,completed,1
5742,Rigid,607200,607200,607232,0,32,32,completed,1
5743,Rigid,607200,607200,607238,0,38,38,completed,1
5744,Rigid,607200,607200,607235,0,35,35,completed,1
5745,Rigid,607200,607200,607238,0,38,38,completed,1
5746,Rigid,607200,607200,607237,0,37,37,completed,1
5747,Rigid,607200,607200,607232,0,32,32,completed,1
5748,Rigid,607201,607201,607238,0,37,37,completed,1
5749,Rigid,607201,607201,607226,0,25,25,completed,1
5750,Rigid,607201,607201,607225,0,24,24,completed,1
5751,Rigid,607201,607201,607228,0,27,27,completed,1
5752,Rigid,607201,607201,607226,0,25,25,completed,1
5753,Rigid,607201,607201,607226,0,25,25,completed,1
5754,Rigid,607201,607201,607225,0,24,24,completed,1
5755,Rigid,607201,607201,607225,0,24,24,completed,1
5756,Rigid,607201,607202,607233,1,31,32,completed,1
5757,Rigid,607202,607202,607226,0,24,24,completed,1
5758,Rigid,607202,607202,607226,0,24,24,completed,1
5759,Rigid,607202,607202,607226,0,24,24,completed,1
5760,Rigid,607202,607202,607229,0,27,27,completed,1
5761,Rigid,607202,607202,607225,0,23,23,completed,1
5762,Rigid,607202,607203,607263,1,60,61,completed,1
5763,Rigid,607202,607203,607253,1,50,51,completed,1
5764,Rigid,607202,607203,607252,1,49,50,completed,1
5765,Rigid,607202,607203,607252,1,49,50,completed,1
5766,Rigid,607203,607203,607255,0,52,52,completed,1
5767,Rigid,607203,607203,607253,0,50,50,completed,1
5768,Rigid,607203,607203,607251,0,48,48,completed,1
5769,Rigid,607203,607203,607253,0,50,50,completed,1
5770,Rigid,607203,607203,607253,0,50,50,completed,1
5771,Rigid,607203,607204,607251,1,47,48,completed,1
5772,Rigid,607203,607204,607250,1,46,47,completed,1
5773,Rigid,607203,607204,607250,1,46,47,completed,1
5774,Rigid,607203,607204,607251,1,47,48,completed,1
5775,Rigid,607204,607204,607250,0,46,46,completed,1
5776,Rigid,607204,607204,607253,0,49,49,completed,1
5777,Rigid,607204,607204,607250,0,46,46,completed,1
5778,Rigid,607204,607204,607251,0,47,47,completed,1
5779,Rigid,607204,607204,607251,0,47,47,completed,1
5780,Rigid,607204,607204,607251,0,47,47,completed,1
5781,Rigid,607204,607204,607250,0,46,46,completed,1
5782,Rigid,607204,607204,607253,0,49,49,completed,1
5783,Rigid,607205,607205,607246,0,41,41,completed,1
5784,Rigid,607205,607205,607247,0,42,42,completed,1
5785,Rigid,607205,607205,607248,0,43,43,completed,1
5786,Rigid,607205,607205,607247,0,42,42,completed,1
5787,Rigid,607205,607205,607248,0,43,43,completed,1
5788,Rigid,607205,607205,607250,0,45,45,completed,1
5789,Rigid,607205,607205,607247,0,42,42,completed,1
5790,Rigid,607205,607205,607247,0,42,42,completed,1
5791,Rigid,607205,607205,607248,0,43,43,completed,1
5792,Rigid,607205,607205,607248,0,43,43,completed,1
5793,Rigid,607205,607206,607247,1,41,42,completed,1
5794,Rigid,607206,607206,607251,0,45,45,completed,1
5795,Rigid,607206,607206,607250,0,44,44,completed,1
5796,Rigid,607206,607206,607250,0,44,44,completed,1
5797,Rigid,607206,607206,607252,0,46,46,completed,1
5798,Rigid,607206,607206,607253,0,47,47,completed,1
5799,Rigid,607206,607206,607250,0,44,44,completed,1
5800,Rigid,607206,607207,607250,1,43,44,completed,1
5801,Rigid,607206,607207,607252,1,45,46,completed,1
5802,Rigid,607206,607207,607250,1,43,44,completed,1
5803,Rigid,607207,607207,607253,0,46,46,completed,1
5804,Rigid,607207,607210,607260,3,50,53,completed,1
5805,Rigid,607207,607210,607260,3,50,53,completed,1
5806,Rigid,607207,607210,607260,3,50,53,completed,1
5807,Rigid,607207,607210,607261,3,51,54,completed,1
5808,Rigid,607207,607210,607260,3,50,53,completed,1
5809,Rigid,607207,607210,607260,3,50,53,completed,1
5810,Rigid,607207,607210,607262,3,52,55,completed,1
5811,Rigid,607207,607210,607262,3,52,55,completed,1
5812,Rigid,607207,607210,607263,3,53,56,completed,1
5813,Rigid,607207,607210,607266,3,56,59,completed,1
5814,Rigid,607208,607210,607262,2,52,54,completed,1
5815,Rigid,607208,607210,607262,2,52,54,completed,1
5816,Rigid,607208,607210,607266,2,56,58,completed,1
5817,Rigid,607208,607210,607262,2,52,54,completed,1
5818,Rigid,607208,607210,607262,2,52,54,completed,1
5819,Rigid,607208,607210,607262,2,52,54,completed,1
5820,Rigid,607208,607210,607263,2,53,55,completed,1
5821,Rigid,607208,607210,607263,2,53,55,completed,1
5822,Rigid,607208,607210,607262,2,52,54,completed,1
5823,Rigid,607225,607225,607271,0,46,46,completed,1
5824,Rigid,607225,607225,607272,0,47,47,completed,1
5825,Rigid,607225,607225,607272,0,47,47,completed,1
5826,Rigid,607226,607226,607271,0,45,45,completed,1
5827,Rigid,607226,607226,607271,0,45,45,completed,1
5828,Rigid,607226,607226,607273,0,47,47,completed,1
5829,Rigid,607226,607226,607272,0,46,46,completed,1
5830,Rigid,607227,607227,607273,0,46,46,completed,1
5831,Rigid,607227,607227,607273,0,46,46,completed,1
5832,Rigid,607227,607227,607278,0,51,51,completed,1
5833,Rigid,607227,607227,607273,0,46,46,completed,1
5834,Rigid,607227,607227,607273,0,46,46,completed,1
5835,Rigid,607227,607227,607273,0,46,46,completed,1
5836,Rigid,607228,607229,607271,1,42,43,completed,1
5837,Rigid,607228,607229,607271,1,42,43,completed,1
5838,Rigid,607228,607229,607275,1,46,47,completed,1
5839,Rigid,607228,607229,607276,1,47,48,completed,1
5840,Rigid,607235,607235,607274,0,39,39,completed,1
5841,Rigid,607235,607235,607273,0,38,38,completed,1
5842,Rigid,607236,607236,607273,0,37,37,completed,1
5843,Rigid,607236,607236,607274,0,38,38,completed,1
5844,Rigid,607237,607237,607272,0,35,35,completed,1
5845,Rigid,607237,607237,607274,0,37,37,completed,1
5846,Rigid,607237,607237,607272,0,35,35,completed,1
5847,Rigid,607237,607237,607274,0,37,37,completed,1
5848,Rigid,607237,607237,607275,0,38,38,completed,1
5849,Rigid,607237,607237,607274,0,37,37,completed,1
5850,Rigid,607237,607237,607276,0,39,39,completed,1
5851,Rigid,607237,607237,607275,0,38,38,completed,1
5852,Rigid,607237,607237,607274,0,37,37,completed,1
5853,Rigid,607238,607238,607275,0,37,37,completed,1
5854,Rigid,607238,607238,607277,0,39,39,completed,1
5855,Rigid,607238,607238,607275,0,37,37,completed,1
5856,Rigid,607238,607238,607276,0,38,38,completed,1
5857,Rigid,607238,607238,607276,0,38,38,completed,1
5858,Rigid,607238,607238,607274,0,36,36,completed,1
5859,Rigid,607238,607239,607275,1,36,37,completed,1
5860,Rigid,607238,607239,607275,1,36,37,completed,1
5861,Rigid,607238,607239,607276,1,37,38,completed,1
5862,Rigid,607251,607251,607307,0,56,56,completed,1
5863,Rigid,607251,607251,607305,0,54,54,completed,1
5864,Rigid,607252,607252,607309,0,57,57,completed,1
5865,Rigid,607252,607252,607305,0,53,53,completed,1
5866,Rigid,607252,607252,607305,0,53,53,completed,1
5867,Rigid,607252,607252,607305,0,53,53,completed,1
5868,Rigid,607252,607252,607305,0,53,53,completed,1
5869,Rigid,607252,607252,607306,0,54,54,completed,1
5870,Rigid,607252,607252,607305,0,53,53,completed,1
5871,Rigid,607252,607252,607305,0,53,53,completed,1
5872,Rigid,607252,607252,607305,0,53,53,completed,1
5873,Rigid,607252,607252,607305,0,53,53,completed,1
5874,Rigid,607252,607252,607306,0,54,54,completed,1
5875,Rigid,607252,607252,607312,0,60,60,completed,1
5876,Rigid,607252,607252,607305,0,53,53,completed,1
5877,Rigid,607252,607252,607305,0,53,53,completed,1
5878,Rigid,607252,607252,607307,0,55,55,completed,1
5879,Rigid,607252,607252,607305,0,53,53,completed,1
5880,Rigid,607253,607253,607305,0,52,52,completed,1
5881,Rigid,607253,607253,607309,0,56,56,completed,1
5882,Rigid,607253,607253,607310,0,57,57,completed,1
5883,Rigid,607253,607253,607309,0,56,56,completed,1
5884,Rigid,607253,607253,607309,0,56,56,completed,1
5885,Rigid,607253,607253,607310,0,57,57,completed,1
5886,Rigid,607253,607253,607309,0,56,56,completed,1
5887,Rigid,607253,607253,607310,0,57,57,completed,1
5888,Rigid,607253,607253,607317,0,64,64,completed,1
5889,Rigid,607253,607253,607308,0,55,55,completed,1
5890,Rigid,607254,607254,607305,0,51,51,completed,1
5891,Rigid,607254,607254,607309,0,55,55,completed,1
5892,Rigid,607254,607254,607305,0,51,51,completed,1
5893,Rigid,607254,607254,607305,0,51,51,completed,1
5894,Rigid,607254,607254,607305,0,51,51,completed,1
5895,Rigid,607254,607254,607305,0,51,51,completed,1
5896,Rigid,607254,607254,607305,0,51,51,completed,1
5897,Rigid,607254,607254,607305,0,51,51,completed,1
5898,Rigid,607254,607254,607305,0,51,51,completed,1
5899,Rigid,607254,607254,607305,0,51,51,completed,1
5900,Rigid,607255,607256,607306,1,50,51,completed,1
5901,Rigid,607255,607256,607305,1,49,50,completed,1
5902,Rigid,607255,607256,607305,1,49,50,completed,1
5903,Rigid,607255,607256,607305,1,49,50,completed,1
5904,Rigid,607255,607256,607305,1,49,50,completed,1
5905,Rigid,607255,607256,607310,1,54,55,completed,1
5906,Rigid,607255,607256,607308,1,52,53,completed,1
5907,Rigid,607255,607256,607309,1,53,54,completed,1
5908,Rigid,607255,607256,607309,1,53,54,completed,1
5909,Rigid,607255,607256,607309,1,53,54,completed,1
5910,Rigid,607256,607258,607307,2,49,51,completed,1
5911,Rigid,607256,607258,607306,2,48,50,completed,1
5912,Rigid,607256,607258,607306,2,48,50,completed,1
5913,Rigid,607256,607258,607305,2,47,49,completed,1
5914,Rigid,607256,607258,607306,2,48,50,completed,1
5915,Rigid,607256,607258,607306,2,48,50,completed,1
5916,Rigid,607256,607258,607307,2,49,51,completed,1
5917,Rigid,607256,607258,607305,2,47,49,completed,1
5918,Rigid,607257,607258,607309,1,51,52,completed,1
5919,Rigid,607257,607258,607306,1,48,49,completed,1
5920,Rigid,607257,607258,607307,1,49,50,completed,1
5921,Rigid,607257,607258,607306,1,48,49,completed,1
5922,Rigid,607257,607258,607305,1,47,48,completed,1
5923,Rigid,607257,607258,607306,1,48,49,completed,1
5924,Rigid,607257,607258,607307,1,49,50,completed,1
5925,Rigid,607257,607258,607312,1,54,55,completed,1
5926,Rigid,607257,607258,607309,1,51,52,completed,1
5927,Rigid,607257,607258,607310,1,52,53,completed,1
5928,Rigid,607257,607258,607310,1,52,53,completed,1
5929,Rigid,607257,607258,607311,1,53,54,completed,1
5930,Rigid,607258,607258,607309,0,51,51,completed,1
5931,Rigid,607258,607258,607310,0,52,52,completed,1
5932,Rigid,607258,607258,607309,0,51,51,completed,1
5933,Rigid,607258,607258,607311,0,53,53,completed,1
5934,Rigid,607258,607258,607309,0,51,51,completed,1
5935,Rigid,607258,607258,607309,0,51,51,completed,1
5936,Rigid,607258,607258,607310,0,52,52,completed,1
5937,Rigid,607258,607258,607310,0,52,52,completed,1
5938,Rigid,607258,607258,607309,0,51,51,completed,1
5939,Rigid,607258,607258,607310,0,52,52,completed,1
5940,Rigid,607259,607262,607310,3,48,51,completed,1
5941,Rigid,607260,607262,607311,2,49,51,completed,1
5942,Rigid,607260,607262,607310,2,48,50,completed,1
5943,Rigid,607260,607262,607309,2,47,49,completed,1
5944,Rigid,607260,607262,607310,2,48,50,completed,1
5945,Rigid,607261,607262,607309,1,47,48,completed,1
5946,Rigid,607261,607262,607310,1,48,49,completed,1
5947,Rigid,607261,607262,607310,1,48,49,completed,1
5948,Rigid,607261,607262,607309,1,47,48,completed,1
5949,Rigid,607261,607262,607311,1,49,50,completed,1
5950,Rigid,607261,607262,607311,1,49,50,completed,1
5951,Rigid,607261,607262,607311,1,49,50,completed,1
5952,Rigid,607261,607262,607311,1,49,50,completed,1
5953,Rigid,607261,607262,607311,1,49,50,completed,1
5954,Rigid,607261,607262,607311,1,49,50,completed,1
5955,Rigid,607261,607262,607309,1,47,48,completed,1
5956,Rigid,607261,607262,607311,1,49,50,completed,1
5957,Rigid,607261,607262,607312,1,50,51,completed,1
5958,Rigid,607261,607262,607309,1,47,48,completed,1
5959,Rigid,607261,607262,607310,1,48,49,completed,1
5960,Rigid,607261,607262,607311,1,49,50,completed,1
5961,Rigid,607262,607262,607311,0,49,49,completed,1
5962,Rigid,607262,607262,607311,0,49,49,completed,1
5963,Rigid,607262,607262,607308,0,46,46,completed,1
5964,Rigid,607262,607262,607310,0,48,48,completed,1
5965,Rigid,607262,607262,607311,0,49,49,completed,1
5966,Rigid,607262,607262,607310,0,48,48,completed,1
5967,Rigid,607262,607262,607309,0,47,47,completed,1
5968,Rigid,607262,607262,607311,0,49,49,completed,1
5969,Rigid,607262,607262,607309,0,47,47,completed,1
5970,Rigid,607263,607263,607308,0,45,45,completed,1
5971,Rigid,607263,607263,607311,0,48,48,completed,1
5972,Rigid,607263,607263,607309,0,46,46,completed,1
5973,Rigid,607263,607263,607310,0,47,47,completed,1
5974,Rigid,607263,607263,607311,0,48,48,completed,1
5975,Rigid,607263,607263,607309,0,46,46,completed,1
5976,Rigid,607263,607263,607311,0,48,48,completed,1
5977,Rigid,607263,607263,607310,0,47,47,completed,1
5978,Rigid,607263,607263,607310,0,47,47,completed,1
5979,Rigid,607263,607264,607308,1,44,45,completed,1
5980,Rigid,607263,607264,607309,1,45,46,completed,1
5981,Rigid,607264,607264,607309,0,45,45,completed,1
5982,Rigid,607264,607264,607305,0,41,41,completed,1
5983,Rigid,607264,607264,607305,0,41,41,completed,1
5984,Rigid,607264,607264,607305,0,41,41,completed,1
5985,Rigid,607264,607264,607305,0,41,41,completed,1
5986,Rigid,607264,607264,607305,0,41,41,completed,1
5987,Rigid,607264,607264,607305,0,41,41,completed,1
5988,Rigid,607264,607264,607305,0,41,41,completed,1
5989,Rigid,607265,607266,607305,1,39,40,completed,1
5990,Rigid,607265,607266,607307,1,41,42,completed,1
5991,Rigid,607265,607266,607305,1,39,40,completed,1
5992,Rigid,607265,607266,607308,1,42,43,completed,1
5993,Rigid,607265,607266,607305,1,39,40,completed,1
5994,Rigid,607265,607266,607308,1,42,43,completed,1
5995,Rigid,607265,607266,607306,1,40,41,completed,1
5996,Rigid,607266,607266,607305,0,39,39,completed,1
5997,Rigid,607266,607266,607305,0,39,39,completed,1
5998,Rigid,607266,607266,607305,0,39,39,completed,1
5999,Rigid,607266,607266,607305,0,39,39,completed,1
6000,Rigid,607266,607266,607305,0,39,39,completed,1
6001,Rigid,607266,607266,607305,0,39,39,completed,1
6002,Rigid,607266,607266,607305,0,39,39,completed,1
6003,Rigid,607266,607266,607305,0,39,39,completed,1
6004,Rigid,607266,607266,607305,0,39,39,completed,1
6005,Rigid,607266,607266,607305,0,39,39,completed,1
6006,Rigid,607266,607266,607305,0,39,39,completed,1
6007,Rigid,607303,607303,607706,0,403,403,completed,36
6008,Rigid,607311,607311,607895,0,584,584,completed,36
6009,Rigid,607376,607378,607434,2,56,58,completed,1
6010,Rigid,607376,607378,607431,2,53,55,completed,1
6011,Rigid,607376,607378,607434,2,56,58,completed,1
6012,Rigid,607376,607378,607430,2,52,54,completed,1
6013,Rigid,607376,607378,607433,2,55,57,completed,1
6014,Rigid,607377,607378,607431,1,53,54,completed,1
6015,Rigid,607377,607378,607430,1,52,53,completed,1
6016,Rigid,607377,607378,607430,1,52,53,completed,1
6017,Rigid,607377,607378,607430,1,52,53,completed,1
6018,Rigid,607377,607378,607431,1,53,54,completed,1
6019,Rigid,607377,607378,607431,1,53,54,completed,1
6020,Rigid,607377,607378,607430,1,52,53,completed,1
6021,Rigid,607377,607378,607430,1,52,53,completed,1
6022,Rigid,607377,607378,607432,1,54,55,completed,1
6023,Rigid,607377,607378,607434,1,56,57,completed,1
6024,Rigid,607377,607378,607430,1,52,53,completed,1
6025,Rigid,607377,607378,607432,1,54,55,completed,1
6026,Rigid,607377,607378,607431,1,53,54,completed,1
6027,Rigid,607377,607378,607431,1,53,54,completed,1
6028,Rigid,607377,607378,607430,1,52,53,completed,1
6029,Rigid,607377,607378,607430,1,52,53,completed,1
6030,Rigid,607377,607378,607430,1,52,53,completed,1
6031,Rigid,607377,607378,607430,1,52,53,completed,1
6032,Rigid,607377,607378,607430,1,52,53,completed,1
6033,Rigid,607377,607378,607432,1,54,55,completed,1
6034,Rigid,607377,607378,607431,1,53,54,completed,1
6035,Rigid,607377,607378,607430,1,52,53,completed,1
6036,Rigid,607377,607378,607430,1,52,53,completed,1
6037,Rigid,607377,607378,607431,1,53,54,completed,1
6038,Rigid,607377,607378,607433,1,55,56,completed,1
6039,Rigid,607377,607378,607431,1,53,54,completed,1
6040,Rigid,607377,607378,607431,1,53,54,completed,1
6041,Rigid,607377,607378,607432,1,54,55,completed,1
6042,Rigid,607377,607378,607432,1,54,55,completed,1
6043,Rigid,607377,607378,607430,1,52,53,completed,1
6044,Rigid,607377,607378,607430,1,52,53,completed,1
6045,Rigid,607377,607378,607433,1,55,56,completed,1
6046,Rigid,607377,607378,607430,1,52,53,completed,1
6047,Rigid,607377,607378,607432,1,54,55,completed,1
6048,Rigid,607377,607378,607430,1,52,53,completed,1
6049,Rigid,607377,607378,607430,1,52,53,completed,1
6050,Rigid,607377,607378,607430,1,52,53,completed,1
6051,Rigid,607377,607378,607430,1,52,53,completed,1
6052,Rigid,607378,607378,607431,0,53,53,completed,1
6053,Rigid,607378,607378,607432,0,54,54,completed,1
6054,Rigid,607378,607378,607430,0,52,52,completed,1
6055,Rigid,607378,607378,607432,0,54,54,completed,1
6056,Rigid,607378,607378,607430,0,52,52,completed,1
6057,Rigid,607378,607378,607430,0,52,52,completed,1
6058,Rigid,607378,607378,607430,0,52,52,completed,1
6059,Rigid,607378,607378,607432,0,54,54,completed,1
6060,Rigid,607378,607378,607430,0,52,52,completed,1
6061,Rigid,607378,607378,607430,0,52,52,completed,1
6062,Rigid,607378,607378,607430,0,52,52,completed,1
6063,Rigid,607378,607378,607430,0,52,52,completed,1
6064,Rigid,607378,607378,607431,0,53,53,completed,1
6065,Rigid,607378,607378,607430,0,52,52,completed,1
6066,Rigid,607378,607378,607430,0,52,52,completed,1
6067,Rigid,607378,607378,607430,0,52,52,completed,1
6068,Rigid,607378,607378,607432,0,54,54,completed,1
6069,Rigid,607378,607378,607430,0,52,52,completed,1
6070,Rigid,607378,607378,607430,0,52,52,completed,1
6071,Rigid,607378,607378,607433,0,55,55,completed,1
6072,Rigid,607378,607378,607435,0,57,57,completed,1
6073,Rigid,607378,607378,607433,0,55,55,completed,1
6074,Rigid,607378,607378,607430,0,52,52,completed,1
6075,Rigid,607378,607378,607432,0,54,54,completed,1
6076,Rigid,607378,607378,607430,0,52,52,completed,1
6077,Rigid,607378,607378,607430,0,52,52,completed,1
6078,Rigid,607378,607378,607433,0,55,55,completed,1
6079,Rigid,607378,607378,607430,0,52,52,completed,1
6080,Rigid,607378,607378,607433,0,55,55,completed,1
6081,Rigid,607378,607378,607432,0,54,54,completed,1
6082,Rigid,607378,607378,607431,0,53,53,completed,1
6083,Rigid,607378,607378,607431,0,53,53,completed,1
6084,Rigid,607378,607378,607431,0,53,53,completed,1
6085,Rigid,607378,607382,607431,4,49,53,completed,1
6086,Rigid,607378,607382,607432,4,50,54,completed,1
6087,Rigid,607379,607382,607431,3,49,52,completed,1
6088,Rigid,607379,607382,607431,3,49,52,completed,1
6089,Rigid,607379,607382,607434,3,52,55,completed,1
6090,Rigid,607379,607382,607435,3,53,56,completed,1
6091,Rigid,607379,607382,607431,3,49,52,completed,1
6092,Rigid,607379,607382,607433,3,51,54,completed,1
6093,Rigid,607379,607382,607433,3,51,54,completed,1
6094,Rigid,607379,607382,607431,3,49,52,completed,1
6095,Rigid,607379,607382,607431,3,49,52,completed,1
6096,Rigid,607379,607382,607433,3,51,54,completed,1
6097,Rigid,607379,607382,607431,3,49,52,completed,1
6098,Rigid,607379,607382,607436,3,54,57,completed,1
6099,Rigid,607379,607382,607433,3,51,54,completed,1
6100,Rigid,607379,607382,607431,3,49,52,completed,1
6101,Rigid,607379,607382,607433,3,51,54,completed,1
6102,Rigid,607379,607382,607431,3,49,52,completed,1
6103,Rigid,607379,607382,607431,3,49,52,completed,1
6104,Rigid,607379,607382,607431,3,49,52,completed,1
6105,Rigid,607379,607382,607433,3,51,54,completed,1
6106,Rigid,607379,607382,607431,3,49,52,completed,1
6107,Rigid,607379,607382,607431,3,49,52,completed,1
6108,Rigid,607379,607382,607432,3,50,53,completed,1
6109,Rigid,607379,607382,607431,3,49,52,completed,1
6110,Rigid,607380,607382,607431,2,49,51,completed,1
6111,Rigid,607380,607382,607437,2,55,57,completed,1
6112,Rigid,607380,607382,607433,2,51,53,completed,1
6113,Rigid,607380,607382,607431,2,49,51,completed,1
6114,Rigid,607380,607382,607433,2,51,53,completed,1
6115,Rigid,607380,607382,607431,2,49,51,completed,1
6116,Rigid,607380,607382,607434,2,52,54,completed,1
6117,Rigid,607380,607382,607431,2,49,51,completed,1
6118,Rigid,607380,607382,607430,2,48,50,completed,1
6119,Rigid,607380,607382,607433,2,51,53,completed,1
6120,Rigid,607380,607382,607430,2,48,50,completed,1
6121,Rigid,607380,607382,607430,2,48,50,completed,1
6122,Rigid,607380,607382,607431,2,49,51,completed,1
6123,Rigid,607380,607382,607430,2,48,50,completed,1
6124,Rigid,607380,607382,607430,2,48,50,completed,1
6125,Rigid,607380,607382,607433,2,51,53,completed,1
6126,Rigid,607380,607382,607435,2,53,55,completed,1
6127,Rigid,607380,607382,607430,2,48,50,completed,1
6128,Rigid,607380,607382,607430,2,48,50,completed,1
6129,Rigid,607380,607382,607432,2,50,52,completed,1
6130,Rigid,607380,607382,607432,2,50,52,completed,1
6131,Rigid,607380,607382,607430,2,48,50,completed,1
6132,Rigid,607380,607382,607431,2,49,51,completed,1
6133,Rigid,607380,607382,607434,2,52,54,completed,1
6134,Rigid,607380,607382,607434,2,52,54,completed,1
6135,Rigid,607380,607382,607433,2,51,53,completed,1
6136,Rigid,607380,607382,607430,2,48,50,completed,1
6137,Rigid,607380,607382,607430,2,48,50,completed,1
6138,Rigid,607380,607382,607430,2,48,50,completed,1
6139,Rigid,607380,607382,607430,2,48,50,completed,1
6140,Rigid,607380,607382,607433,2,51,53,completed,1
6141,Rigid,607380,607382,607433,2,51,53,completed,1
6142,Rigid,607380,607382,607433,2,51,53,completed,1
6143,Rigid,607380,607382,607430,2,48,50,completed,1
6144,Rigid,607380,607382,607431,2,49,51,completed,1
6145,Rigid,607380,607382,607435,2,53,55,completed,1
6146,Rigid,607380,607382,607431,2,49,51,completed,1
6147,Rigid,607380,607382,607430,2,48,50,completed,1
6148,Rigid,607381,607382,607430,1,48,49,completed,1
6149,Rigid,607381,607382,607432,1,50,51,completed,1
6150,Rigid,607381,607382,607430,1,48,49,completed,1
6151,Rigid,607381,607382,607430,1,48,49,completed,1
6152,Rigid,607381,607382,607434,1,52,53,completed,1
6153,Rigid,607381,607382,607430,1,48,49,completed,1
6154,Rigid,607381,607382,607433,1,51,52,completed,1
6155,Rigid,607381,607382,607431,1,49,50,completed,1
6156,Rigid,607381,607382,607430,1,48,49,completed,1
6157,Rigid,607381,607382,607433,1,51,52,completed,1
6158,Rigid,607381,607382,607430,1,48,49,completed,1
6159,Rigid,607381,607382,607430,1,48,49,completed,1
6160,Rigid,607381,607382,607430,1,48,49,completed,1
6161,Rigid,607381,607382,607430,1,48,49,completed,1
6162,Rigid,607381,607382,607433,1,51,52,completed,1
6163,Rigid,607381,607382,607433,1,51,52,completed,1
6164,Rigid,607381,607382,607430,1,48,49,completed,1
6165,Rigid,607381,607382,607430,1,48,49,completed,1
6166,Rigid,607381,607382,607430,1,48,49,completed,1
6167,Rigid,607381,607382,607430,1,48,49,completed,1
6168,Rigid,607381,607382,607430,1,48,49,completed,1
6169,Rigid,607381,607382,607430,1,48,49,completed,1
6170,Rigid,607381,607382,607431,1,49,50,completed,1
6171,Rigid,607381,607382,607432,1,50,51,completed,1
6172,Rigid,607381,607382,607430,1,48,49,completed,1
6173,Rigid,607381,607382,607430,1,48,49,completed,1
6174,Rigid,607381,607382,607430,1,48,49,completed,1
6175,Rigid,607381,607382,607433,1,51,52,completed,1
6176,Rigid,607381,607382,607430,1,48,49,completed,1
6177,Rigid,607381,607382,607430,1,48,49,completed,1
6178,Rigid,607381,607382,607433,1,51,52,completed,1
6179,Rigid,607381,607382,607430,1,48,49,completed,1
6180,Rigid,607381,607382,607433,1,51,52,completed,1
6181,Rigid,607381,607382,607431,1,49,50,completed,1
6182,Rigid,607381,607382,607433,1,51,52,completed,1
6183,Rigid,607381,607382,607430,1,48,49,completed,1
6184,Rigid,607381,607382,607431,1,49,50,completed,1
6185,Rigid,607381,607382,607433,1,51,52,completed,1
6186,Rigid,607381,607382,607430,1,48,49,completed,1
6187,Rigid,607381,607382,607433,1,51,52,completed,1
6188,Rigid,607381,607382,607430,1,48,49,completed,1
6189,Rigid,607381,607382,607430,1,48,49,completed,1
6190,Rigid,607381,607382,607430,1,48,49,completed,1
6191,Rigid,607381,607382,607432,1,50,51,completed,1
6192,Rigid,607382,607382,607430,0,48,48,completed,1
6193,Rigid,607382,607382,607430,0,48,48,completed,1
6194,Rigid,607382,607382,607430,0,48,48,completed,1
6195,Rigid,607382,607382,607430,0,48,48,completed,1
6196,Rigid,607382,607382,607430,0,48,48,completed,1
6197,Rigid,607382,607382,607430,0,48,48,completed,1
6198,Rigid,607382,607382,607430,0,48,48,completed,1
6199,Rigid,607382,607382,607430,0,48,48,completed,1
6200,Rigid,607382,607382,607431,0,49,49,completed,1
6201,Rigid,607382,607382,607430,0,48,48,completed,1
6202,Rigid,607382,607382,607430,0,48,48,completed,1
6203,Rigid,607382,607382,607430,0,48,48,completed,1
6204,Rigid,607382,607382,607430,0,48,48,completed,1
6205,Rigid,607382,607382,607430,0,48,48,completed,1
6206,Rigid,607382,607382,607431,0,49,49,completed,1
6207,Rigid,607382,607382,607430,0,48,48,completed,1
6208,Rigid,607382,607382,607430,0,48,48,completed,1
6209,Rigid,607431,607431,607462,0,31,31,completed,1
6210,Rigid,607431,607431,607462,0,31,31,completed,1
6211,Rigid,607431,607431,607463,0,32,32,completed,1
6212,Rigid,607431,607431,607462,0,31,31,completed,1
6213,Rigid,607431,607431,607463,0,32,32,completed,1
6214,Rigid,607431,607431,607465,0,34,34,completed,1
6215,Rigid,607431,607431,607463,0,32,32,completed,1
6216,Rigid,607431,607431,607465,0,34,34,completed,1
6217,Rigid,607431,607431,607465,0,34,34,completed,1
6218,Rigid,607431,607431,607463,0,32,32,completed,1
6219,Rigid,607431,607432,607462,1,30,31,completed,1
6220,Rigid,607432,607432,607465,0,33,33,completed,1
6221,Rigid,607432,607432,607462,0,30,30,completed,1
6222,Rigid,607432,607432,607464,0,32,32,completed,1
6223,Rigid,607432,607432,607463,0,31,31,completed,1
6224,Rigid,607432,607432,607462,0,30,30,completed,1
6225,Rigid,607432,607432,607463,0,31,31,completed,1
6226,Rigid,607432,607432,607462,0,30,30,completed,1
6227,Rigid,607432,607432,607462,0,30,30,completed,1
6228,Rigid,607441,607442,607463,1,21,22,completed,1
6229,Rigid,607442,607446,607475,4,29,33,completed,1
6230,Rigid,607443,607446,607475,3,29,32,completed,1
6231,Rigid,607443,607446,607475,3,29,32,completed,1
6232,Rigid,607443,607446,607474,3,28,31,completed,1
6233,Rigid,607443,607446,607473,3,27,30,completed,1
6234,Rigid,607443,607446,607475,3,29,32,completed,1
6235,Rigid,607443,607446,607475,3,29,32,completed,1
6236,Rigid,607443,607446,607475,3,29,32,completed,1
6237,Rigid,607443,607446,607476,3,30,33,completed,1
6238,Rigid,607443,607446,607473,3,27,30,completed,1
6239,Rigid,607444,607446,607473,2,27,29,completed,1
6240,Rigid,607444,607446,607473,2,27,29,completed,1
6241,Rigid,607444,607446,607475,2,29,31,completed,1
6242,Rigid,607444,607446,607474,2,28,30,completed,1
6243,Rigid,607444,607446,607473,2,27,29,completed,1
6244,Rigid,607444,607446,607476,2,30,32,completed,1
6245,Rigid,607444,607446,607475,2,29,31,completed,1
6246,Rigid,607444,607446,607475,2,29,31,completed,1
6247,Rigid,607444,607446,607473,2,27,29,completed,1
6248,Rigid,607444,607446,607475,2,29,31,completed,1
6249,Rigid,607444,607446,607475,2,29,31,completed,1
6250,Rigid,607445,607446,607473,1,27,28,completed,1
6251,Rigid,607445,607446,607473,1,27,28,completed,1
6252,Rigid,607445,607446,607475,1,29,30,completed,1
6253,Rigid,607445,607446,607475,1,29,30,completed,1
6254,Rigid,607445,607446,607473,1,27,28,completed,1
6255,Rigid,607445,607446,607475,1,29,30,completed,1
6256,Rigid,607445,607446,607473,1,27,28,completed,1
6257,Rigid,607445,607446,607475,1,29,30,completed,1
6258,Rigid,607445,607446,607474,1,28,29,completed,1
6259,Rigid,607446,607446,607473,0,27,27,completed,1
6260,Rigid,607446,607446,607473,0,27,27,completed,1
6261,Rigid,607446,607446,607473,0,27,27,completed,1
6262,Rigid,607446,607450,607479,4,29,33,completed,1
6263,Rigid,607446,607450,607479,4,29,33,completed,1
6264,Rigid,607446,607450,607483,4,33,37,completed,1
6265,Rigid,607446,607450,607483,4,33,37,completed,1
6266,Rigid,607446,607450,607483,4,33,37,completed,1
6267,Rigid,607446,607450,607483,4,33,37,completed,1
6268,Rigid,607446,607450,607483,4,33,37,completed,1
6269,Rigid,607447,607450,607483,3,33,36,completed,1
6270,Rigid,607447,607450,607483,3,33,36,completed,1
6271,Rigid,607447,607450,607479,3,29,32,completed,1
6272,Rigid,607447,607450,607483,3,33,36,completed,1
6273,Rigid,607447,607450,607483,3,33,36,completed,1
6274,Rigid,607447,607450,607483,3,33,36,completed,1
6275,Rigid,607447,607450,607483,3,33,36,completed,1
6276,Rigid,607447,607450,607483,3,33,36,completed,1
6277,Rigid,607447,607450,607483,3,33,36,completed,1
6278,Rigid,607447,607450,607483,3,33,36,completed,1
6279,Rigid,607447,607450,607483,3,33,36,completed,1
6280,Rigid,607448,607450,607483,2,33,35,completed,1
6281,Rigid,607448,607450,607480,2,30,32,completed,1
6282,Rigid,607448,607450,607484,2,34,36,completed,1
6283,Rigid,607448,607450,607479,2,29,31,completed,1
6284,Rigid,607448,607450,607483,2,33,35,completed,1
6285,Rigid,607448,607450,607483,2,33,35,completed,1
6286,Rigid,607448,607450,607483,2,33,35,completed,1
6287,Rigid,607448,607450,607480,2,30,32,completed,1
6288,Rigid,607448,607450,607483,2,33,35,completed,1
6289,Rigid,607449,607450,607483,1,33,34,completed,1
6290,Rigid,607449,607450,607483,1,33,34,completed,1
6291,Rigid,607449,607450,607483,1,33,34,completed,1
6292,Rigid,607449,607450,607484,1,34,35,completed,1
6293,Rigid,607449,607450,607483,1,33,34,completed,1
6294,Rigid,607449,607450,607484,1,34,35,completed,1
6295,Rigid,607449,607450,607484,1,34,35,completed,1
6296,Rigid,607449,607450,607484,1,34,35,completed,1
6297,Rigid,607449,607450,607483,1,33,34,completed,1
6298,Rigid,607449,607450,607483,1,33,34,completed,1
6299,Rigid,607450,607450,607484,0,34,34,completed,1
6300,Rigid,607450,607450,607473,0,23,23,completed,1
6301,Rigid,607450,607450,607473,0,23,23,completed,1
6302,Rigid,607450,607450,607473,0,23,23,completed,1
6303,Rigid,607450,607450,607473,0,23,23,completed,1
6304,Rigid,607450,607450,607473,0,23,23,completed,1
6305,Rigid,607450,607450,607473,0,23,23,completed,1
6306,Rigid,607450,607454,607506,4,52,56,completed,1
6307,Rigid,607450,607454,607504,4,50,54,completed,1
6308,Rigid,607450,607454,607504,4,50,54,completed,1
6309,Rigid,607451,607454,607503,3,49,52,completed,1
6310,Rigid,607451,607454,607503,3,49,52,completed,1
6311,Rigid,607451,607454,607503,3,49,52,completed,1
6312,Rigid,607451,607454,607503,3,49,52,completed,1
6313,Rigid,607451,607454,607505,3,51,54,completed,1
6314,Rigid,607451,607454,607504,3,50,53,completed,1
6315,Rigid,607451,607454,607503,3,49,52,completed,1
6316,Rigid,607451,607454,607506,3,52,55,completed,1
6317,Rigid,607451,607454,607503,3,49,52,completed,1
6318,Rigid,607451,607454,607504,3,50,53,completed,1
6319,Rigid,607452,607454,607505,2,51,53,completed,1
6320,Rigid,607452,607454,607506,2,52,54,completed,1
6321,Rigid,607452,607454,607503,2,49,51,completed,1
6322,Rigid,607452,607454,607503,2,49,51,completed,1
6323,Rigid,607452,607454,607503,2,49,51,completed,1
6324,Rigid,607452,607454,607503,2,49,51,completed,1
6325,Rigid,607452,607454,607503,2,49,51,completed,1
6326,Rigid,607452,607454,607503,2,49,51,completed,1
6327,Rigid,607452,607454,607504,2,50,52,completed,1
6328,Rigid,607452,607454,607503,2,49,51,completed,1
6329,Rigid,607453,607454,607504,1,50,51,completed,1
6330,Rigid,607453,607454,607503,1,49,50,completed,1
6331,Rigid,607453,607454,607504,1,50,51,completed,1
6332,Rigid,607453,607454,607503,1,49,50,completed,1
6333,Rigid,607453,607454,607503,1,49,50,completed,1
6334,Rigid,607453,607454,607503,1,49,50,completed,1
6335,Rigid,607453,607454,607505,1,51,52,completed,1
6336,Rigid,607453,607454,607505,1,51,52,completed,1
6337,Rigid,607453,607454,607507,1,53,54,completed,1
6338,Rigid,607453,607454,607652,1,198,199,completed,1
6339,Rigid,607454,607454,607508,0,54,54,completed,1
6340,Rigid,607454,607458,607504,4,46,50,completed,1
6341,Rigid,607454,607458,607505,4,47,51,completed,1
6342,Rigid,607454,607458,607505,4,47,51,completed,1
6343,Rigid,607454,607458,607504,4,46,50,completed,1
6344,Rigid,607454,607458,607506,4,48,52,completed,1
6345,Rigid,607454,607458,607504,4,46,50,completed,1
6346,Rigid,607454,607458,607506,4,48,52,completed,1
6347,Rigid,607454,607458,607507,4,49,53,completed,1
6348,Rigid,607454,607458,607507,4,49,53,completed,1
6349,Rigid,607455,607458,607505,3,47,50,completed,1
6350,Rigid,607455,607458,607504,3,46,49,completed,1
6351,Rigid,607455,607458,607504,3,46,49,completed,1
6352,Rigid,607455,607458,607507,3,49,52,completed,1
6353,Rigid,607455,607458,607506,3,48,51,completed,1
6354,Rigid,607455,607458,607506,3,48,51,completed,1
6355,Rigid,607455,607458,607506,3,48,51,completed,1
6356,Rigid,607455,607458,607505,3,47,50,completed,1
6357,Rigid,607455,607458,607505,3,47,50,completed,1
6358,Rigid,607455,607458,607507,3,49,52,completed,1
6359,Rigid,607455,607458,607504,3,46,49,completed,1
6360,Rigid,607456,607458,607504,2,46,48,completed,1
6361,Rigid,607456,607458,607505,2,47,49,completed,1
6362,Rigid,607456,607458,607505,2,47,49,completed,1
6363,Rigid,607456,607458,607505,2,47,49,completed,1
6364,Rigid,607456,607458,607507,2,49,51,completed,1
6365,Rigid,607456,607458,607504,2,46,48,completed,1
6366,Rigid,607456,607458,607507,2,49,51,completed,1
6367,Rigid,607456,607458,607505,2,47,49,completed,1
6368,Rigid,607456,607458,607504,2,46,48,completed,1
6369,Rigid,607457,607458,607504,1,46,47,completed,1
6370,Rigid,607457,607458,607504,1,46,47,completed,1
6371,Rigid,607457,607458,607506,1,48,49,completed,1
6372,Rigid,607457,607458,607506,1,48,49,completed,1
6373,Rigid,607457,607458,607506,1,48,49,completed,1
6374,Rigid,607457,607458,607506,1,48,49,completed,1
6375,Rigid,607457,607458,607508,1,50,51,completed,1
6376,Rigid,607457,607458,607508,1,50,51,completed,1
6377,Rigid,607457,607458,607504,1,46,47,completed,1
6378,Rigid,607457,607458,607504,1,46,47,completed,1
6379,Rigid,607457,607458,607507,1,49,50,completed,1
6380,Rigid,607458,607458,607507,0,49,49,completed,1
6381,Rigid,607458,607458,607505,0,47,47,completed,1
6382,Rigid,607458,607458,607504,0,46,46,completed,1
6383,Rigid,607458,607458,607503,0,45,45,completed,1
6384,Rigid,607458,607458,607506,0,48,48,completed,1
6385,Rigid,607458,607458,607507,0,49,49,completed,1
6386,Rigid,607458,607458,607504,0,46,46,completed,1
6387,Rigid,607458,607462,607507,4,45,49,completed,1
6388,Rigid,607458,607462,607504,4,42,46,completed,1
6389,Rigid,607459,607462,607505,3,43,46,completed,1
6390,Rigid,607459,607462,607507,3,45,48,completed,1
6391,Rigid,607459,607462,607503,3,41,44,completed,1
6392,Rigid,607459,607462,607507,3,45,48,completed,1
6393,Rigid,607459,607462,607507,3,45,48,completed,1
6394,Rigid,607459,607462,607504,3,42,45,completed,1
6395,Rigid,607459,607462,607506,3,44,47,completed,1
6396,Rigid,607459,607462,607507,3,45,48,completed,1
6397,Rigid,607459,607462,607506,3,44,47,completed,1
6398,Rigid,607459,607462,607505,3,43,46,completed,1
6399,Rigid,607460,607462,607507,2,45,47,completed,1
6400,Rigid,607460,607462,607503,2,41,43,completed,1
6401,Rigid,607460,607462,607506,2,44,46,completed,1
6402,Rigid,607460,607462,607504,2,42,44,completed,1
6403,Rigid,607460,607462,607504,2,42,44,completed,1
6404,Rigid,607460,607462,607505,2,43,45,completed,1
6405,Rigid,607460,607462,607505,2,43,45,completed,1
6406,Rigid,607460,607462,607503,2,41,43,completed,1
6407,Rigid,607460,607462,607507,2,45,47,completed,1
6408,Rigid,607460,607462,607495,2,33,35,completed,1
6409,Rigid,607471,607472,607523,1,51,52,completed,1
6410,Rigid,607474,607474,607527,0,53,53,completed,1
6411,Rigid,607474,607474,607523,0,49,49,completed,1
6412,Rigid,607474,607474,607527,0,53,53,completed,1
6413,Rigid,607474,607474,607524,0,50,50,completed,1
6414,Rigid,607478,607480,607520,2,40,42,completed,1
6415,Rigid,607478,607480,607520,2,40,42,completed,1
6416,Rigid,607478,607480,607520,2,40,42,completed,1
6417,Rigid,607478,607480,607520,2,40,42,completed,1
6418,Rigid,607478,607480,607521,2,41,43,completed,1
6419,Rigid,607478,607480,607520,2,40,42,completed,1
6420,Rigid,607489,607489,607527,0,38,38,completed,1
6421,Rigid,607489,607493,607536,4,43,47,completed,1
6422,Rigid,607489,607493,607535,4,42,46,completed,1
6423,Rigid,607489,607493,607531,4,38,42,completed,1
6424,Rigid,607489,607493,607531,4,38,42,completed,1
6425,Rigid,607490,607493,607531,3,38,41,completed,1
6426,Rigid,607490,607493,607533,3,40,43,completed,1
6427,Rigid,607490,607493,607536,3,43,46,completed,1
6428,Rigid,607490,607493,607536,3,43,46,completed,1
6429,Rigid,607490,607493,607533,3,40,43,completed,1
6430,Rigid,607490,607493,607531,3,38,41,completed,1
6431,Rigid,607490,607493,607534,3,41,44,completed,1
6432,Rigid,607490,607493,607533,3,40,43,completed,1
6433,Rigid,607490,607493,607533,3,40,43,completed,1
6434,Rigid,607491,607493,607533,2,40,42,completed,1
6435,Rigid,607491,607493,607533,2,40,42,completed,1
6436,Rigid,607491,607493,607531,2,38,40,completed,1
6437,Rigid,607491,607493,607534,2,41,43,completed,1
6438,Rigid,607491,607493,607536,2,43,45,completed,1
6439,Rigid,607503,607503,607538,0,35,35,completed,1
6440,Rigid,607503,607503,607536,0,33,33,completed,1
6441,Rigid,607503,607504,607537,1,33,34,completed,1
6442,Rigid,607503,607504,607533,1,29,30,completed,1
6443,Rigid,607503,607504,607536,1,32,33,completed,1
6444,Rigid,607503,607504,607540,1,36,37,completed,1
6445,Rigid,607503,607504,607536,1,32,33,completed,1
6446,Rigid,607504,607504,607536,0,32,32,completed,1
6447,Rigid,607504,607504,607535,0,31,31,completed,1
6448,Rigid,607504,607504,607536,0,32,32,completed,1
6449,Rigid,607504,607504,607534,0,30,30,completed,1
6450,Rigid,607504,607504,607535,0,31,31,completed,1
6451,Rigid,607504,607504,607536,0,32,32,completed,1
6452,Rigid,607504,607504,607538,0,34,34,completed,1
6453,Rigid,607504,607504,607536,0,32,32,completed,1
6454,Rigid,607504,607504,607536,0,32,32,completed,1
6455,Rigid,607504,607504,607535,0,31,31,completed,1
6456,Rigid,607504,607504,607537,0,33,33,completed,1
6457,Rigid,607505,607505,607535,0,30,30,completed,1
6458,Rigid,607505,607505,607537,0,32,32,completed,1
6459,Rigid,607505,607505,607536,0,31,31,completed,1
6460,Rigid,607505,607505,607536,0,31,31,completed,1
6461,Rigid,607505,607505,607534,0,29,29,completed,1
6462,Rigid,607505,607505,607536,0,31,31,completed,1
6463,Rigid,607505,607505,607535,0,30,30,completed,1
6464,Rigid,607505,607505,607541,0,36,36,completed,1
6465,Rigid,607505,607505,607536,0,31,31,completed,1
6466,Rigid,607505,607505,607534,0,29,29,completed,1
6467,Rigid,607506,607506,607535,0,29,29,completed,1
6468,Rigid,607506,607506,607535,0,29,29,completed,1
6469,Rigid,607506,607506,607535,0,29,29,completed,1
6470,Rigid,607506,607506,607536,0,30,30,completed,1
6471,Rigid,607506,607506,607535,0,29,29,completed,1
6472,Rigid,607506,607506,607537,0,31,31,completed,1
6473,Rigid,607506,607506,607534,0,28,28,completed,1
6474,Rigid,607506,607506,607535,0,29,29,completed,1
6475,Rigid,607506,607506,607533,0,27,27,completed,1
6476,Rigid,607506,607506,607536,0,30,30,completed,1
6477,Rigid,607507,607507,607537,0,30,30,completed,1
6478,Rigid,607507,607507,607536,0,29,29,completed,1
6479,Rigid,607507,607507,607537,0,30,30,completed,1
6480,Rigid,607507,607507,607535,0,28,28,completed,1
6481,Rigid,607507,607507,607534,0,27,27,completed,1
6482,Rigid,607507,607507,607537,0,30,30,completed,1
6483,Rigid,607507,607507,607534,0,27,27,completed,1
6484,Rigid,607507,607507,607537,0,30,30,completed,1
6485,Rigid,607507,607507,607540,0,33,33,completed,1
6486,Rigid,607507,607507,607540,0,33,33,completed,1
6487,Rigid,607508,607508,607540,0,32,32,completed,1
6488,Rigid,607508,607508,607541,0,33,33,completed,1
6489,Rigid,607508,607508,607541,0,33,33,completed,1
6490,Rigid,607508,607508,607541,0,33,33,completed,1
6491,Rigid,607508,607508,607540,0,32,32,completed,1
6492,Rigid,607508,607508,607545,0,37,37,completed,1
6493,Rigid,607508,607508,607537,0,29,29,completed,1
6494,Rigid,607508,607508,607542,0,34,34,completed,1
6495,Rigid,607508,607508,607542,0,34,34,completed,1
6496,Rigid,607508,607508,607540,0,32,32,completed,1
6497,Rigid,607509,607509,607540,0,31,31,completed,1
6498,Rigid,607509,607509,607536,0,27,27,completed,1
6499,Rigid,607509,607509,607543,0,34,34,completed,1
6500,Rigid,607509,607509,607540,0,31,31,completed,1
6501,Rigid,607509,607509,607540,0,31,31,completed,1
6502,Rigid,607509,607509,607536,0,27,27,completed,1
6503,Rigid,607509,607509,607540,0,31,31,completed,1
6504,Rigid,607509,607509,607544,0,35,35,completed,1
6505,Rigid,607509,607509,607540,0,31,31,completed,1
6506,Rigid,607509,607511,607553,2,42,44,completed,1
6507,Rigid,607510,607511,607555,1,44,45,completed,1
6508,Rigid,607510,607511,607553,1,42,43,completed,1
6509,Rigid,607510,607511,607557,1,46,47,completed,1
6510,Rigid,607510,607511,607553,1,42,43,completed,1
6511,Rigid,607510,607511,607553,1,42,43,completed,1
6512,Rigid,607510,607511,607553,1,42,43,completed,1
6513,Rigid,607510,607511,607553,1,42,43,completed,1
6514,Rigid,607510,607511,607553,1,42,43,completed,1
6515,Rigid,607510,607511,607553,1,42,43,completed,1
6516,Rigid,607510,607511,607564,1,53,54,completed,1
6517,Rigid,607511,607511,607563,0,52,52,completed,1
6518,Rigid,607511,607511,607563,0,52,52,completed,1
6519,Rigid,607511,607511,607563,0,52,52,completed,1
6520,Rigid,607511,607511,607565,0,54,54,completed,1
6521,Rigid,607511,607511,607563,0,52,52,completed,1
6522,Rigid,607511,607511,607564,0,53,53,completed,1
6523,Rigid,607511,607511,607565,0,54,54,completed,1
6524,Rigid,607511,607511,607565,0,54,54,completed,1
6525,Rigid,607511,607511,607561,0,50,50,completed,1
6526,Rigid,607511,607511,607563,0,52,52,completed,1
6527,Rigid,607512,607515,607563,3,48,51,completed,1
6528,Rigid,607512,607515,607563,3,48,51,completed,1
6529,Rigid,607512,607515,607563,3,48,51,completed,1
6530,Rigid,607512,607515,607563,3,48,51,completed,1
6531,Rigid,607512,607515,607564,3,49,52,completed,1
6532,Rigid,607512,607515,607563,3,48,51,completed,1
6533,Rigid,607512,607515,607562,3,47,50,completed,1
6534,Rigid,607512,607515,607565,3,50,53,completed,1
6535,Rigid,607512,607515,607563,3,48,51,completed,1
6536,Rigid,607513,607515,607564,2,49,51,completed,1
6537,Rigid,607513,607515,607563,2,48,50,completed,1
6538,Rigid,607513,607515,607564,2,49,51,completed,1
6539,Rigid,607513,607515,607564,2,49,51,completed,1
6540,Rigid,607513,607515,607567,2,52,54,completed,1
6541,Rigid,607513,607515,607563,2,48,50,completed,1
6542,Rigid,607513,607515,607564,2,49,51,completed,1
6543,Rigid,607513,607515,607565,2,50,52,completed,1
6544,Rigid,607513,607515,607565,2,50,52,completed,1
6545,Rigid,607513,607515,607561,2,46,48,completed,1
6546,Rigid,607514,607515,607562,1,47,48,completed,1
6547,Rigid,607514,607515,607564,1,49,50,completed,1
6548,Rigid,607514,607515,607564,1,49,50,completed,1
6549,Rigid,607514,607515,607562,1,47,48,completed,1
6550,Rigid,607514,607515,607566,1,51,52,completed,1
6551,Rigid,607514,607515,607564,1,49,50,completed,1
6552,Rigid,607514,607515,607565,1,50,51,completed,1
6553,Rigid,607514,607515,607563,1,48,49,completed,1
6554,Rigid,607514,607515,607564,1,49,50,completed,1
6555,Rigid,607514,607515,607564,1,49,50,completed,1
6556,Rigid,607515,607515,607562,0,47,47,completed,1
6557,Rigid,607515,607515,607565,0,50,50,completed,1
6558,Rigid,607515,607515,607565,0,50,50,completed,1
6559,Rigid,607515,607515,607562,0,47,47,completed,1
6560,Rigid,607515,607515,607561,0,46,46,completed,1
6561,Rigid,607515,607515,607562,0,47,47,completed,1
6562,Rigid,607515,607515,607564,0,49,49,completed,1
6563,Rigid,607515,607515,607565,0,50,50,completed,1
6564,Rigid,607515,607515,607564,0,49,49,completed,1
6565,Rigid,607515,607519,607562,4,43,47,completed,1
6566,Rigid,607516,607519,607564,3,45,48,completed,1
6567,Rigid,607516,607519,607564,3,45,48,completed,1
6568,Rigid,607516,607519,607564,3,45,48,completed,1
6569,Rigid,607516,607519,607562,3,43,46,completed,1
6570,Rigid,607516,607519,607563,3,44,47,completed,1
6571,Rigid,607516,607519,607563,3,44,47,completed,1
6572,Rigid,607516,607519,607565,3,46,49,completed,1
6573,Rigid,607516,607519,607562,3,43,46,completed,1
6574,Rigid,607516,607519,607563,3,44,47,completed,1
6575,Rigid,607516,607519,607564,3,45,48,completed,1
6576,Rigid,607517,607519,607561,2,42,44,completed,1
6577,Rigid,607517,607519,607565,2,46,48,completed,1
6578,Rigid,607517,607519,607564,2,45,47,completed,1
6579,Rigid,607517,607519,607564,2,45,47,completed,1
6580,Rigid,607517,607519,607563,2,44,46,completed,1
6581,Rigid,607517,607519,607564,2,45,47,completed,1
6582,Rigid,607517,607519,607562,2,43,45,completed,1
6583,Rigid,607517,607519,607562,2,43,45,completed,1
6584,Rigid,607517,607519,607562,2,43,45,completed,1
6585,Rigid,607517,607519,607562,2,43,45,completed,1
6586,Rigid,607518,607519,607563,1,44,45,completed,1
6587,Rigid,607518,607519,607564,1,45,46,completed,1
6588,Rigid,607518,607519,607560,1,41,42,completed,1
6589,Rigid,607518,607519,607558,1,39,40,completed,1
6590,Rigid,607518,607519,607557,1,38,39,completed,1
6591,Rigid,607518,607519,607558,1,39,40,completed,1
6592,Rigid,607518,607519,607557,1,38,39,completed,1
6593,Rigid,607518,607519,607560,1,41,42,completed,1
6594,Rigid,607518,607519,607558,1,39,40,completed,1
6595,Rigid,607518,607519,607559,1,40,41,completed,1
6596,Rigid,607519,607519,607559,0,40,40,completed,1
6597,Rigid,607519,607519,607559,0,40,40,completed,1
6598,Rigid,607519,607519,607558,0,39,39,completed,1
6599,Rigid,607519,607519,607560,0,41,41,completed,1
6600,Rigid,607519,607519,607559,0,40,40,completed,1
6601,Rigid,607519,607519,607559,0,40,40,completed,1
6602,Rigid,607519,607519,607559,0,40,40,completed,1
6603,Rigid,607519,607519,607559,0,40,40,completed,1
6604,Rigid,607519,607519,607556,0,37,37,completed,1
6605,Rigid,607519,607519,607559,0,40,40,completed,1
6606,Rigid,607520,607521,607558,1,37,38,completed,1
6607,Rigid,607520,607521,607559,1,38,39,completed,1
6608,Rigid,607546,607546,607588,0,42,42,completed,1
6609,Rigid,607546,607546,607588,0,42,42,completed,1
6610,Rigid,607547,607550,607590,3,40,43,completed,1
6611,Rigid,607547,607550,607590,3,40,43,completed,1
6612,Rigid,607547,607550,607588,3,38,41,completed,1
6613,Rigid,607547,607550,607588,3,38,41,completed,1
6614,Rigid,607547,607550,607591,3,41,44,completed,1
6615,Rigid,607547,607550,607589,3,39,42,completed,1
6616,Rigid,607547,607550,607589,3,39,42,completed,1
6617,Rigid,607547,607550,607591,3,41,44,completed,1
6618,Rigid,607547,607550,607588,3,38,41,completed,1
6619,Rigid,607547,607550,607589,3,39,42,completed,1
6620,Rigid,607548,607550,607588,2,38,40,completed,1
6621,Rigid,607548,607550,607589,2,39,41,completed,1
6622,Rigid,607548,607550,607590,2,40,42,completed,1
6623,Rigid,607548,607550,607590,2,40,42,completed,1
6624,Rigid,607548,607550,607593,2,43,45,completed,1
6625,Rigid,607548,607550,607588,2,38,40,completed,1
6626,Rigid,607548,607550,607593,2,43,45,completed,1
6627,Rigid,607548,607550,607590,2,40,42,completed,1
6628,Rigid,607548,607550,607589,2,39,41,completed,1
6629,Rigid,607548,607550,607588,2,38,40,completed,1
6630,Rigid,607549,607550,607588,1,38,39,completed,1
6631,Rigid,607549,607550,607589,1,39,40,completed,1
6632,Rigid,607549,607550,607589,1,39,40,completed,1
6633,Rigid,607549,607550,607589,1,39,40,completed,1
6634,Rigid,607549,607550,607591,1,41,42,completed,1
6635,Rigid,607549,607550,607591,1,41,42,completed,1
6636,Rigid,607549,607550,607591,1,41,42,completed,1
6637,Rigid,607549,607550,607589,1,39,40,completed,1
6638,Rigid,607561,607561,607588,0,27,27,completed,1
6639,Rigid,607561,607561,607589,0,28,28,completed,1
6640,Rigid,607561,607561,607588,0,27,27,completed,1
6641,Rigid,607561,607561,607590,0,29,29,completed,1
6642,Rigid,607561,607561,607589,0,28,28,completed,1
6643,Rigid,607561,607561,607590,0,29,29,completed,1
6644,Rigid,607561,607562,607589,1,27,28,completed,1
6645,Rigid,607561,607562,607587,1,25,26,completed,1
6646,Rigid,607562,607563,607588,1,25,26,completed,1
6647,Rigid,607562,607563,607588,1,25,26,completed,1
6648,Rigid,607562,607563,607589,1,26,27,completed,1
6649,Rigid,607562,607563,607588,1,25,26,completed,1
6650,Rigid,607562,607563,607587,1,24,25,completed,1
6651,Rigid,607562,607563,607589,1,26,27,completed,1
6652,Rigid,607562,607563,607587,1,24,25,completed,1
6653,Rigid,607562,607563,607587,1,24,25,completed,1
6654,Rigid,607562,607563,607588,1,25,26,completed,1
6655,Rigid,607562,607563,607587,1,24,25,completed,1
6656,Rigid,607563,607563,607587,0,24,24,completed,1
6657,Rigid,607563,607563,607589,0,26,26,completed,1
6658,Rigid,607563,607563,607588,0,25,25,completed,1
6659,Rigid,607563,607563,607589,0,26,26,completed,1
6660,Rigid,607563,607563,607589,0,26,26,completed,1
6661,Rigid,607563,607563,607587,0,24,24,completed,1
6662,Rigid,607563,607563,607588,0,25,25,completed,1
6663,Rigid,607563,607563,607587,0,24,24,completed,1
6664,Rigid,607563,607563,607587,0,24,24,completed,1
6665,Rigid,607563,607563,607588,0,25,25,completed,1
6666,Rigid,607564,607564,607587,0,23,23,completed,1
6667,Rigid,607564,607564,607588,0,24,24,completed,1
6668,Rigid,607564,607564,607588,0,24,24,completed,1
6669,Rigid,607564,607564,607588,0,24,24,completed,1
6670,Rigid,607564,607564,607587,0,23,23,completed,1
6671,Rigid,607682,607683,607734,1,51,52,completed,1
6672,Rigid,607682,607683,607731,1,48,49,completed,1
6673,Rigid,607682,607683,607738,1,55,56,completed,1
6674,Rigid,607682,607683,607730,1,47,48,completed,1
6675,Rigid,607683,607683,607730,0,47,47,completed,1
6676,Rigid,607683,607687,607731,4,44,48,completed,1
6677,Rigid,607683,607687,607736,4,49,53,completed,1
6678,Rigid,607683,607687,607730,4,43,47,completed,1
6679,Rigid,607683,607687,607730,4,43,47,completed,1
6680,Rigid,607683,607687,607732,4,45,49,completed,1
6681,Rigid,607683,607687,607733,4,46,50,completed,1
6682,Rigid,607683,607687,607730,4,43,47,completed,1
6683,Rigid,607683,607687,607730,4,43,47,completed,1
6684,Rigid,607683,607687,607731,4,44,48,completed,1
6685,Rigid,607683,607687,607730,4,43,47,completed,1
6686,Rigid,607683,607687,607737,4,50,54,completed,1
6687,Rigid,607683,607687,607730,4,43,47,completed,1
6688,Rigid,607683,607687,607732,4,45,49,completed,1
6689,Rigid,607683,607687,607735,4,48,52,completed,1
6690,Rigid,607683,607687,607730,4,43,47,completed,1
6691,Rigid,607683,607687,607731,4,44,48,completed,1
6692,Rigid,607683,607687,607737,4,50,54,completed,1
6693,Rigid,607683,607687,607733,4,46,50,completed,1
6694,Rigid,607683,607687,607734,4,47,51,completed,1
6695,Rigid,607683,607687,607733,4,46,50,completed,1
6696,Rigid,607683,607687,607730,4,43,47,completed,1
6697,Rigid,607683,607687,607730,4,43,47,completed,1
6698,Rigid,607683,607687,607731,4,44,48,completed,1
6699,Rigid,607683,607687,607730,4,43,47,completed,1
6700,Rigid,607683,607687,607730,4,43,47,completed,1
6701,Rigid,607683,607687,607730,4,43,47,completed,1
6702,Rigid,607683,607687,607734,4,47,51,completed,1
6703,Rigid,607683,607687,607733,4,46,50,completed,1
6704,Rigid,607683,607687,607730,4,43,47,completed,1
6705,Rigid,607683,607687,607733,4,46,50,completed,1
6706,Rigid,607683,607687,607730,4,43,47,completed,1
6707,Rigid,607683,607687,607730,4,43,47,completed,1
6708,Rigid,607684,607687,607730,3,43,46,completed,1
6709,Rigid,607684,607687,607730,3,43,46,completed,1
6710,Rigid,607684,607687,607730,3,43,46,completed,1
6711,Rigid,607684,607687,607730,3,43,46,completed,1
6712,Rigid,607684,607687,607730,3,43,46,completed,1
6713,Rigid,607684,607687,607733,3,46,49,completed,1
6714,Rigid,607684,607687,607731,3,44,47,completed,1
6715,Rigid,607684,607687,607730,3,43,46,completed,1
6716,Rigid,607684,607687,607738,3,51,54,completed,1
6717,Rigid,607684,607687,607736,3,49,52,completed,1
6718,Rigid,607684,607687,607730,3,43,46,completed,1
6719,Rigid,607684,607687,607730,3,43,46,completed,1
6720,Rigid,607684,607687,607730,3,43,46,completed,1
6721,Rigid,607684,607687,607730,3,43,46,completed,1
6722,Rigid,607684,607687,607730,3,43,46,completed,1
6723,Rigid,607684,607687,607730,3,43,46,completed,1
6724,Rigid,607684,607687,607730,3,43,46,completed,1
6725,Rigid,607684,607687,607730,3,43,46,completed,1
6726,Rigid,607684,607687,607730,3,43,46,completed,1
6727,Rigid,607684,607687,607738,3,51,54,completed,1
6728,Rigid,607684,607687,607732,3,45,48,completed,1
6729,Rigid,607684,607687,607732,3,45,48,completed,1
6730,Rigid,607684,607687,607731,3,44,47,completed,1
6731,Rigid,607684,607687,607730,3,43,46,completed,1
6732,Rigid,607684,607687,607737,3,50,53,completed,1
6733,Rigid,607684,607687,607730,3,43,46,completed,1
6734,Rigid,607684,607687,607730,3,43,46,completed,1
6735,Rigid,607684,607687,607737,3,50,53,completed,1
6736,Rigid,607684,607687,607733,3,46,49,completed,1
6737,Rigid,607684,607687,607730,3,43,46,completed,1
6738,Rigid,607684,607687,607733,3,46,49,completed,1
6739,Rigid,607684,607687,607730,3,43,46,completed,1
6740,Rigid,607684,607687,607736,3,49,52,completed,1
6741,Rigid,607684,607687,607730,3,43,46,completed,1
6742,Rigid,607684,607687,607730,3,43,46,completed,1
6743,Rigid,607685,607687,607732,2,45,47,completed,1
6744,Rigid,607685,607687,607733,2,46,48,completed,1
6745,Rigid,607685,607687,607730,2,43,45,completed,1
6746,Rigid,607685,607687,607730,2,43,45,completed,1
6747,Rigid,607685,607687,607730,2,43,45,completed,1
6748,Rigid,607685,607687,607730,2,43,45,completed,1
6749,Rigid,607685,607687,607730,2,43,45,completed,1
6750,Rigid,607685,607687,607730,2,43,45,completed,1
6751,Rigid,607685,607687,607730,2,43,45,completed,1
6752,Rigid,607685,607687,607732,2,45,47,completed,1
6753,Rigid,607685,607687,607731,2,44,46,completed,1
6754,Rigid,607685,607687,607730,2,43,45,completed,1
6755,Rigid,607685,607687,607730,2,43,45,completed,1
6756,Rigid,607685,607687,607730,2,43,45,completed,1
6757,Rigid,607685,607687,607731,2,44,46,completed,1
6758,Rigid,607685,607687,607732,2,45,47,completed,1
6759,Rigid,607685,607687,607730,2,43,45,completed,1
6760,Rigid,607685,607687,607730,2,43,45,completed,1
6761,Rigid,607685,607687,607739,2,52,54,completed,1
6762,Rigid,607685,607687,607730,2,43,45,completed,1
6763,Rigid,607685,607687,607730,2,43,45,completed,1
6764,Rigid,607685,607687,607730,2,43,45,completed,1
6765,Rigid,607685,607687,607730,2,43,45,completed,1
6766,Rigid,607686,607687,607736,1,49,50,completed,1
6767,Rigid,607686,607687,607730,1,43,44,completed,1
6768,Rigid,607686,607687,607731,1,44,45,completed,1
6769,Rigid,607686,607687,607734,1,47,48,completed,1
6770,Rigid,607686,607687,607730,1,43,44,completed,1
6771,Rigid,607686,607687,607736,1,49,50,completed,1
6772,Rigid,607686,607687,607733,1,46,47,completed,1
6773,Rigid,607686,607687,607731,1,44,45,completed,1
6774,Rigid,607686,607687,607734,1,47,48,completed,1
6775,Rigid,607686,607687,607730,1,43,44,completed,1
6776,Rigid,607686,607687,607731,1,44,45,completed,1
6777,Rigid,607686,607687,607731,1,44,45,completed,1
6778,Rigid,607686,607687,607730,1,43,44,completed,1
6779,Rigid,607686,607687,607734,1,47,48,completed,1
6780,Rigid,607686,607687,607730,1,43,44,completed,1
6781,Rigid,607686,607687,607730,1,43,44,completed,1
6782,Rigid,607686,607687,607730,1,43,44,completed,1
6783,Rigid,607686,607687,607730,1,43,44,completed,1
6784,Rigid,607686,607687,607730,1,43,44,completed,1
6785,Rigid,607686,607687,607730,1,43,44,completed,1
6786,Rigid,607686,607687,607730,1,43,44,completed,1
6787,Rigid,607686,607687,607730,1,43,44,completed,1
6788,Rigid,607686,607687,607732,1,45,46,completed,1
6789,Rigid,607686,607687,607730,1,43,44,completed,1
6790,Rigid,607686,607687,607731,1,44,45,completed,1
6791,Rigid,607686,607687,607733,1,46,47,completed,1
6792,Rigid,607686,607687,607730,1,43,44,completed,1
6793,Rigid,607686,607687,607738,1,51,52,completed,1
6794,Rigid,607686,607687,607730,1,43,44,completed,1
6795,Rigid,607686,607687,607730,1,43,44,completed,1
6796,Rigid,607686,607687,607730,1,43,44,completed,1
6797,Rigid,607686,607687,607730,1,43,44,completed,1
6798,Rigid,607686,607687,607730,1,43,44,completed,1
6799,Rigid,607686,607687,607736,1,49,50,completed,1
6800,Rigid,607686,607687,607730,1,43,44,completed,1
6801,Rigid,607686,607687,607730,1,43,44,completed,1
6802,Rigid,607686,607687,607730,1,43,44,completed,1
6803,Rigid,607686,607687,607732,1,45,46,completed,1
6804,Rigid,607687,607691,607734,4,43,47,completed,1
6805,Rigid,607687,607691,607730,4,39,43,completed,1
6806,Rigid,607687,607691,607730,4,39,43,completed,1
6807,Rigid,607687,607691,607733,4,42,46,completed,1
6808,Rigid,607687,607691,607730,4,39,43,completed,1
6809,Rigid,607687,607691,607731,4,40,44,completed,1
6810,Rigid,607688,607691,607730,3,39,42,completed,1
6811,Rigid,607688,607691,607730,3,39,42,completed,1
6812,Rigid,607688,607691,607733,3,42,45,completed,1
6813,Rigid,607688,607691,607732,3,41,44,completed,1
6814,Rigid,607688,607691,607730,3,39,42,completed,1
6815,Rigid,607688,607691,607732,3,41,44,completed,1
6816,Rigid,607688,607691,607731,3,40,43,completed,1
6817,Rigid,607688,607691,607736,3,45,48,completed,1
6818,Rigid,607688,607691,607730,3,39,42,completed,1
6819,Rigid,607688,607691,607732,3,41,44,completed,1
6820,Rigid,607688,607691,607731,3,40,43,completed,1
6821,Rigid,607688,607691,607730,3,39,42,completed,1
6822,Rigid,607688,607691,607730,3,39,42,completed,1
6823,Rigid,607688,607691,607730,3,39,42,completed,1
6824,Rigid,607688,607691,607730,3,39,42,completed,1
6825,Rigid,607688,607691,607730,3,39,42,completed,1
6826,Rigid,607688,607691,607730,3,39,42,completed,1
6827,Rigid,607688,607691,607737,3,46,49,completed,1
6828,Rigid,607688,607691,607731,3,40,43,completed,1
6829,Rigid,607688,607691,607730,3,39,42,completed,1
6830,Rigid,607688,607691,607730,3,39,42,completed,1
6831,Rigid,607688,607691,607735,3,44,47,completed,1
6832,Rigid,607688,607691,607731,3,40,43,completed,1
6833,Rigid,607688,607691,607731,3,40,43,completed,1
6834,Rigid,607688,607691,607730,3,39,42,completed,1
6835,Rigid,607689,607691,607732,2,41,43,completed,1
6836,Rigid,607689,607691,607730,2,39,41,completed,1
6837,Rigid,607689,607691,607730,2,39,41,completed,1
6838,Rigid,607689,607691,607731,2,40,42,completed,1
6839,Rigid,607689,607691,607730,2,39,41,completed,1
6840,Rigid,607689,607691,607730,2,39,41,completed,1
6841,Rigid,607689,607691,607731,2,40,42,completed,1
6842,Rigid,607689,607691,607730,2,39,41,completed,1
6843,Rigid,607689,607691,607730,2,39,41,completed,1
6844,Rigid,607689,607691,607730,2,39,41,completed,1
6845,Rigid,607689,607691,607732,2,41,43,completed,1
6846,Rigid,607689,607691,607731,2,40,42,completed,1
6847,Rigid,607689,607691,607730,2,39,41,completed,1
6848,Rigid,607689,607691,607730,2,39,41,completed,1
6849,Rigid,607689,607691,607730,2,39,41,completed,1
6850,Rigid,607689,607691,607730,2,39,41,completed,1
6851,Rigid,607689,607691,607730,2,39,41,completed,1
6852,Rigid,607689,607691,607730,2,39,41,completed,1
6853,Rigid,607689,607691,607730,2,39,41,completed,1
6854,Rigid,607689,607691,607730,2,39,41,completed,1
6855,Rigid,607689,607691,607730,2,39,41,completed,1
6856,Rigid,607689,607691,607731,2,40,42,completed,1
6857,Rigid,607689,607691,607730,2,39,41,completed,1
6858,Rigid,607689,607691,607730,2,39,41,completed,1
6859,Rigid,607689,607691,607730,2,39,41,completed,1
6860,Rigid,607689,607691,607730,2,39,41,completed,1
6861,Rigid,607689,607691,607730,2,39,41,completed,1
6862,Rigid,607689,607691,607730,2,39,41,completed,1
6863,Rigid,607689,607691,607730,2,39,41,completed,1
6864,Rigid,607689,607691,607730,2,39,41,completed,1
6865,Rigid,607689,607691,607730,2,39,41,completed,1
6866,Rigid,607689,607691,607730,2,39,41,completed,1
6867,Rigid,607689,607691,607730,2,39,41,completed,1
6868,Rigid,607689,607691,607730,2,39,41,completed,1
6869,Rigid,607689,607691,607738,2,47,49,completed,1
6870,Rigid,607689,607691,607730,2,39,41,completed,1
6871,Rigid,607731,607731,607759,0,28,28,completed,1
6872,Rigid,607731,607731,607759,0,28,28,completed,1
6873,Rigid,607731,607731,607758,0,27,27,completed,1
6874,Rigid,607731,607731,607759,0,28,28,completed,1
6875,Rigid,607731,607731,607759,0,28,28,completed,1
6876,Rigid,607731,607731,607759,0,28,28,completed,1
6877,Rigid,607731,607731,607759,0,28,28,completed,1
6878,Rigid,607732,607732,607760,0,28,28,completed,1
6879,Rigid,607732,607732,607759,0,27,27,completed,1
6880,Rigid,607732,607732,607758,0,26,26,completed,1
6881,Rigid,607732,607732,607759,0,27,27,completed,1
6882,Rigid,607732,607732,607763,0,31,31,completed,1
6883,Rigid,607732,607732,607759,0,27,27,completed,1
6884,Rigid,607732,607732,607759,0,27,27,completed,1
6885,Rigid,607733,607733,607759,0,26,26,completed,1
6886,Rigid,607733,607733,607757,0,24,24,completed,1
6887,Rigid,607733,607733,607757,0,24,24,completed,1
6888,Rigid,607733,607733,607757,0,24,24,completed,1
6889,Rigid,607733,607733,607757,0,24,24,completed,1
6890,Rigid,607733,607733,607757,0,24,24,completed,1
6891,Rigid,607733,607733,607758,0,25,25,completed,1
6892,Rigid,607734,607734,607757,0,23,23,completed,1
6893,Rigid,607734,607734,607758,0,24,24,completed,1
6894,Rigid,607734,607734,607757,0,23,23,completed,1
6895,Rigid,607734,607734,607758,0,24,24,completed,1
6896,Rigid,607734,607734,607757,0,23,23,completed,1
6897,Rigid,607734,607734,607758,0,24,24,completed,1
6898,Rigid,607734,607734,607757,0,23,23,completed,1
6899,Rigid,607734,607734,607757,0,23,23,completed,1
6900,Rigid,607734,607734,607757,0,23,23,completed,1
6901,Rigid,607734,607734,607757,0,23,23,completed,1
6902,Rigid,607740,607742,779848,2,172106,172108,completed,360
6903,Rigid,607746,607747,607771,1,24,25,completed,1
6904,Rigid,607746,607747,607771,1,24,25,completed,1
6905,Rigid,607746,607747,607771,1,24,25,completed,1
6906,Rigid,607746,607747,607771,1,24,25,completed,1
6907,Rigid,607747,607751,607789,4,38,42,completed,1
6908,Rigid,607747,607751,607791,4,40,44,completed,1
6909,Rigid,607747,607751,607790,4,39,43,completed,1
6910,Rigid,607747,607751,607790,4,39,43,completed,1
6911,Rigid,607747,607751,607791,4,40,44,completed,1
6912,Rigid,607747,607751,607791,4,40,44,completed,1
6913,Rigid,607747,607751,607791,4,40,44,completed,1
6914,Rigid,607747,607751,607789,4,38,42,completed,1
6915,Rigid,607747,607751,607791,4,40,44,completed,1
6916,Rigid,607747,607751,607791,4,40,44,completed,1
6917,Rigid,607748,607751,607792,3,41,44,completed,1
6918,Rigid,607748,607751,607790,3,39,42,completed,1
6919,Rigid,607748,607751,607789,3,38,41,completed,1
6920,Rigid,607748,607751,607789,3,38,41,completed,1
6921,Rigid,607748,607751,607790,3,39,42,completed,1
6922,Rigid,607748,607751,607793,3,42,45,completed,1
6923,Rigid,607748,607751,607790,3,39,42,completed,1
6924,Rigid,607748,607751,607791,3,40,43,completed,1
6925,Rigid,607748,607751,607789,3,38,41,completed,1
6926,Rigid,607749,607751,607792,2,41,43,completed,1
6927,Rigid,607749,607751,607789,2,38,40,completed,1
6928,Rigid,607749,607751,607792,2,41,43,completed,1
6929,Rigid,607749,607751,607790,2,39,41,completed,1
6930,Rigid,607749,607751,607789,2,38,40,completed,1
6931,Rigid,607749,607751,607790,2,39,41,completed,1
6932,Rigid,607749,607751,607789,2,38,40,completed,1
6933,Rigid,607749,607751,607792,2,41,43,completed,1
6934,Rigid,607749,607751,607790,2,39,41,completed,1
6935,Rigid,607749,607751,607792,2,41,43,completed,1
6936,Rigid,607749,607751,607792,2,41,43,completed,1
6937,Rigid,607750,607751,607792,1,41,42,completed,1
6938,Rigid,607750,607751,607791,1,40,41,completed,1
6939,Rigid,607750,607751,607788,1,37,38,completed,1
6940,Rigid,607750,607751,607788,1,37,38,completed,1
6941,Rigid,607750,607751,607791,1,40,41,completed,1
6942,Rigid,607750,607751,607790,1,39,40,completed,1
6943,Rigid,607750,607751,607789,1,38,39,completed,1
6944,Rigid,607750,607751,607788,1,37,38,completed,1
6945,Rigid,607750,607751,607788,1,37,38,completed,1
6946,Rigid,607750,607751,607789,1,38,39,completed,1
6947,Rigid,607751,607755,607789,4,34,38,completed,1
6948,Rigid,607751,607755,607790,4,35,39,completed,1
6949,Rigid,607751,607755,607787,4,32,36,completed,1
6950,Rigid,607751,607755,607790,4,35,39,completed,1
6951,Rigid,607751,607755,607788,4,33,37,completed,1
6952,Rigid,607751,607755,607790,4,35,39,completed,1
6953,Rigid,607752,607755,607789,3,34,37,completed,1
6954,Rigid,607752,607755,607790,3,35,38,completed,1
6955,Rigid,607752,607755,607789,3,34,37,completed,1
6956,Rigid,607752,607755,607789,3,34,37,completed,1
6957,Rigid,607752,607755,607787,3,32,35,completed,1
6958,Rigid,607752,607755,607789,3,34,37,completed,1
6959,Rigid,607752,607755,607788,3,33,36,completed,1
6960,Rigid,607752,607755,607788,3,33,36,completed,1
6961,Rigid,607752,607755,607790,3,35,38,completed,1
6962,Rigid,607752,607755,607787,3,32,35,completed,1
6963,Rigid,607752,607755,607788,3,33,36,completed,1
6964,Rigid,607752,607755,607790,3,35,38,completed,1
6965,Rigid,607752,607755,607787,3,32,35,completed,1
6966,Rigid,607753,607755,607791,2,36,38,completed,1
6967,Rigid,607753,607755,607787,2,32,34,completed,1
6968,Rigid,607753,607755,607787,2,32,34,completed,1
6969,Rigid,607753,607755,607787,2,32,34,completed,1
6970,Rigid,607753,607755,607789,2,34,36,completed,1
6971,Rigid,607753,607755,607787,2,32,34,completed,1
6972,Rigid,607753,607755,607787,2,32,34,completed,1
6973,Rigid,607753,607755,607787,2,32,34,completed,1
6974,Rigid,607753,607755,607787,2,32,34,completed,1
6975,Rigid,607753,607755,607787,2,32,34,completed,1
6976,Rigid,607753,607755,607787,2,32,34,completed,1
6977,Rigid,607754,607755,607792,1,37,38,completed,1
6978,Rigid,607754,607755,607787,1,32,33,completed,1
6979,Rigid,607754,607755,607787,1,32,33,completed,1
6980,Rigid,607754,607755,607787,1,32,33,completed,1
6981,Rigid,607754,607755,607787,1,32,33,completed,1
6982,Rigid,607754,607755,607787,1,32,33,completed,1
6983,Rigid,607754,607755,607787,1,32,33,completed,1
6984,Rigid,607754,607755,607787,1,32,33,completed,1
6985,Rigid,607754,607755,607787,1,32,33,completed,1
6986,Rigid,607754,607755,607787,1,32,33,completed,1
6987,Rigid,607755,607758,607795,3,37,40,completed,1
6988,Rigid,607755,607758,607797,3,39,42,completed,1
6989,Rigid,607755,607758,607798,3,40,43,completed,1
6990,Rigid,607755,607758,607797,3,39,42,completed,1
6991,Rigid,607755,607758,607799,3,41,44,completed,1
6992,Rigid,607756,607758,607797,2,39,41,completed,1
6993,Rigid,607756,607758,607798,2,40,42,completed,1
6994,Rigid,607756,607758,607798,2,40,42,completed,1
6995,Rigid,607756,607758,607797,2,39,41,completed,1
6996,Rigid,607756,607758,607798,2,40,42,completed,1
6997,Rigid,607756,607758,607795,2,37,39,completed,1
6998,Rigid,607756,607758,607795,2,37,39,completed,1
6999,Rigid,607756,607758,607797,2,39,41,completed,1
7000,Rigid,607756,607758,607793,2,35,37,completed,1
7001,Rigid,607756,607758,607797,2,39,41,completed,1
7002,Rigid,607756,607758,607797,2,39,41,completed,1
7003,Rigid,607756,607758,607797,2,39,41,completed,1
7004,Rigid,607756,607758,607793,2,35,37,completed,1
7005,Rigid,607756,607758,607801,2,43,45,completed,1
7006,Rigid,607756,607758,607801,2,43,45,completed,1
7007,Rigid,607757,607758,607798,1,40,41,completed,1
7008,Rigid,607757,607758,607800,1,42,43,completed,1
7009,Rigid,607757,607758,607798,1,40,41,completed,1
7010,Rigid,607757,607758,607795,1,37,38,completed,1
7011,Rigid,607757,607758,607798,1,40,41,completed,1
7012,Rigid,607757,607758,607801,1,43,44,completed,1
7013,Rigid,607757,607758,607795,1,37,38,completed,1
7014,Rigid,607757,607758,607795,1,37,38,completed,1
7015,Rigid,607757,607758,607801,1,43,44,completed,1
7016,Rigid,607757,607758,607975,1,217,218,completed,1
7017,Rigid,607758,607758,607796,0,38,38,completed,1
7018,Rigid,607758,607758,607795,0,37,37,completed,1
7019,Rigid,607758,607758,607802,0,44,44,completed,1
7020,Rigid,607758,607758,607795,0,37,37,completed,1
7021,Rigid,607758,607758,607795,0,37,37,completed,1
7022,Rigid,607758,607758,607795,0,37,37,completed,1
7023,Rigid,607758,607758,607789,0,31,31,completed,1
7024,Rigid,607758,607758,607788,0,30,30,completed,1
7025,Rigid,607758,607758,607789,0,31,31,completed,1
7026,Rigid,607758,607758,607788,0,30,30,completed,1
7027,Rigid,607758,607758,607845,0,87,87,completed,36
7028,Rigid,607759,607759,607787,0,28,28,completed,1
7029,Rigid,607759,607759,607788,0,29,29,completed,1
7030,Rigid,607759,607759,607788,0,29,29,completed,1
7031,Rigid,607759,607759,607787,0,28,28,completed,1
7032,Rigid,607759,607759,607787,0,28,28,completed,1
7033,Rigid,607759,607759,607787,0,28,28,completed,1
7034,Rigid,607759,607759,607788,0,29,29,completed,1
7035,Rigid,607759,607760,607787,1,27,28,completed,1
7036,Rigid,607760,607760,607789,0,29,29,completed,1
7037,Rigid,607760,607760,607790,0,30,30,completed,1
7038,Rigid,607760,607760,607790,0,30,30,completed,1
7039,Rigid,607760,607760,607789,0,29,29,completed,1
7040,Rigid,607760,607760,607787,0,27,27,completed,1
7041,Rigid,607760,607760,607788,0,28,28,completed,1
7042,Rigid,607760,607760,607788,0,28,28,completed,1
7043,Rigid,607760,607760,607787,0,27,27,completed,1
7044,Rigid,607760,607760,607788,0,28,28,completed,1
7045,Rigid,607760,607760,607788,0,28,28,completed,1
7046,Rigid,607760,607760,607790,0,30,30,completed,1
7047,Rigid,607760,607760,607788,0,28,28,completed,1
7048,Rigid,607761,607763,607806,2,43,45,completed,1
7049,Rigid,607761,607763,607806,2,43,45,completed,1
7050,Rigid,607761,607763,607806,2,43,45,completed,1
7051,Rigid,607761,607763,607806,2,43,45,completed,1
7052,Rigid,607761,607763,607805,2,42,44,completed,1
7053,Rigid,607761,607763,607805,2,42,44,completed,1
7054,Rigid,607761,607763,607805,2,42,44,completed,1
7055,Rigid,607761,607763,607806,2,43,45,completed,1
7056,Rigid,607761,607763,607806,2,43,45,completed,1
7057,Rigid,607761,607763,607805,2,42,44,completed,1
7058,Rigid,607762,607763,607805,1,42,43,completed,1
7059,Rigid,607762,607763,607806,1,43,44,completed,1
7060,Rigid,607762,607763,607805,1,42,43,completed,1
7061,Rigid,607762,607763,607804,1,41,42,completed,1
7062,Rigid,607762,607763,607804,1,41,42,completed,1
7063,Rigid,607762,607763,607804,1,41,42,completed,1
7064,Rigid,607762,607763,607806,1,43,44,completed,1
7065,Rigid,607762,607763,607804,1,41,42,completed,1
7066,Rigid,607762,607763,607804,1,41,42,completed,1
7067,Rigid,607762,607763,607805,1,42,43,completed,1
7068,Rigid,607763,607763,607804,0,41,41,completed,1
7069,Rigid,607763,607764,607804,1,40,41,completed,1
7070,Rigid,607763,607764,607805,1,41,42,completed,1
7071,Rigid,607763,607764,607804,1,40,41,completed,1
7072,Rigid,607763,607764,607804,1,40,41,completed,1
7073,Rigid,607763,607764,607804,1,40,41,completed,1
7074,Rigid,607763,607764,607805,1,41,42,completed,1
7075,Rigid,607763,607764,607804,1,40,41,completed,1
7076,Rigid,607763,607764,607804,1,40,41,completed,1
7077,Rigid,607764,607764,607804,0,40,40,completed,1
7078,Rigid,607773,607774,607818,1,44,45,completed,1
7079,Rigid,607774,607774,607818,0,44,44,completed,1
7080,Rigid,607774,607774,607820,0,46,46,completed,1
7081,Rigid,607774,607774,607818,0,44,44,completed,1
7082,Rigid,607790,607790,607818,0,28,28,completed,1
7083,Rigid,607791,607791,607818,0,27,27,completed,1
7084,Rigid,607791,607791,607818,0,27,27,completed,1
7085,Rigid,607791,607791,607822,0,31,31,completed,1
7086,Rigid,607791,607791,607819,0,28,28,completed,1
7087,Rigid,607791,607791,607818,0,27,27,completed,1
7088,Rigid,607791,607791,607820,0,29,29,completed,1
7089,Rigid,607791,607791,607819,0,28,28,completed,1
7090,Rigid,607791,607791,607820,0,29,29,completed,1
7091,Rigid,607791,607791,607817,0,26,26,completed,1
7092,Rigid,607791,607791,607817,0,26,26,completed,1
7093,Rigid,607792,607792,607818,0,26,26,completed,1
7094,Rigid,607792,607792,607818,0,26,26,completed,1
7095,Rigid,607792,607792,607817,0,25,25,completed,1
7096,Rigid,607792,607792,607817,0,25,25,completed,1
7097,Rigid,607792,607792,607818,0,26,26,completed,1
7098,Rigid,607792,607792,607817,0,25,25,completed,1
7099,Rigid,607792,607792,607820,0,28,28,completed,1
7100,Rigid,607792,607792,607818,0,26,26,completed,1
7101,Rigid,607792,607793,607817,1,24,25,completed,1
7102,Rigid,607792,607793,607817,1,24,25,completed,1
7103,Rigid,607793,607793,607818,0,25,25,completed,1
7104,Rigid,607793,607793,607818,0,25,25,completed,1
7105,Rigid,607793,607793,607817,0,24,24,completed,1
7106,Rigid,607793,607793,607817,0,24,24,completed,1
7107,Rigid,607793,607793,607817,0,24,24,completed,1
7108,Rigid,607805,607805,607857,0,52,52,completed,1
7109,Rigid,607805,607805,607857,0,52,52,completed,1
7110,Rigid,607805,607805,607851,0,46,46,completed,1
7111,Rigid,607805,607805,607855,0,50,50,completed,1
7112,Rigid,607805,607805,607853,0,48,48,completed,1
7113,Rigid,607805,607805,607853,0,48,48,completed,1
7114,Rigid,607805,607805,607851,0,46,46,completed,1
7115,Rigid,607805,607806,607860,1,54,55,completed,1
7116,Rigid,607806,607806,607852,0,46,46,completed,1
7117,Rigid,607806,607806,607854,0,48,48,completed,1
7118,Rigid,607806,607806,607856,0,50,50,completed,1
7119,Rigid,607806,607806,607855,0,49,49,completed,1
7120,Rigid,607806,607806,607858,0,52,52,completed,1
7121,Rigid,607806,607806,607856,0,50,50,completed,1
7122,Rigid,607806,607806,607851,0,45,45,completed,1
7123,Rigid,607806,607806,607851,0,45,45,completed,1
7124,Rigid,607806,607806,607856,0,50,50,completed,1
7125,Rigid,607807,607807,607860,0,53,53,completed,1
7126,Rigid,607807,607807,607856,0,49,49,completed,1
7127,Rigid,607807,607807,607853,0,46,46,completed,1
7128,Rigid,607807,607807,607857,0,50,50,completed,1
7129,Rigid,607807,607807,607853,0,46,46,completed,1
7130,Rigid,607807,607807,607852,0,45,45,completed,1
7131,Rigid,607807,607807,607851,0,44,44,completed,1
7132,Rigid,607807,607807,607853,0,46,46,completed,1
7133,Rigid,607807,607807,607853,0,46,46,completed,1
7134,Rigid,607807,607807,607860,0,53,53,completed,1
7135,Rigid,607807,607809,607852,2,43,45,completed,1
7136,Rigid,607808,607809,607854,1,45,46,completed,1
7137,Rigid,607808,607809,607857,1,48,49,completed,1
7138,Rigid,607808,607809,607854,1,45,46,completed,1
7139,Rigid,607808,607809,607860,1,51,52,completed,1
7140,Rigid,607808,607809,607856,1,47,48,completed,1
7141,Rigid,607808,607809,607857,1,48,49,completed,1
7142,Rigid,607808,607809,607860,1,51,52,completed,1
7143,Rigid,607808,607809,607856,1,47,48,completed,1
7144,Rigid,607808,607809,607852,1,43,44,completed,1
7145,Rigid,607808,607809,607854,1,45,46,completed,1
7146,Rigid,607809,607809,607851,0,42,42,completed,1
7147,Rigid,607809,607809,607853,0,44,44,completed,1
7148,Rigid,607809,607809,607851,0,42,42,completed,1
7149,Rigid,607809,607809,607856,0,47,47,completed,1
7150,Rigid,607809,607809,607856,0,47,47,completed,1
7151,Rigid,607809,607809,607853,0,44,44,completed,1
7152,Rigid,607809,607809,607853,0,44,44,completed,1
7153,Rigid,607809,607809,607852,0,43,43,completed,1
7154,Rigid,607809,607809,607851,0,42,42,completed,1
7155,Rigid,607810,607813,607856,3,43,46,completed,1
7156,Rigid,607810,607813,607851,3,38,41,completed,1
7157,Rigid,607810,607813,607855,3,42,45,completed,1
7158,Rigid,607810,607813,607856,3,43,46,completed,1
7159,Rigid,607810,607813,607860,3,47,50,completed,1
7160,Rigid,607810,607813,607861,3,48,51,completed,1
7161,Rigid,607810,607813,607854,3,41,44,completed,1
7162,Rigid,607810,607813,607851,3,38,41,completed,1
7163,Rigid,607810,607813,607854,3,41,44,completed,1
7164,Rigid,607810,607813,607851,3,38,41,completed,1
7165,Rigid,607811,607813,607855,2,42,44,completed,1
7166,Rigid,607811,607813,607854,2,41,43,completed,1
7167,Rigid,607811,607813,607856,2,43,45,completed,1
7168,Rigid,607811,607813,607857,2,44,46,completed,1
7169,Rigid,607811,607813,607857,2,44,46,completed,1
7170,Rigid,607811,607813,607852,2,39,41,completed,1
7171,Rigid,607811,607813,607855,2,42,44,completed,1
7172,Rigid,607811,607813,607857,2,44,46,completed,1
7173,Rigid,607811,607813,607856,2,43,45,completed,1
7174,Rigid,607811,607813,607855,2,42,44,completed,1
7175,Rigid,607812,607813,607853,1,40,41,completed,1
7176,Rigid,607812,607813,607856,1,43,44,completed,1
7177,Rigid,607812,607813,607860,1,47,48,completed,1
7178,Rigid,607812,607813,607854,1,41,42,completed,1
7179,Rigid,607812,607813,607855,1,42,43,completed,1
7180,Rigid,607812,607813,607856,1,43,44,completed,1
7181,Rigid,607812,607813,607856,1,43,44,completed,1
7182,Rigid,607812,607813,607854,1,41,42,completed,1
7183,Rigid,607812,607813,607851,1,38,39,completed,1
7184,Rigid,607812,607813,607851,1,38,39,completed,1
7185,Rigid,607812,607813,607855,1,42,43,completed,1
7186,Rigid,607813,607813,607854,0,41,41,completed,1
7187,Rigid,607813,607813,607857,0,44,44,completed,1
7188,Rigid,607813,607813,607855,0,42,42,completed,1
7189,Rigid,607813,607813,607855,0,42,42,completed,1
7190,Rigid,607813,607813,607854,0,41,41,completed,1
7191,Rigid,607813,607813,607851,0,38,38,completed,1
7192,Rigid,607813,607813,607854,0,41,41,completed,1
7193,Rigid,607813,607813,607855,0,42,42,completed,1
7194,Rigid,607813,607813,607856,0,43,43,completed,1
7195,Rigid,607814,607817,607852,3,35,38,completed,1
7196,Rigid,607814,607817,607851,3,34,37,completed,1
7197,Rigid,607814,607817,607851,3,34,37,completed,1
7198,Rigid,607814,607817,607851,3,34,37,completed,1
7199,Rigid,607814,607817,607851,3,34,37,completed,1
7200,Rigid,607814,607817,607851,3,34,37,completed,1
7201,Rigid,607814,607817,607851,3,34,37,completed,1
7202,Rigid,607814,607817,607852,3,35,38,completed,1
7203,Rigid,607814,607817,607854,3,37,40,completed,1
7204,Rigid,607814,607817,607851,3,34,37,completed,1
7205,Rigid,607814,607817,607853,3,36,39,completed,1
7206,Rigid,607815,607817,607851,2,34,36,completed,1
7207,Rigid,607815,607817,607851,2,34,36,completed,1
7208,Rigid,607815,607817,607851,2,34,36,completed,1
7209,Rigid,607815,607817,607851,2,34,36,completed,1
7210,Rigid,607815,607817,607851,2,34,36,completed,1
7211,Rigid,607815,607817,607851,2,34,36,completed,1
7212,Rigid,607815,607817,607851,2,34,36,completed,1
7213,Rigid,607815,607817,607851,2,34,36,completed,1
7214,Rigid,607815,607817,607851,2,34,36,completed,1
7215,Rigid,607816,607817,607851,1,34,35,completed,1
7216,Rigid,607816,607817,607854,1,37,38,completed,1
7217,Rigid,607816,607817,607856,1,39,40,completed,1
7218,Rigid,607816,607817,607854,1,37,38,completed,1
7219,Rigid,607816,607817,607858,1,41,42,completed,1
7220,Rigid,607816,607817,607856,1,39,40,completed,1
7221,Rigid,607816,607817,607853,1,36,37,completed,1
7222,Rigid,607816,607817,607852,1,35,36,completed,1
7223,Rigid,607816,607817,607856,1,39,40,completed,1
7224,Rigid,607816,607817,607855,1,38,39,completed,1
7225,Rigid,607817,607817,607858,0,41,41,completed,1
7226,Rigid,607817,607817,607857,0,40,40,completed,1
7227,Rigid,607817,607817,607856,0,39,39,completed,1
7228,Rigid,607817,607817,607857,0,40,40,completed,1
7229,Rigid,607817,607817,607851,0,34,34,completed,1
7230,Rigid,607817,607817,607851,0,34,34,completed,1
7231,Rigid,607817,607817,607851,0,34,34,completed,1
7232,Rigid,607817,607817,607851,0,34,34,completed,1
7233,Rigid,607817,607817,607851,0,34,34,completed,1
7234,Rigid,607818,607818,607851,0,33,33,completed,1
7235,Rigid,607818,607818,607851,0,33,33,completed,1
7236,Rigid,607818,607818,607851,0,33,33,completed,1
7237,Rigid,607818,607818,607851,0,33,33,completed,1
7238,Rigid,607818,607818,607851,0,33,33,completed,1
7239,Rigid,607818,607818,607851,0,33,33,completed,1
7240,Rigid,607818,607818,607851,0,33,33,completed,1
7241,Rigid,607818,607818,607851,0,33,33,completed,1
7242,Rigid,607818,607818,607851,0,33,33,completed,1
7243,Rigid,607818,607818,607854,0,36,36,completed,1
7244,Rigid,607819,607819,607855,0,36,36,completed,1
7245,Rigid,607819,607819,607856,0,37,37,completed,1
7246,Rigid,607819,607819,607855,0,36,36,completed,1
7247,Rigid,607819,607819,607858,0,39,39,completed,1
7248,Rigid,607819,607819,607856,0,37,37,completed,1
7249,Rigid,607819,607819,607855,0,36,36,completed,1
7250,Rigid,607819,607819,607853,0,34,34,completed,1
7251,Rigid,607819,607819,607855,0,36,36,completed,1
7252,Rigid,607819,607819,607856,0,37,37,completed,1
7253,Rigid,607819,607819,607851,0,32,32,completed,1
7254,Rigid,607820,607820,607851,0,31,31,completed,1
7255,Rigid,607820,607820,607851,0,31,31,completed,1
7256,Rigid,607820,607820,607860,0,40,40,completed,1
7257,Rigid,607820,607821,607853,1,32,33,completed,1
7258,Rigid,607820,607821,607851,1,30,31,completed,1
7259,Rigid,607820,607821,607853,1,32,33,completed,1
7260,Rigid,607820,607821,607854,1,33,34,completed,1
7261,Rigid,607820,607821,607856,1,35,36,completed,1
7262,Rigid,607820,607821,607851,1,30,31,completed,1
7263,Rigid,607820,607821,607853,1,32,33,completed,1
7264,Rigid,607821,607821,607855,0,34,34,completed,1
7265,Rigid,607821,607821,607853,0,32,32,completed,1
7266,Rigid,607821,607821,607851,0,30,30,completed,1
7267,Rigid,607821,607821,607853,0,32,32,completed,1
7268,Rigid,607821,607821,607851,0,30,30,completed,1
7269,Rigid,607821,607821,607854,0,33,33,completed,1
7270,Rigid,607821,607821,607852,0,31,31,completed,1
7271,Rigid,607821,607821,607857,0,36,36,completed,1
7272,Rigid,607821,607821,607851,0,30,30,completed,1
7273,Rigid,607821,607821,607854,0,33,33,completed,1
7274,Rigid,607822,607822,607852,0,30,30,completed,1
7275,Rigid,607822,607822,607852,0,30,30,completed,1
7276,Rigid,607822,607822,607855,0,33,33,completed,1
7277,Rigid,607822,607822,607852,0,30,30,completed,1
7278,Rigid,607822,607822,607851,0,29,29,completed,1
7279,Rigid,607822,607822,607853,0,31,31,completed,1
7280,Rigid,607822,607822,607854,0,32,32,completed,1
7281,Rigid,607822,607823,607873,1,50,51,completed,1
7282,Rigid,607822,607823,607873,1,50,51,completed,1
7283,Rigid,607822,607823,607873,1,50,51,completed,1
7284,Rigid,607848,607849,607873,1,24,25,completed,1
7285,Rigid,607849,607852,607879,3,27,30,completed,1
7286,Rigid,607850,607852,607880,2,28,30,completed,1
7287,Rigid,607850,607852,607879,2,27,29,completed,1
7288,Rigid,607850,607852,607879,2,27,29,completed,1
7289,Rigid,607850,607852,607881,2,29,31,completed,1
7290,Rigid,607850,607852,607879,2,27,29,completed,1
7291,Rigid,607850,607852,607880,2,28,30,completed,1
7292,Rigid,607850,607852,607878,2,26,28,completed,1
7293,Rigid,607851,607852,607879,1,27,28,completed,1
7294,Rigid,607851,607852,607880,1,28,29,completed,1
7295,Rigid,607851,607852,607879,1,27,28,completed,1
7296,Rigid,607851,607852,607880,1,28,29,completed,1
7297,Rigid,607851,607852,607881,1,29,30,completed,1
7298,Rigid,607851,607852,607879,1,27,28,completed,1
7299,Rigid,607851,607852,607879,1,27,28,completed,1
7300,Rigid,607851,607852,607880,1,28,29,completed,1
7301,Rigid,607851,607852,607878,1,26,27,completed,1
7302,Rigid,607851,607852,607879,1,27,28,completed,1
7303,Rigid,607851,607852,607881,1,29,30,completed,1
7304,Rigid,607851,607852,607879,1,27,28,completed,1
7305,Rigid,607851,607852,607878,1,26,27,completed,1
7306,Rigid,607851,607852,607884,1,32,33,completed,1
7307,Rigid,607852,607852,607880,0,28,28,completed,1
7308,Rigid,607862,607863,607896,1,33,34,completed,1
7309,Rigid,607863,607867,607899,4,32,36,completed,1
7310,Rigid,607863,607867,607897,4,30,34,completed,1
7311,Rigid,607863,607867,607898,4,31,35,completed,1
7312,Rigid,607863,607867,607896,4,29,33,completed,1
7313,Rigid,607863,607867,607897,4,30,34,completed,1
7314,Rigid,607863,607867,607899,4,32,36,completed,1
7315,Rigid,607863,607867,607897,4,30,34,completed,1
7316,Rigid,607863,607867,607899,4,32,36,completed,1
7317,Rigid,607863,607867,607897,4,30,34,completed,1
7318,Rigid,607863,607867,607898,4,31,35,completed,1
7319,Rigid,607864,607867,607896,3,29,32,completed,1
7320,Rigid,607864,607867,607897,3,30,33,completed,1
7321,Rigid,607864,607867,607896,3,29,32,completed,1
7322,Rigid,607864,607867,607896,3,29,32,completed,1
7323,Rigid,607864,607867,607897,3,30,33,completed,1
7324,Rigid,607864,607867,607897,3,30,33,completed,1
7325,Rigid,607864,607867,607896,3,29,32,completed,1
7326,Rigid,607864,607867,607895,3,28,31,completed,1
7327,Rigid,607865,607867,607898,2,31,33,completed,1
7328,Rigid,607865,607867,607897,2,30,32,completed,1
7329,Rigid,607865,607867,607896,2,29,31,completed,1
7330,Rigid,607865,607867,607897,2,30,32,completed,1
7331,Rigid,607865,607867,607896,2,29,31,completed,1
7332,Rigid,607865,607867,607898,2,31,33,completed,1
7333,Rigid,607865,607867,607898,2,31,33,completed,1
7334,Rigid,607865,607867,607897,2,30,32,completed,1
7335,Rigid,607865,607867,607898,2,31,33,completed,1
7336,Rigid,607865,607867,607897,2,30,32,completed,1
7337,Rigid,607865,607867,607896,2,29,31,completed,1
7338,Rigid,607865,607867,607895,2,28,30,completed,1
7339,Rigid,607866,607867,607896,1,29,30,completed,1
7340,Rigid,607866,607867,607891,1,24,25,completed,1
7341,Rigid,607866,607867,607889,1,22,23,completed,1
7342,Rigid,607866,607867,607890,1,23,24,completed,1
7343,Rigid,607866,607867,607889,1,22,23,completed,1
7344,Rigid,607866,607867,607890,1,23,24,completed,1
7345,Rigid,607866,607867,607889,1,22,23,completed,1
7346,Rigid,607866,607867,607889,1,22,23,completed,1
7347,Rigid,607867,607867,607890,0,23,23,completed,1
7348,Rigid,607867,607867,607890,0,23,23,completed,1
7349,Rigid,607867,607871,607897,4,26,30,completed,1
7350,Rigid,607867,607871,607896,4,25,29,completed,1
7351,Rigid,607867,607871,607896,4,25,29,completed,1
7352,Rigid,607867,607871,607896,4,25,29,completed,1
7353,Rigid,607867,607871,607901,4,30,34,completed,1
7354,Rigid,607867,607871,607900,4,29,33,completed,1
7355,Rigid,607867,607871,607900,4,29,33,completed,1
7356,Rigid,607868,607871,607901,3,30,33,completed,1
7357,Rigid,607868,607871,607900,3,29,32,completed,1
7358,Rigid,607868,607871,607897,3,26,29,completed,1
7359,Rigid,607868,607871,607900,3,29,32,completed,1
7360,Rigid,607868,607871,607901,3,30,33,completed,1
7361,Rigid,607868,607871,607900,3,29,32,completed,1
7362,Rigid,607868,607871,607901,3,30,33,completed,1
7363,Rigid,607868,607871,607901,3,30,33,completed,1
7364,Rigid,607868,607871,607901,3,30,33,completed,1
7365,Rigid,607868,607871,607901,3,30,33,completed,1
7366,Rigid,607868,607871,607900,3,29,32,completed,1
7367,Rigid,607868,607871,607900,3,29,32,completed,1
7368,Rigid,607868,607871,607901,3,30,33,completed,1
7369,Rigid,607869,607871,607900,2,29,31,completed,1
7370,Rigid,607869,607871,607900,2,29,31,completed,1
7371,Rigid,607869,607871,607901,2,30,32,completed,1
7372,Rigid,607869,607871,607900,2,29,31,completed,1
7373,Rigid,607869,607871,607901,2,30,32,completed,1
7374,Rigid,607869,607871,607902,2,31,33,completed,1
7375,Rigid,607869,607871,607900,2,29,31,completed,1
7376,Rigid,607869,607871,607904,2,33,35,completed,1
7377,Rigid,607869,607871,607899,2,28,30,completed,1
7378,Rigid,607870,607871,607899,1,28,29,completed,1
7379,Rigid,607870,607871,607900,1,29,30,completed,1
7380,Rigid,607870,607871,607901,1,30,31,completed,1
7381,Rigid,607870,607871,607899,1,28,29,completed,1
7382,Rigid,607870,607871,607900,1,29,30,completed,1
7383,Rigid,607870,607871,607900,1,29,30,completed,1
7384,Rigid,607870,607871,607903,1,32,33,completed,1
7385,Rigid,607870,607871,607900,1,29,30,completed,1
7386,Rigid,607870,607871,607900,1,29,30,completed,1
7387,Rigid,607870,607871,607900,1,29,30,completed,1
7388,Rigid,607870,607871,607896,1,25,26,completed,1
7389,Rigid,607871,607874,607926,3,52,55,completed,1
7390,Rigid,607871,607874,607923,3,49,52,completed,1
7391,Rigid,607871,607874,607925,3,51,54,completed,1
7392,Rigid,607871,607874,607926,3,52,55,completed,1
7393,Rigid,607872,607874,607924,2,50,52,completed,1
7394,Rigid,607872,607874,607924,2,50,52,completed,1
7395,Rigid,607872,607874,607928,2,54,56,completed,1
7396,Rigid,607872,607874,607923,2,49,51,completed,1
7397,Rigid,607872,607874,607925,2,51,53,completed,1
7398,Rigid,607872,607874,607923,2,49,51,completed,1
7399,Rigid,607872,607874,607924,2,50,52,completed,1
7400,Rigid,607872,607874,607925,2,51,53,completed,1
7401,Rigid,607872,607874,607925,2,51,53,completed,1
7402,Rigid,607872,607874,607926,2,52,54,completed,1
7403,Rigid,607872,607874,607924,2,50,52,completed,1
7404,Rigid,607872,607874,607925,2,51,53,completed,1
7405,Rigid,607872,607874,607923,2,49,51,completed,1
7406,Rigid,607872,607874,607925,2,51,53,completed,1
7407,Rigid,607872,607874,607927,2,53,55,completed,1
7408,Rigid,607872,607874,607924,2,50,52,completed,1
7409,Rigid,607873,607874,607925,1,51,52,completed,1
7410,Rigid,607873,607874,607924,1,50,51,completed,1
7411,Rigid,607873,607874,607926,1,52,53,completed,1
7412,Rigid,607873,607874,607923,1,49,50,completed,1
7413,Rigid,607873,607874,607926,1,52,53,completed,1
7414,Rigid,607873,607874,607922,1,48,49,completed,1
7415,Rigid,607873,607874,607928,1,54,55,completed,1
7416,Rigid,607873,607874,607924,1,50,51,completed,1
7417,Rigid,607873,607874,607925,1,51,52,completed,1
7418,Rigid,607873,607874,607925,1,51,52,completed,1
7419,Rigid,607874,607874,607914,0,40,40,completed,1
7420,Rigid,607874,607874,607914,0,40,40,completed,1
7421,Rigid,607874,607875,607914,1,39,40,completed,1
7422,Rigid,607874,607875,607914,1,39,40,completed,1
7423,Rigid,607874,607875,607923,1,48,49,completed,1
7424,Rigid,607874,607875,607927,1,52,53,completed,1
7425,Rigid,607874,607875,607923,1,48,49,completed,1
7426,Rigid,607874,607875,607925,1,50,51,completed,1
7427,Rigid,607875,607875,607925,0,50,50,completed,1
7428,Rigid,607875,607875,607924,0,49,49,completed,1
7429,Rigid,607875,607879,607929,4,50,54,completed,1
7430,Rigid,607875,607879,607926,4,47,51,completed,1
7431,Rigid,607875,607879,607923,4,44,48,completed,1
7432,Rigid,607875,607879,607924,4,45,49,completed,1
7433,Rigid,607875,607879,607925,4,46,50,completed,1
7434,Rigid,607875,607879,607929,4,50,54,completed,1
7435,Rigid,607875,607879,607924,4,45,49,completed,1
7436,Rigid,607875,607879,607924,4,45,49,completed,1
7437,Rigid,607875,607879,607925,4,46,50,completed,1
7438,Rigid,607875,607879,607925,4,46,50,completed,1
7439,Rigid,607876,607879,607923,3,44,47,completed,1
7440,Rigid,607877,607879,607925,2,46,48,completed,1
7441,Rigid,607877,607879,607925,2,46,48,completed,1
7442,Rigid,607877,607879,607929,2,50,52,completed,1
7443,Rigid,607877,607879,607925,2,46,48,completed,1
7444,Rigid,607877,607879,607925,2,46,48,completed,1
7445,Rigid,607877,607879,607926,2,47,49,completed,1
7446,Rigid,607877,607879,607923,2,44,46,completed,1
7447,Rigid,607877,607879,607924,2,45,47,completed,1
7448,Rigid,607877,607879,607925,2,46,48,completed,1
7449,Rigid,607877,607879,607924,2,45,47,completed,1
7450,Rigid,607877,607879,607923,2,44,46,completed,1
7451,Rigid,607877,607879,607924,2,45,47,completed,1
7452,Rigid,607877,607879,607929,2,50,52,completed,1
7453,Rigid,607877,607879,607925,2,46,48,completed,1
7454,Rigid,607877,607879,607924,2,45,47,completed,1
7455,Rigid,607877,607879,607924,2,45,47,completed,1
7456,Rigid,607877,607879,607925,2,46,48,completed,1
7457,Rigid,607877,607879,607923,2,44,46,completed,1
7458,Rigid,607877,607879,607923,2,44,46,completed,1
7459,Rigid,607878,607879,607923,1,44,45,completed,1
7460,Rigid,607878,607879,607925,1,46,47,completed,1
7461,Rigid,607878,607879,607925,1,46,47,completed,1
7462,Rigid,607878,607879,607926,1,47,48,completed,1
7463,Rigid,607878,607879,607923,1,44,45,completed,1
7464,Rigid,607879,607879,607914,0,35,35,completed,1
7465,Rigid,607879,607879,607914,0,35,35,completed,1
7466,Rigid,607879,607879,607914,0,35,35,completed,1
7467,Rigid,607879,607879,607915,0,36,36,completed,1
7468,Rigid,607879,607879,607914,0,35,35,completed,1
7469,Rigid,607879,607880,607914,1,34,35,completed,1
7470,Rigid,607880,607880,607916,0,36,36,completed,1
7471,Rigid,607880,607880,607915,0,35,35,completed,1
7472,Rigid,607880,607880,607916,0,36,36,completed,1
7473,Rigid,607971,607972,608493,1,521,522,completed,72
7474,Rigid,608019,608020,608080,1,60,61,completed,1
7475,Rigid,608019,608020,608069,1,49,50,completed,1
7476,Rigid,608019,608020,608069,1,49,50,completed,1
7477,Rigid,608019,608020,608069,1,49,50,completed,1
7478,Rigid,608019,608020,608080,1,60,61,completed,1
7479,Rigid,608019,608020,608071,1,51,52,completed,1
7480,Rigid,608019,608020,608069,1,49,50,completed,1
7481,Rigid,608019,608020,608073,1,53,54,completed,1
7482,Rigid,608019,608020,608068,1,48,49,completed,1
7483,Rigid,608019,608020,608075,1,55,56,completed,1
7484,Rigid,608019,608020,608069,1,49,50,completed,1
7485,Rigid,608019,608020,608075,1,55,56,completed,1
7486,Rigid,608019,608020,608069,1,49,50,completed,1
7487,Rigid,608019,608020,608080,1,60,61,completed,1
7488,Rigid,608019,608020,608068,1,48,49,completed,1
7489,Rigid,608019,608020,608078,1,58,59,completed,1
7490,Rigid,608020,608020,608069,0,49,49,completed,1
7491,Rigid,608020,608020,608075,0,55,55,completed,1
7492,Rigid,608020,608020,608078,0,58,58,completed,1
7493,Rigid,608020,608020,608072,0,52,52,completed,1
7494,Rigid,608020,608020,608077,0,57,57,completed,1
7495,Rigid,608020,608020,608072,0,52,52,completed,1
7496,Rigid,608020,608020,608080,0,60,60,completed,1
7497,Rigid,608020,608020,608069,0,49,49,completed,1
7498,Rigid,608020,608020,608069,0,49,49,completed,1
7499,Rigid,608020,608020,608072,0,52,52,completed,1
7500,Rigid,608020,608020,608073,0,53,53,completed,1
7501,Rigid,608020,608020,608072,0,52,52,completed,1
7502,Rigid,608020,608020,608072,0,52,52,completed,1
7503,Rigid,608020,608020,608069,0,49,49,completed,1
7504,Rigid,608020,608020,608068,0,48,48,completed,1
7505,Rigid,608020,608020,608072,0,52,52,completed,1
7506,Rigid,608020,608020,608071,0,51,51,completed,1
7507,Rigid,608020,608020,608071,0,51,51,completed,1
7508,Rigid,608020,608020,608069,0,49,49,completed,1
7509,Rigid,608020,608020,608069,0,49,49,completed,1
7510,Rigid,608020,608020,608069,0,49,49,completed,1
7511,Rigid,608020,608020,608069,0,49,49,completed,1
7512,Rigid,608020,608020,608082,0,62,62,completed,1
7513,Rigid,608020,608020,608077,0,57,57,completed,1
7514,Rigid,608020,608020,608074,0,54,54,completed,1
7515,Rigid,608020,608020,608070,0,50,50,completed,1
7516,Rigid,608020,608020,608069,0,49,49,completed,1
7517,Rigid,608020,608020,608078,0,58,58,completed,1
7518,Rigid,608020,608020,608070,0,50,50,completed,1
7519,Rigid,608020,608020,608069,0,49,49,completed,1
7520,Rigid,608020,608020,608073,0,53,53,completed,1
7521,Rigid,608020,608020,608069,0,49,49,completed,1
7522,Rigid,608020,608020,608068,0,48,48,completed,1
7523,Rigid,608020,608020,608074,0,54,54,completed,1
7524,Rigid,608020,608020,608074,0,54,54,completed,1
7525,Rigid,608020,608024,608069,4,45,49,completed,1
7526,Rigid,608020,608024,608068,4,44,48,completed,1
7527,Rigid,608020,608024,608074,4,50,54,completed,1
7528,Rigid,608020,608024,608069,4,45,49,completed,1
7529,Rigid,608020,608024,608072,4,48,52,completed,1
7530,Rigid,608020,608024,608077,4,53,57,completed,1
7531,Rigid,608020,608024,608080,4,56,60,completed,1
7532,Rigid,608020,608024,608075,4,51,55,completed,1
7533,Rigid,608020,608024,608078,4,54,58,completed,1
7534,Rigid,608020,608024,608074,4,50,54,completed,1
7535,Rigid,608020,608024,608076,4,52,56,completed,1
7536,Rigid,608021,608024,608076,3,52,55,completed,1
7537,Rigid,608021,608024,608069,3,45,48,completed,1
7538,Rigid,608021,608024,608079,3,55,58,completed,1
7539,Rigid,608021,608024,608079,3,55,58,completed,1
7540,Rigid,608021,608024,608076,3,52,55,completed,1
7541,Rigid,608021,608024,608074,3,50,53,completed,1
7542,Rigid,608021,608024,608074,3,50,53,completed,1
7543,Rigid,608021,608024,608074,3,50,53,completed,1
7544,Rigid,608021,608024,608079,3,55,58,completed,1
7545,Rigid,608021,608024,608068,3,44,47,completed,1
7546,Rigid,608021,608024,608081,3,57,60,completed,1
7547,Rigid,608021,608024,608080,3,56,59,completed,1
7548,Rigid,608021,608024,608071,3,47,50,completed,1
7549,Rigid,608021,608024,608068,3,44,47,completed,1
7550,Rigid,608021,608024,608071,3,47,50,completed,1
7551,Rigid,608021,608024,608073,3,49,52,completed,1
7552,Rigid,608021,608024,608075,3,51,54,completed,1
7553,Rigid,608021,608024,608073,3,49,52,completed,1
7554,Rigid,608021,608024,608068,3,44,47,completed,1
7555,Rigid,608021,608024,608076,3,52,55,completed,1
7556,Rigid,608021,608024,608073,3,49,52,completed,1
7557,Rigid,608021,608024,608077,3,53,56,completed,1
7558,Rigid,608021,608024,608068,3,44,47,completed,1
7559,Rigid,608021,608024,608080,3,56,59,completed,1
7560,Rigid,608021,608024,608075,3,51,54,completed,1
7561,Rigid,608021,608024,608073,3,49,52,completed,1
7562,Rigid,608021,608024,608068,3,44,47,completed,1
7563,Rigid,608021,608024,608080,3,56,59,completed,1
7564,Rigid,608021,608024,608071,3,47,50,completed,1
7565,Rigid,608021,608024,608068,3,44,47,completed,1
7566,Rigid,608021,608024,608068,3,44,47,completed,1
7567,Rigid,608021,608024,608068,3,44,47,completed,1
7568,Rigid,608021,608024,608068,3,44,47,completed,1
7569,Rigid,608021,608024,608068,3,44,47,completed,1
7570,Rigid,608021,608024,608069,3,45,48,completed,1
7571,Rigid,608021,608024,608075,3,51,54,completed,1
7572,Rigid,608021,608024,608071,3,47,50,completed,1
7573,Rigid,608021,608024,608072,3,48,51,completed,1
7574,Rigid,608021,608024,608068,3,44,47,completed,1
7575,Rigid,608021,608024,608068,3,44,47,completed,1
7576,Rigid,608021,608024,608069,3,45,48,completed,1
7577,Rigid,608021,608024,608077,3,53,56,completed,1
7578,Rigid,608021,608024,608072,3,48,51,completed,1
7579,Rigid,608021,608024,608069,3,45,48,completed,1
7580,Rigid,608021,608024,608071,3,47,50,completed,1
7581,Rigid,608022,608024,608073,2,49,51,completed,1
7582,Rigid,608022,608024,608069,2,45,47,completed,1
7583,Rigid,608022,608024,608075,2,51,53,completed,1
7584,Rigid,608022,608024,608077,2,53,55,completed,1
7585,Rigid,608022,608024,608079,2,55,57,completed,1
7586,Rigid,608022,608024,608073,2,49,51,completed,1
7587,Rigid,608022,608024,608072,2,48,50,completed,1
7588,Rigid,608022,608024,608072,2,48,50,completed,1
7589,Rigid,608022,608024,608072,2,48,50,completed,1
7590,Rigid,608022,608024,608068,2,44,46,completed,1
7591,Rigid,608022,608024,608068,2,44,46,completed,1
7592,Rigid,608022,608024,608068,2,44,46,completed,1
7593,Rigid,608022,608024,608076,2,52,54,completed,1
7594,Rigid,608022,608024,608073,2,49,51,completed,1
7595,Rigid,608022,608024,608073,2,49,51,completed,1
7596,Rigid,608022,608024,608077,2,53,55,completed,1
7597,Rigid,608022,608024,608075,2,51,53,completed,1
7598,Rigid,608022,608024,608069,2,45,47,completed,1
7599,Rigid,608022,608024,608068,2,44,46,completed,1
7600,Rigid,608022,608024,608073,2,49,51,completed,1
7601,Rigid,608022,608024,608075,2,51,53,completed,1
7602,Rigid,608022,608024,608072,2,48,50,completed,1
7603,Rigid,608022,608024,608075,2,51,53,completed,1
7604,Rigid,608022,608024,608080,2,56,58,completed,1
7605,Rigid,608022,608024,608071,2,47,49,completed,1
7606,Rigid,608022,608024,608075,2,51,53,completed,1
7607,Rigid,608022,608024,608068,2,44,46,completed,1
7608,Rigid,608022,608024,608081,2,57,59,completed,1
7609,Rigid,608022,608024,608068,2,44,46,completed,1
7610,Rigid,608022,608024,608079,2,55,57,completed,1
7611,Rigid,608022,608024,608068,2,44,46,completed,1
7612,Rigid,608022,608024,608069,2,45,47,completed,1
7613,Rigid,608022,608024,608075,2,51,53,completed,1
7614,Rigid,608022,608024,608076,2,52,54,completed,1
7615,Rigid,608022,608024,608075,2,51,53,completed,1
7616,Rigid,608022,608024,608068,2,44,46,completed,1
7617,Rigid,608022,608024,608072,2,48,50,completed,1
7618,Rigid,608022,608024,608075,2,51,53,completed,1
7619,Rigid,608022,608024,608068,2,44,46,completed,1
7620,Rigid,608022,608024,608078,2,54,56,completed,1
7621,Rigid,608022,608024,608073,2,49,51,completed,1
7622,Rigid,608022,608024,608075,2,51,53,completed,1
7623,Rigid,608022,608024,608070,2,46,48,completed,1
7624,Rigid,608022,608024,608072,2,48,50,completed,1
7625,Rigid,608022,608024,608077,2,53,55,completed,1
7626,Rigid,608022,608024,608077,2,53,55,completed,1
7627,Rigid,608022,608024,608075,2,51,53,completed,1
7628,Rigid,608022,608024,608075,2,51,53,completed,1
7629,Rigid,608022,608024,608068,2,44,46,completed,1
7630,Rigid,608022,608024,608073,2,49,51,completed,1
7631,Rigid,608023,608024,608077,1,53,54,completed,1
7632,Rigid,608023,608024,608068,1,44,45,completed,1
7633,Rigid,608023,608024,608068,1,44,45,completed,1
7634,Rigid,608023,608024,608073,1,49,50,completed,1
7635,Rigid,608023,608024,608073,1,49,50,completed,1
7636,Rigid,608023,608024,608077,1,53,54,completed,1
7637,Rigid,608023,608024,608070,1,46,47,completed,1
7638,Rigid,608023,608024,608073,1,49,50,completed,1
7639,Rigid,608023,608024,608070,1,46,47,completed,1
7640,Rigid,608023,608024,608077,1,53,54,completed,1
7641,Rigid,608023,608024,608073,1,49,50,completed,1
7642,Rigid,608023,608024,608068,1,44,45,completed,1
7643,Rigid,608023,608024,608075,1,51,52,completed,1
7644,Rigid,608023,608024,608077,1,53,54,completed,1
7645,Rigid,608023,608024,608072,1,48,49,completed,1
7646,Rigid,608023,608024,608069,1,45,46,completed,1
7647,Rigid,608023,608024,608069,1,45,46,completed,1
7648,Rigid,608023,608024,608075,1,51,52,completed,1
7649,Rigid,608023,608024,608073,1,49,50,completed,1
7650,Rigid,608023,608024,608075,1,51,52,completed,1
7651,Rigid,608023,608024,608075,1,51,52,completed,1
7652,Rigid,608023,608024,608073,1,49,50,completed,1
7653,Rigid,608023,608024,608077,1,53,54,completed,1
7654,Rigid,608023,608024,608068,1,44,45,completed,1
7655,Rigid,608023,608024,608068,1,44,45,completed,1
7656,Rigid,608023,608024,608068,1,44,45,completed,1
7657,Rigid,608023,608024,608068,1,44,45,completed,1
7658,Rigid,608023,608024,608068,1,44,45,completed,1
7659,Rigid,608023,608024,608068,1,44,45,completed,1
7660,Rigid,608023,608024,608068,1,44,45,completed,1
7661,Rigid,608023,608024,608068,1,44,45,completed,1
7662,Rigid,608023,608024,608068,1,44,45,completed,1
7663,Rigid,608023,608024,608068,1,44,45,completed,1
7664,Rigid,608023,608024,608068,1,44,45,completed,1
7665,Rigid,608023,608024,608068,1,44,45,completed,1
7666,Rigid,608023,608024,608068,1,44,45,completed,1
7667,Rigid,608023,608024,608068,1,44,45,completed,1
7668,Rigid,608023,608024,608068,1,44,45,completed,1
7669,Rigid,608023,608024,608068,1,44,45,completed,1
7670,Rigid,608023,608024,608068,1,44,45,completed,1
7671,Rigid,608023,608024,608068,1,44,45,completed,1
7672,Rigid,608023,608024,608068,1,44,45,completed,1
7673,Rigid,608023,608024,608068,1,44,45,completed,1
7674,Rigid,608068,608068,608098,0,30,30,completed,1
7675,Rigid,608069,608069,608098,0,29,29,completed,1
7676,Rigid,608069,608069,608098,0,29,29,completed,1
7677,Rigid,608069,608069,608098,0,29,29,completed,1
7678,Rigid,608070,608070,608097,0,27,27,completed,1
7679,Rigid,608071,608071,608111,0,40,40,completed,1
7680,Rigid,608071,608071,608114,0,43,43,completed,1
7681,Rigid,608071,608071,608110,0,39,39,completed,1
7682,Rigid,608072,608072,608110,0,38,38,completed,1
7683,Rigid,608072,608072,608108,0,36,36,completed,1
7684,Rigid,608072,608072,608109,0,37,37,completed,1
7685,Rigid,608073,608073,608110,0,37,37,completed,1
7686,Rigid,608073,608073,608110,0,37,37,completed,1
7687,Rigid,608073,608074,608112,1,38,39,completed,1
7688,Rigid,608073,608074,608108,1,34,35,completed,1
7689,Rigid,608074,608074,608111,0,37,37,completed,1
7690,Rigid,608074,608074,608108,0,34,34,completed,1
7691,Rigid,608074,608074,608108,0,34,34,completed,1
7692,Rigid,608074,608074,608110,0,36,36,completed,1
7693,Rigid,608074,608074,608111,0,37,37,completed,1
7694,Rigid,608074,608074,608109,0,35,35,completed,1
7695,Rigid,608074,608074,608108,0,34,34,completed,1
7696,Rigid,608074,608074,608114,0,40,40,completed,1
7697,Rigid,608074,608074,608097,0,23,23,completed,1
7698,Rigid,608075,608075,608108,0,33,33,completed,1
7699,Rigid,608075,608075,608111,0,36,36,completed,1
7700,Rigid,608075,608075,608111,0,36,36,completed,1
7701,Rigid,608075,608075,608109,0,34,34,completed,1
7702,Rigid,608075,608075,608110,0,35,35,completed,1
7703,Rigid,608075,608075,608110,0,35,35,completed,1
7704,Rigid,608075,608075,608108,0,33,33,completed,1
7705,Rigid,608075,608075,608108,0,33,33,completed,1
7706,Rigid,608075,608075,608110,0,35,35,completed,1
7707,Rigid,608087,608087,608114,0,27,27,completed,1
7708,Rigid,608087,608087,608114,0,27,27,completed,1
7709,Rigid,608087,608087,608114,0,27,27,completed,1
7710,Rigid,608087,608087,608115,0,28,28,completed,1
7711,Rigid,608087,608087,608116,0,29,29,completed,1
7712,Rigid,608087,608087,608115,0,28,28,completed,1
7713,Rigid,608088,608091,608119,3,28,31,completed,1
7714,Rigid,608088,608091,608121,3,30,33,completed,1
7715,Rigid,608088,608091,608119,3,28,31,completed,1
7716,Rigid,608088,608091,608134,3,43,46,completed,1
7717,Rigid,608088,608091,608130,3,39,42,completed,1
7718,Rigid,608088,608091,608135,3,44,47,completed,1
7719,Rigid,608088,608091,608133,3,42,45,completed,1
7720,Rigid,608088,608091,608131,3,40,43,completed,1
7721,Rigid,608088,608091,608138,3,47,50,completed,1
7722,Rigid,608088,608091,608130,3,39,42,completed,1
7723,Rigid,608089,608091,608127,2,36,38,completed,1
7724,Rigid,608089,608091,608130,2,39,41,completed,1
7725,Rigid,608089,608091,608136,2,45,47,completed,1
7726,Rigid,608089,608091,608132,2,41,43,completed,1
7727,Rigid,608089,608091,608129,2,38,40,completed,1
7728,Rigid,608089,608091,608132,2,41,43,completed,1
7729,Rigid,608089,608091,608136,2,45,47,completed,1
7730,Rigid,608089,608091,608130,2,39,41,completed,1
7731,Rigid,608089,608091,608133,2,42,44,completed,1
7732,Rigid,608089,608091,608127,2,36,38,completed,1
7733,Rigid,608090,608091,608130,1,39,40,completed,1
7734,Rigid,608090,608091,608129,1,38,39,completed,1
7735,Rigid,608090,608091,608129,1,38,39,completed,1
7736,Rigid,608090,608091,608127,1,36,37,completed,1
7737,Rigid,608090,608091,608127,1,36,37,completed,1
7738,Rigid,608090,608091,608133,1,42,43,completed,1
7739,Rigid,608090,608091,608128,1,37,38,completed,1
7740,Rigid,608090,608091,608131,1,40,41,completed,1
7741,Rigid,608090,608091,608129,1,38,39,completed,1
7742,Rigid,608090,608091,608130,1,39,40,completed,1
7743,Rigid,608091,608091,608130,0,39,39,completed,1
7744,Rigid,608091,608091,608134,0,43,43,completed,1
7745,Rigid,608091,608091,608130,0,39,39,completed,1
7746,Rigid,608091,608091,608128,0,37,37,completed,1
7747,Rigid,608091,608091,608136,0,45,45,completed,1
7748,Rigid,608091,608091,608133,0,42,42,completed,1
7749,Rigid,608091,608091,608132,0,41,41,completed,1
7750,Rigid,608091,608091,608128,0,37,37,completed,1
7751,Rigid,608091,608091,608130,0,39,39,completed,1
7752,Rigid,608091,608091,608131,0,40,40,completed,1
7753,Rigid,608092,608094,608132,2,38,40,completed,1
7754,Rigid,608092,608094,608136,2,42,44,completed,1
7755,Rigid,608092,608094,608132,2,38,40,completed,1
7756,Rigid,608092,608094,608133,2,39,41,completed,1
7757,Rigid,608092,608094,608131,2,37,39,completed,1
7758,Rigid,608092,608094,608132,2,38,40,completed,1
7759,Rigid,608092,608094,608131,2,37,39,completed,1
7760,Rigid,608092,608094,608132,2,38,40,completed,1
7761,Rigid,608092,608094,608127,2,33,35,completed,1
7762,Rigid,608092,608094,608133,2,39,41,completed,1
7763,Rigid,608093,608094,608131,1,37,38,completed,1
7764,Rigid,608093,608094,608133,1,39,40,completed,1
7765,Rigid,608093,608094,608130,1,36,37,completed,1
7766,Rigid,608093,608094,608133,1,39,40,completed,1
7767,Rigid,608093,608094,608127,1,33,34,completed,1
7768,Rigid,608093,608094,608133,1,39,40,completed,1
7769,Rigid,608093,608094,608129,1,35,36,completed,1
7770,Rigid,608093,608094,608129,1,35,36,completed,1
7771,Rigid,608093,608094,608131,1,37,38,completed,1
7772,Rigid,608093,608094,608329,1,235,236,completed,1
7773,Rigid,608094,608094,608133,0,39,39,completed,1
7774,Rigid,608094,608094,608130,0,36,36,completed,1
7775,Rigid,608094,608094,608129,0,35,35,completed,1
7776,Rigid,608094,608094,608131,0,37,37,completed,1
7777,Rigid,608094,608094,608130,0,36,36,completed,1
7778,Rigid,608094,608094,608131,0,37,37,completed,1
7779,Rigid,608094,608094,608136,0,42,42,completed,1
7780,Rigid,608094,608094,608129,0,35,35,completed,1
7781,Rigid,608094,608094,608132,0,38,38,completed,1
7782,Rigid,608094,608097,608138,3,41,44,completed,1
7783,Rigid,608095,608097,608141,2,44,46,completed,1
7784,Rigid,608095,608097,608139,2,42,44,completed,1
7785,Rigid,608095,608097,608137,2,40,42,completed,1
7786,Rigid,608095,608097,608138,2,41,43,completed,1
7787,Rigid,608095,608097,608146,2,49,51,completed,1
7788,Rigid,608095,608097,608144,2,47,49,completed,1
7789,Rigid,608095,608097,608148,2,51,53,completed,1
7790,Rigid,608095,608097,608152,2,55,57,completed,1
7791,Rigid,608095,608097,608143,2,46,48,completed,1
7792,Rigid,608095,608097,608142,2,45,47,completed,1
7793,Rigid,608096,608097,608146,1,49,50,completed,1
7794,Rigid,608096,608097,608145,1,48,49,completed,1
7795,Rigid,608096,608097,608147,1,50,51,completed,1
7796,Rigid,608096,608097,608147,1,50,51,completed,1
7797,Rigid,608096,608097,608148,1,51,52,completed,1
7798,Rigid,608096,608097,608147,1,50,51,completed,1
7799,Rigid,608096,608097,608146,1,49,50,completed,1
7800,Rigid,608096,608097,608146,1,49,50,completed,1
7801,Rigid,608096,608097,608147,1,50,51,completed,1
7802,Rigid,608096,608097,608147,1,50,51,completed,1
7803,Rigid,608097,608097,608147,0,50,50,completed,1
7804,Rigid,608097,608097,608148,0,51,51,completed,1
7805,Rigid,608097,608098,608146,1,48,49,completed,1
7806,Rigid,608097,608098,608147,1,49,50,completed,1
7807,Rigid,608097,608098,608144,1,46,47,completed,1
7808,Rigid,608097,608098,608145,1,47,48,completed,1
7809,Rigid,608097,608098,608147,1,49,50,completed,1
7810,Rigid,608097,608098,608146,1,48,49,completed,1
7811,Rigid,608097,608098,608152,1,54,55,completed,1
7812,Rigid,608097,608098,608142,1,44,45,completed,1
7813,Rigid,608098,608098,608147,0,49,49,completed,1
7814,Rigid,608098,608098,608144,0,46,46,completed,1
7815,Rigid,608098,608098,608150,0,52,52,completed,1
7816,Rigid,608098,608098,608151,0,53,53,completed,1
7817,Rigid,608098,608098,608146,0,48,48,completed,1
7818,Rigid,608098,608098,608144,0,46,46,completed,1
7819,Rigid,608098,608098,608149,0,51,51,completed,1
7820,Rigid,608098,608098,608147,0,49,49,completed,1
7821,Rigid,608098,608099,608144,1,45,46,completed,1
7822,Rigid,608098,608099,608143,1,44,45,completed,1
7823,Rigid,608099,608099,608138,0,39,39,completed,1
7824,Rigid,608099,608099,608146,0,47,47,completed,1
7825,Rigid,608099,608099,608135,0,36,36,completed,1
7826,Rigid,608099,608099,608136,0,37,37,completed,1
7827,Rigid,608099,608099,608135,0,36,36,completed,1
7828,Rigid,608099,608099,608134,0,35,35,completed,1
7829,Rigid,608099,608099,608136,0,37,37,completed,1
7830,Rigid,608099,608099,608134,0,35,35,completed,1
7831,Rigid,608099,608099,608134,0,35,35,completed,1
7832,Rigid,608099,608099,608141,0,42,42,completed,1
7833,Rigid,608100,608102,608155,2,53,55,completed,1
7834,Rigid,608100,608102,608156,2,54,56,completed,1
7835,Rigid,608100,608102,608154,2,52,54,completed,1
7836,Rigid,608100,608102,608155,2,53,55,completed,1
7837,Rigid,608100,608102,608154,2,52,54,completed,1
7838,Rigid,608100,608102,608156,2,54,56,completed,1
7839,Rigid,608100,608102,608155,2,53,55,completed,1
7840,Rigid,608100,608102,608154,2,52,54,completed,1
7841,Rigid,608100,608102,608155,2,53,55,completed,1
7842,Rigid,608100,608102,608154,2,52,54,completed,1
7843,Rigid,608101,608102,608155,1,53,54,completed,1
7844,Rigid,608101,608102,608152,1,50,51,completed,1
7845,Rigid,608101,608102,608154,1,52,53,completed,1
7846,Rigid,608101,608102,608153,1,51,52,completed,1
7847,Rigid,608101,608102,608155,1,53,54,completed,1
7848,Rigid,608101,608102,608154,1,52,53,completed,1
7849,Rigid,608101,608102,608153,1,51,52,completed,1
7850,Rigid,608101,608102,608154,1,52,53,completed,1
7851,Rigid,608101,608102,608156,1,54,55,completed,1
7852,Rigid,608101,608102,608155,1,53,54,completed,1
7853,Rigid,608102,608102,608154,0,52,52,completed,1
7854,Rigid,608102,608102,608154,0,52,52,completed,1
7855,Rigid,608102,608102,608154,0,52,52,completed,1
7856,Rigid,608102,608102,608154,0,52,52,completed,1
7857,Rigid,608102,608102,608155,0,53,53,completed,1
7858,Rigid,608102,608102,608153,0,51,51,completed,1
7859,Rigid,608102,608102,608153,0,51,51,completed,1
7860,Rigid,608102,608106,608148,4,42,46,completed,1
7861,Rigid,608103,608106,608147,3,41,44,completed,1
7862,Rigid,608103,608106,608153,3,47,50,completed,1
7863,Rigid,608103,608106,608149,3,43,46,completed,1
7864,Rigid,608103,608106,608149,3,43,46,completed,1
7865,Rigid,608103,608106,608148,3,42,45,completed,1
7866,Rigid,608103,608106,608149,3,43,46,completed,1
7867,Rigid,608103,608106,608149,3,43,46,completed,1
7868,Rigid,608103,608106,608147,3,41,44,completed,1
7869,Rigid,608103,608106,608147,3,41,44,completed,1
7870,Rigid,608103,608106,608149,3,43,46,completed,1
7871,Rigid,608104,608106,608154,2,48,50,completed,1
7872,Rigid,608104,608106,608148,2,42,44,completed,1
7873,Rigid,608104,608106,608148,2,42,44,completed,1
7874,Rigid,608114,608115,608187,1,72,73,completed,1
7875,Rigid,608114,608115,608187,1,72,73,completed,1
7876,Rigid,608114,608115,608185,1,70,71,completed,1
7877,Rigid,608131,608131,608189,0,58,58,completed,1
7878,Rigid,608131,608131,608185,0,54,54,completed,1
7879,Rigid,608131,608131,608185,0,54,54,completed,1
7880,Rigid,608131,608131,608188,0,57,57,completed,1
7881,Rigid,608132,608132,608189,0,57,57,completed,1
7882,Rigid,608132,608132,608188,0,56,56,completed,1
7883,Rigid,608132,608132,608183,0,51,51,completed,1
7884,Rigid,608132,608132,608183,0,51,51,completed,1
7885,Rigid,608132,608132,608183,0,51,51,completed,1
7886,Rigid,608132,608132,608187,0,55,55,completed,1
7887,Rigid,608132,608132,608183,0,51,51,completed,1
7888,Rigid,608132,608132,608183,0,51,51,completed,1
7889,Rigid,608132,608132,608187,0,55,55,completed,1
7890,Rigid,608135,608135,608188,0,53,53,completed,1
7891,Rigid,608135,608136,608184,1,48,49,completed,1
7892,Rigid,608136,608136,608186,0,50,50,completed,1
7893,Rigid,608136,608136,608190,0,54,54,completed,1
7894,Rigid,608136,608136,608187,0,51,51,completed,1
7895,Rigid,608136,608136,608189,0,53,53,completed,1
7896,Rigid,608136,608136,608185,0,49,49,completed,1
7897,Rigid,608136,608136,608178,0,42,42,completed,1
7898,Rigid,608136,608136,608177,0,41,41,completed,1
7899,Rigid,608136,608136,608180,0,44,44,completed,1
7900,Rigid,608136,608136,608184,0,48,48,completed,1
7901,Rigid,608136,608136,608175,0,39,39,completed,1
7902,Rigid,608136,608136,608175,0,39,39,completed,1
7903,Rigid,608136,608137,608175,1,38,39,completed,1
7904,Rigid,608136,608137,608178,1,41,42,completed,1
7905,Rigid,608136,608137,608177,1,40,41,completed,1
7906,Rigid,608136,608137,608177,1,40,41,completed,1
7907,Rigid,608136,608137,608185,1,48,49,completed,1
7908,Rigid,608136,608137,608180,1,43,44,completed,1
7909,Rigid,608137,608137,608175,0,38,38,completed,1
7910,Rigid,608145,608145,608173,0,28,28,completed,1
7911,Rigid,608145,608145,608173,0,28,28,completed,1
7912,Rigid,608145,608145,608178,0,33,33,completed,1
7913,Rigid,608145,608145,608174,0,29,29,completed,1
7914,Rigid,608145,608145,608175,0,30,30,completed,1
7915,Rigid,608147,608147,608173,0,26,26,completed,1
7916,Rigid,608147,608147,608173,0,26,26,completed,1
7917,Rigid,608147,608147,608173,0,26,26,completed,1
7918,Rigid,608147,608147,608173,0,26,26,completed,1
7919,Rigid,608147,608147,608186,0,39,39,completed,1
7920,Rigid,608147,608147,608185,0,38,38,completed,1
7921,Rigid,608147,608147,608188,0,41,41,completed,1
7922,Rigid,608147,608147,608186,0,39,39,completed,1
7923,Rigid,608147,608148,608187,1,39,40,completed,1
7924,Rigid,608147,608148,608188,1,40,41,completed,1
7925,Rigid,608147,608148,608184,1,36,37,completed,1
7926,Rigid,608148,608148,608188,0,40,40,completed,1
7927,Rigid,608148,608148,608185,0,37,37,completed,1
7928,Rigid,608148,608148,608190,0,42,42,completed,1
7929,Rigid,608148,608148,608188,0,40,40,completed,1
7930,Rigid,608148,608148,608187,0,39,39,completed,1
7931,Rigid,608148,608148,608187,0,39,39,completed,1
7932,Rigid,608148,608148,608189,0,41,41,completed,1
7933,Rigid,608148,608148,608192,0,44,44,completed,1
7934,Rigid,608148,608148,608191,0,43,43,completed,1
7935,Rigid,608148,608148,608182,0,34,34,completed,1
7936,Rigid,608148,608148,608190,0,42,42,completed,1
7937,Rigid,608148,608148,608186,0,38,38,completed,1
7938,Rigid,608148,608148,608186,0,38,38,completed,1
7939,Rigid,608148,608148,608188,0,40,40,completed,1
7940,Rigid,608148,608148,608186,0,38,38,completed,1
7941,Rigid,608148,608148,608187,0,39,39,completed,1
7942,Rigid,608148,608148,608184,0,36,36,completed,1
7943,Rigid,608149,608149,608187,0,38,38,completed,1
7944,Rigid,608149,608149,608185,0,36,36,completed,1
7945,Rigid,608149,608149,608186,0,37,37,completed,1
7946,Rigid,608149,608149,608188,0,39,39,completed,1
7947,Rigid,608149,608149,608181,0,32,32,completed,1
7948,Rigid,608149,608149,608186,0,37,37,completed,1
7949,Rigid,608149,608149,608187,0,38,38,completed,1
7950,Rigid,608149,608149,608191,0,42,42,completed,1
7951,Rigid,608149,608149,608195,0,46,46,completed,1
7952,Rigid,608149,608150,608187,1,37,38,completed,1
7953,Rigid,608149,608150,608189,1,39,40,completed,1
7954,Rigid,608150,608150,608187,0,37,37,completed,1
7955,Rigid,608150,608150,608186,0,36,36,completed,1
7956,Rigid,608150,608150,608200,0,50,50,completed,1
7957,Rigid,608150,608150,608182,0,32,32,completed,1
7958,Rigid,608150,608150,608183,0,33,33,completed,1
7959,Rigid,608150,608150,608187,0,37,37,completed,1
7960,Rigid,608150,608150,608183,0,33,33,completed,1
7961,Rigid,608150,608150,608185,0,35,35,completed,1
7962,Rigid,608150,608150,608184,0,34,34,completed,1
7963,Rigid,608150,608150,608185,0,35,35,completed,1
7964,Rigid,608151,608151,608182,0,31,31,completed,1
7965,Rigid,608151,608151,608185,0,34,34,completed,1
7966,Rigid,608151,608151,608189,0,38,38,completed,1
7967,Rigid,608151,608151,608187,0,36,36,completed,1
7968,Rigid,608151,608151,608182,0,31,31,completed,1
7969,Rigid,608151,608151,608186,0,35,35,completed,1
7970,Rigid,608151,608151,608185,0,34,34,completed,1
7971,Rigid,608151,608151,608190,0,39,39,completed,1
7972,Rigid,608151,608151,608186,0,35,35,completed,1
7973,Rigid,608151,608152,608187,1,35,36,completed,1
7974,Rigid,608152,608152,608190,0,38,38,completed,1
7975,Rigid,608152,608152,608185,0,33,33,completed,1
7976,Rigid,608152,608152,608186,0,34,34,completed,1
7977,Rigid,608152,608152,608182,0,30,30,completed,1
7978,Rigid,608152,608152,608180,0,28,28,completed,1
7979,Rigid,608152,608152,608184,0,32,32,completed,1
7980,Rigid,608152,608152,608191,0,39,39,completed,1
7981,Rigid,608152,608153,608182,1,29,30,completed,1
7982,Rigid,608152,608153,608189,1,36,37,completed,1
7983,Rigid,608152,608153,608187,1,34,35,completed,1
7984,Rigid,608153,608153,608182,0,29,29,completed,1
7985,Rigid,608153,608153,608182,0,29,29,completed,1
7986,Rigid,608153,608153,608187,0,34,34,completed,1
7987,Rigid,608153,608153,608182,0,29,29,completed,1
7988,Rigid,608153,608153,608184,0,31,31,completed,1
7989,Rigid,608153,608153,608187,0,34,34,completed,1
7990,Rigid,608153,608153,608191,0,38,38,completed,1
7991,Rigid,608153,608153,608184,0,31,31,completed,1
7992,Rigid,608153,608153,608186,0,33,33,completed,1
7993,Rigid,608154,608154,608192,0,38,38,completed,1
7994,Rigid,608154,608154,608194,0,40,40,completed,1
7995,Rigid,608154,608154,608194,0,40,40,completed,1
7996,Rigid,608154,608154,608193,0,39,39,completed,1
7997,Rigid,608154,608154,608197,0,43,43,completed,1
7998,Rigid,608154,608154,608193,0,39,39,completed,1
7999,Rigid,608154,608154,608194,0,40,40,completed,1
8000,Rigid,608154,608154,608194,0,40,40,completed,1
8001,Rigid,608154,608154,608194,0,40,40,completed,1
8002,Rigid,608154,608154,608197,0,43,43,completed,1
8003,Rigid,608155,608156,608200,1,44,45,completed,1
8004,Rigid,608156,608156,608200,0,44,44,completed,1
8005,Rigid,608156,608156,608194,0,38,38,completed,1
8006,Rigid,608156,608156,608194,0,38,38,completed,1
8007,Rigid,608156,608156,608197,0,41,41,completed,1
8008,Rigid,608156,608156,608195,0,39,39,completed,1
8009,Rigid,608156,608156,608197,0,41,41,completed,1
8010,Rigid,608156,608156,608197,0,41,41,completed,1
8011,Rigid,608156,608156,608197,0,41,41,completed,1
8012,Rigid,608156,608156,608201,0,45,45,completed,1
8013,Rigid,608156,608157,608200,1,43,44,completed,1
8014,Rigid,608157,608157,608198,0,41,41,completed,1
8015,Rigid,608157,608157,608195,0,38,38,completed,1
8016,Rigid,608157,608157,608195,0,38,38,completed,1
8017,Rigid,608157,608158,608198,1,40,41,completed,1
8018,Rigid,608157,608158,608197,1,39,40,completed,1
8019,Rigid,608157,608158,608197,1,39,40,completed,1
8020,Rigid,608157,608158,608197,1,39,40,completed,1
8021,Rigid,608157,608158,608197,1,39,40,completed,1
8022,Rigid,608157,608158,608195,1,37,38,completed,1
8023,Rigid,608157,608158,608195,1,37,38,completed,1
8024,Rigid,608157,608158,608195,1,37,38,completed,1
8025,Rigid,608158,608162,608212,4,50,54,completed,1
8026,Rigid,608158,608162,608213,4,51,55,completed,1
8027,Rigid,608158,608162,608218,4,56,60,completed,1
8028,Rigid,608158,608162,608215,4,53,57,completed,1
8029,Rigid,608158,608162,608216,4,54,58,completed,1
8030,Rigid,608158,608162,608214,4,52,56,completed,1
8031,Rigid,608158,608162,608212,4,50,54,completed,1
8032,Rigid,608158,608640,780861,482,172221,172703,completed,360
8033,Rigid,608159,608162,608216,3,54,57,completed,1
8034,Rigid,608159,608162,608216,3,54,57,completed,1
8035,Rigid,608159,608162,608214,3,52,55,completed,1
8036,Rigid,608159,608162,608217,3,55,58,completed,1
8037,Rigid,608159,608162,608215,3,53,56,completed,1
8038,Rigid,608159,608162,608212,3,50,53,completed,1
8039,Rigid,608159,608162,608213,3,51,54,completed,1
8040,Rigid,608159,608162,608214,3,52,55,completed,1
8041,Rigid,608159,608162,608214,3,52,55,completed,1
8042,Rigid,608159,608162,608212,3,50,53,completed,1
8043,Rigid,608159,608162,608215,3,53,56,completed,1
8044,Rigid,608160,608162,608213,2,51,53,completed,1
8045,Rigid,608160,608162,608214,2,52,54,completed,1
8046,Rigid,608160,608162,608215,2,53,55,completed,1
8047,Rigid,608160,608162,608215,2,53,55,completed,1
8048,Rigid,608160,608162,608215,2,53,55,completed,1
8049,Rigid,608160,608162,608218,2,56,58,completed,1
8050,Rigid,608160,608162,608216,2,54,56,completed,1
8051,Rigid,608160,608162,608213,2,51,53,completed,1
8052,Rigid,608160,608162,608214,2,52,54,completed,1
8053,Rigid,608160,608162,608206,2,44,46,completed,1
8054,Rigid,608160,608162,608217,2,55,57,completed,1
8055,Rigid,608160,608162,608212,2,50,52,completed,1
8056,Rigid,608161,608162,608215,1,53,54,completed,1
8057,Rigid,608161,608162,608212,1,50,51,completed,1
8058,Rigid,608161,608162,608214,1,52,53,completed,1
8059,Rigid,608161,608162,608213,1,51,52,completed,1
8060,Rigid,608161,608162,608217,1,55,56,completed,1
8061,Rigid,608161,608162,608218,1,56,57,completed,1
8062,Rigid,608161,608162,608214,1,52,53,completed,1
8063,Rigid,608161,608162,608215,1,53,54,completed,1
8064,Rigid,608161,608162,608215,1,53,54,completed,1
8065,Rigid,608161,608162,608213,1,51,52,completed,1
8066,Rigid,608162,608162,608215,0,53,53,completed,1
8067,Rigid,608162,608166,608217,4,51,55,completed,1
8068,Rigid,608162,608166,608212,4,46,50,completed,1
8069,Rigid,608162,608166,608215,4,49,53,completed,1
8070,Rigid,608162,608166,608213,4,47,51,completed,1
8071,Rigid,608162,608166,608217,4,51,55,completed,1
8072,Rigid,608162,608166,608212,4,46,50,completed,1
8073,Rigid,608162,608166,608214,4,48,52,completed,1
8074,Rigid,608174,608174,608215,0,41,41,completed,1
8075,Rigid,608174,608174,608214,0,40,40,completed,1
8076,Rigid,608174,608174,608212,0,38,38,completed,1
8077,Rigid,608174,608174,608215,0,41,41,completed,1
8078,Rigid,608175,608175,608217,0,42,42,completed,1
8079,Rigid,608175,608175,608215,0,40,40,completed,1
8080,Rigid,608190,608190,608241,0,51,51,completed,1
8081,Rigid,608190,608190,608241,0,51,51,completed,1
8082,Rigid,608190,608190,608245,0,55,55,completed,1
8083,Rigid,608190,608190,608242,0,52,52,completed,1
8084,Rigid,608190,608190,608241,0,51,51,completed,1
8085,Rigid,608190,608190,608241,0,51,51,completed,1
8086,Rigid,608190,608190,608241,0,51,51,completed,1
8087,Rigid,608191,608191,608241,0,50,50,completed,1
8088,Rigid,608191,608191,608241,0,50,50,completed,1
8089,Rigid,608191,608191,608241,0,50,50,completed,1
8090,Rigid,608191,608191,608241,0,50,50,completed,1
8091,Rigid,608191,608191,608241,0,50,50,completed,1
8092,Rigid,608191,608191,608241,0,50,50,completed,1
8093,Rigid,608191,608191,608241,0,50,50,completed,1
8094,Rigid,608191,608191,608241,0,50,50,completed,1
8095,Rigid,608191,608191,608241,0,50,50,completed,1
8096,Rigid,608192,608192,608246,0,54,54,completed,1
8097,Rigid,608192,608192,608245,0,53,53,completed,1
8098,Rigid,608192,608192,608248,0,56,56,completed,1
8099,Rigid,608192,608192,608245,0,53,53,completed,1
8100,Rigid,608192,608192,608248,0,56,56,completed,1
8101,Rigid,608192,608192,608250,0,58,58,completed,1
8102,Rigid,608192,608192,608247,0,55,55,completed,1
8103,Rigid,608192,608192,608245,0,53,53,completed,1
8104,Rigid,608192,608192,608248,0,56,56,completed,1
8105,Rigid,608192,608192,608248,0,56,56,completed,1
8106,Rigid,608193,608193,608247,0,54,54,completed,1
8107,Rigid,608193,608193,608247,0,54,54,completed,1
8108,Rigid,608193,608193,608250,0,57,57,completed,1
8109,Rigid,608193,608193,608250,0,57,57,completed,1
8110,Rigid,608193,608193,608248,0,55,55,completed,1
8111,Rigid,608193,608193,608245,0,52,52,completed,1
8112,Rigid,608193,608193,608248,0,55,55,completed,1
8113,Rigid,608193,608193,608247,0,54,54,completed,1
8114,Rigid,608193,608193,608248,0,55,55,completed,1
8115,Rigid,608193,608193,608246,0,53,53,completed,1
8116,Rigid,608206,608206,608247,0,41,41,completed,1
8117,Rigid,608206,608208,608248,2,40,42,completed,1
8118,Rigid,608206,608208,608248,2,40,42,completed,1
8119,Rigid,608207,608208,608248,1,40,41,completed,1
8120,Rigid,608207,608208,608249,1,41,42,completed,1
8121,Rigid,608207,608208,608246,1,38,39,completed,1
8122,Rigid,608207,608208,608249,1,41,42,completed,1
8123,Rigid,608208,608210,608248,2,38,40,completed,1
8124,Rigid,608208,608210,608247,2,37,39,completed,1
8125,Rigid,608208,608210,608247,2,37,39,completed,1
8126,Rigid,608208,608210,608245,2,35,37,completed,1
8127,Rigid,608208,608210,608246,2,36,38,completed,1
8128,Rigid,608209,608210,608247,1,37,38,completed,1
8129,Rigid,608209,608210,608248,1,38,39,completed,1
8130,Rigid,608209,608210,608250,1,40,41,completed,1
8131,Rigid,608209,608210,608248,1,38,39,completed,1
8132,Rigid,608209,608210,608249,1,39,40,completed,1
8133,Rigid,608209,608210,608250,1,40,41,completed,1
8134,Rigid,608209,608210,608249,1,39,40,completed,1
8135,Rigid,608209,608210,608249,1,39,40,completed,1
8136,Rigid,608209,608210,608249,1,39,40,completed,1
8137,Rigid,608209,608210,608249,1,39,40,completed,1
8138,Rigid,608209,608210,608249,1,39,40,completed,1
8139,Rigid,608209,608210,608247,1,37,38,completed,1
8140,Rigid,608209,608210,608246,1,36,37,completed,1
8141,Rigid,608209,608210,608246,1,36,37,completed,1
8142,Rigid,608210,608210,608247,0,37,37,completed,1
8143,Rigid,608210,608210,608249,0,39,39,completed,1
8144,Rigid,608210,608213,608247,3,34,37,completed,1
8145,Rigid,608210,608213,608245,3,32,35,completed,1
8146,Rigid,608210,608213,608247,3,34,37,completed,1
8147,Rigid,608210,608213,608246,3,33,36,completed,1
8148,Rigid,608210,608213,608249,3,36,39,completed,1
8149,Rigid,608210,608213,608250,3,37,40,completed,1
8150,Rigid,608210,608213,608249,3,36,39,completed,1
8151,Rigid,608210,608213,608249,3,36,39,completed,1
8152,Rigid,608210,608213,608245,3,32,35,completed,1
8153,Rigid,608210,608213,608245,3,32,35,completed,1
8154,Rigid,608210,608213,608247,3,34,37,completed,1
8155,Rigid,608210,608213,608249,3,36,39,completed,1
8156,Rigid,608210,608213,608246,3,33,36,completed,1
8157,Rigid,608210,608213,608247,3,34,37,completed,1
8158,Rigid,608210,608213,608247,3,34,37,completed,1
8159,Rigid,608210,608213,608249,3,36,39,completed,1
8160,Rigid,608210,608213,608248,3,35,38,completed,1
8161,Rigid,608210,608213,608247,3,34,37,completed,1
8162,Rigid,608210,608213,608246,3,33,36,completed,1
8163,Rigid,608210,608213,608247,3,34,37,completed,1
8164,Rigid,608211,608213,608250,2,37,39,completed,1
8165,Rigid,608211,608213,608247,2,34,36,completed,1
8166,Rigid,608211,608213,608250,2,37,39,completed,1
8167,Rigid,608211,608213,608246,2,33,35,completed,1
8168,Rigid,608211,608213,608247,2,34,36,completed,1
8169,Rigid,608211,608213,608249,2,36,38,completed,1
8170,Rigid,608211,608213,608247,2,34,36,completed,1
8171,Rigid,608211,608213,608247,2,34,36,completed,1
8172,Rigid,608211,608213,608246,2,33,35,completed,1
8173,Rigid,608211,608213,608246,2,33,35,completed,1
8174,Rigid,608212,608213,608247,1,34,35,completed,1
8175,Rigid,608212,608213,608247,1,34,35,completed,1
8176,Rigid,608212,608213,608247,1,34,35,completed,1
8177,Rigid,608212,608213,608248,1,35,36,completed,1
8178,Rigid,608212,608213,608248,1,35,36,completed,1
8179,Rigid,608212,608213,608248,1,35,36,completed,1
8180,Rigid,608212,608213,608249,1,36,37,completed,1
8181,Rigid,608212,608213,608247,1,34,35,completed,1
8182,Rigid,608212,608213,608247,1,34,35,completed,1
8183,Rigid,608212,608213,608248,1,35,36,completed,1
8184,Rigid,608213,608213,608248,0,35,35,completed,1
8185,Rigid,608213,608213,608248,0,35,35,completed,1
8186,Rigid,608213,608213,608247,0,34,34,completed,1
8187,Rigid,608214,608214,608247,0,33,33,completed,1
8188,Rigid,608214,608214,608247,0,33,33,completed,1
8189,Rigid,608214,608214,608247,0,33,33,completed,1
8190,Rigid,608214,608214,608247,0,33,33,completed,1
8191,Rigid,608214,608214,608248,0,34,34,completed,1
8192,Rigid,608214,608214,608248,0,34,34,completed,1
8193,Rigid,608214,608214,608247,0,33,33,completed,1
8194,Rigid,608214,608214,608247,0,33,33,completed,1
8195,Rigid,608214,608214,608248,0,34,34,completed,1
8196,Rigid,608214,608214,608245,0,31,31,completed,1
8197,Rigid,608214,608214,608246,0,32,32,completed,1
8198,Rigid,608214,608215,608248,1,33,34,completed,1
8199,Rigid,608223,608224,608285,1,61,62,completed,36
8200,Rigid,608262,608263,608267,1,4,5,completed,1
8201,Rigid,608262,608284,608287,22,3,25,completed,1
8202,Rigid,608347,608348,608351,1,3,4,completed,1
8203,Rigid,608347,608364,608369,17,5,22,completed,1
8204,Rigid,608360,608361,608411,1,50,51,completed,1
8205,Rigid,608360,608361,608410,1,49,50,completed,1
8206,Rigid,608360,608361,608410,1,49,50,completed,1
8207,Rigid,608360,608361,608413,1,52,53,completed,1
8208,Rigid,608360,608361,608415,1,54,55,completed,1
8209,Rigid,608360,608361,608415,1,54,55,completed,1
8210,Rigid,608360,608361,608416,1,55,56,completed,1
8211,Rigid,608360,608361,608415,1,54,55,completed,1
8212,Rigid,608360,608361,608413,1,52,53,completed,1
8213,Rigid,608360,608361,608413,1,52,53,completed,1
8214,Rigid,608360,608361,608410,1,49,50,completed,1
8215,Rigid,608360,608361,608415,1,54,55,completed,1
8216,Rigid,608360,608361,608413,1,52,53,completed,1
8217,Rigid,608360,608361,608410,1,49,50,completed,1
8218,Rigid,608360,608361,608415,1,54,55,completed,1
8219,Rigid,608360,608361,608416,1,55,56,completed,1
8220,Rigid,608361,608361,608424,0,63,63,completed,1
8221,Rigid,608361,608361,608424,0,63,63,completed,1
8222,Rigid,608361,608361,608410,0,49,49,completed,1
8223,Rigid,608361,608361,608413,0,52,52,completed,1
8224,Rigid,608361,608361,608417,0,56,56,completed,1
8225,Rigid,608361,608361,608426,0,65,65,completed,1
8226,Rigid,608361,608361,608410,0,49,49,completed,1
8227,Rigid,608361,608361,608410,0,49,49,completed,1
8228,Rigid,608361,608361,608410,0,49,49,completed,1
8229,Rigid,608361,608361,608413,0,52,52,completed,1
8230,Rigid,608361,608363,608419,2,56,58,completed,1
8231,Rigid,608361,608363,608413,2,50,52,completed,1
8232,Rigid,608361,608363,608413,2,50,52,completed,1
8233,Rigid,608361,608363,608418,2,55,57,completed,1
8234,Rigid,608361,608363,608413,2,50,52,completed,1
8235,Rigid,608361,608363,608415,2,52,54,completed,1
8236,Rigid,608361,608363,608421,2,58,60,completed,1
8237,Rigid,608361,608363,608410,2,47,49,completed,1
8238,Rigid,608361,608363,608420,2,57,59,completed,1
8239,Rigid,608361,608363,608416,2,53,55,completed,1
8240,Rigid,608361,608363,608419,2,56,58,completed,1
8241,Rigid,608361,608363,608419,2,56,58,completed,1
8242,Rigid,608361,608363,608414,2,51,53,completed,1
8243,Rigid,608361,608363,608420,2,57,59,completed,1
8244,Rigid,608361,608363,608418,2,55,57,completed,1
8245,Rigid,608361,608363,608418,2,55,57,completed,1
8246,Rigid,608361,608363,608416,2,53,55,completed,1
8247,Rigid,608361,608363,608417,2,54,56,completed,1
8248,Rigid,608361,608363,608419,2,56,58,completed,1
8249,Rigid,608361,608363,608414,2,51,53,completed,1
8250,Rigid,608361,608363,608414,2,51,53,completed,1
8251,Rigid,608361,608363,608415,2,52,54,completed,1
8252,Rigid,608361,608363,608415,2,52,54,completed,1
8253,Rigid,608361,608363,608412,2,49,51,completed,1
8254,Rigid,608361,608363,608418,2,55,57,completed,1
8255,Rigid,608361,608363,608410,2,47,49,completed,1
8256,Rigid,608361,608363,608412,2,49,51,completed,1
8257,Rigid,608361,608363,608423,2,60,62,completed,1
8258,Rigid,608361,608363,608415,2,52,54,completed,1
8259,Rigid,608361,608363,608412,2,49,51,completed,1
8260,Rigid,608361,608363,608412,2,49,51,completed,1
8261,Rigid,608361,608363,608418,2,55,57,completed,1
8262,Rigid,608361,608363,608419,2,56,58,completed,1
8263,Rigid,608362,608363,608416,1,53,54,completed,1
8264,Rigid,608362,608363,608414,1,51,52,completed,1
8265,Rigid,608362,608363,608420,1,57,58,completed,1
8266,Rigid,608362,608363,608418,1,55,56,completed,1
8267,Rigid,608362,608363,608421,1,58,59,completed,1
8268,Rigid,608362,608364,608416,2,52,54,completed,1
8269,Rigid,608362,608364,608418,2,54,56,completed,1
8270,Rigid,608362,608364,608418,2,54,56,completed,1
8271,Rigid,608362,608364,608415,2,51,53,completed,1
8272,Rigid,608362,608364,608417,2,53,55,completed,1
8273,Rigid,608362,608364,608410,2,46,48,completed,1
8274,Rigid,608362,608364,608415,2,51,53,completed,1
8275,Rigid,608362,608364,608416,2,52,54,completed,1
8276,Rigid,608362,608364,608416,2,52,54,completed,1
8277,Rigid,608362,608364,608410,2,46,48,completed,1
8278,Rigid,608362,608364,608413,2,49,51,completed,1
8279,Rigid,608362,608364,608415,2,51,53,completed,1
8280,Rigid,608362,608364,608423,2,59,61,completed,1
8281,Rigid,608362,608364,608414,2,50,52,completed,1
8282,Rigid,608362,608364,608418,2,54,56,completed,1
8283,Rigid,608362,608364,608414,2,50,52,completed,1
8284,Rigid,608362,608364,608413,2,49,51,completed,1
8285,Rigid,608362,608364,608415,2,51,53,completed,1
8286,Rigid,608362,608364,608423,2,59,61,completed,1
8287,Rigid,608362,608364,608418,2,54,56,completed,1
8288,Rigid,608362,608364,608410,2,46,48,completed,1
8289,Rigid,608362,608364,608420,2,56,58,completed,1
8290,Rigid,608362,608364,608414,2,50,52,completed,1
8291,Rigid,608362,608364,608416,2,52,54,completed,1
8292,Rigid,608362,608364,608413,2,49,51,completed,1
8293,Rigid,608362,608364,608417,2,53,55,completed,1
8294,Rigid,608362,608364,608418,2,54,56,completed,1
8295,Rigid,608362,608364,608416,2,52,54,completed,1
8296,Rigid,608362,608364,608413,2,49,51,completed,1
8297,Rigid,608362,608364,608416,2,52,54,completed,1
8298,Rigid,608362,608364,608423,2,59,61,completed,1
8299,Rigid,608362,608364,608413,2,49,51,completed,1
8300,Rigid,608362,608364,608421,2,57,59,completed,1
8301,Rigid,608362,608364,608418,2,54,56,completed,1
8302,Rigid,608362,608364,608416,2,52,54,completed,1
8303,Rigid,608362,608364,608413,2,49,51,completed,1
8304,Rigid,608362,608364,608418,2,54,56,completed,1
8305,Rigid,608362,608364,608414,2,50,52,completed,1
8306,Rigid,608362,608364,608414,2,50,52,completed,1
8307,Rigid,608362,608364,608413,2,49,51,completed,1
8308,Rigid,608362,608364,608417,2,53,55,completed,1
8309,Rigid,608362,608364,608415,2,51,53,completed,1
8310,Rigid,608362,608364,608410,2,46,48,completed,1
8311,Rigid,608362,608364,608414,2,50,52,completed,1
8312,Rigid,608362,608364,608412,2,48,50,completed,1
8313,Rigid,608362,608364,608417,2,53,55,completed,1
8314,Rigid,608362,608364,608415,2,51,53,completed,1
8315,Rigid,608362,608364,608417,2,53,55,completed,1
8316,Rigid,608362,608364,608416,2,52,54,completed,1
8317,Rigid,608362,608364,608411,2,47,49,completed,1
8318,Rigid,608363,608364,608417,1,53,54,completed,1
8319,Rigid,608363,608364,608415,1,51,52,completed,1
8320,Rigid,608363,608364,608413,1,49,50,completed,1
8321,Rigid,608363,608364,608412,1,48,49,completed,1
8322,Rigid,608363,608364,608418,1,54,55,completed,1
8323,Rigid,608363,608364,608410,1,46,47,completed,1
8324,Rigid,608363,608364,608417,1,53,54,completed,1
8325,Rigid,608363,608364,608418,1,54,55,completed,1
8326,Rigid,608363,608364,608415,1,51,52,completed,1
8327,Rigid,608363,608364,608419,1,55,56,completed,1
8328,Rigid,608363,608364,608418,1,54,55,completed,1
8329,Rigid,608363,608364,608424,1,60,61,completed,1
8330,Rigid,608363,608364,608410,1,46,47,completed,1
8331,Rigid,608363,608364,608413,1,49,50,completed,1
8332,Rigid,608363,608364,608415,1,51,52,completed,1
8333,Rigid,608363,608364,608416,1,52,53,completed,1
8334,Rigid,608363,608364,608425,1,61,62,completed,1
8335,Rigid,608363,608364,608411,1,47,48,completed,1
8336,Rigid,608363,608364,608415,1,51,52,completed,1
8337,Rigid,608363,608364,608416,1,52,53,completed,1
8338,Rigid,608363,608364,608419,1,55,56,completed,1
8339,Rigid,608363,608364,608413,1,49,50,completed,1
8340,Rigid,608363,608364,608413,1,49,50,completed,1
8341,Rigid,608363,608364,608413,1,49,50,completed,1
8342,Rigid,608363,608364,608413,1,49,50,completed,1
8343,Rigid,608363,608364,608417,1,53,54,completed,1
8344,Rigid,608363,608364,608411,1,47,48,completed,1
8345,Rigid,608363,608364,608418,1,54,55,completed,1
8346,Rigid,608363,608364,608413,1,49,50,completed,1
8347,Rigid,608363,608364,608411,1,47,48,completed,1
8348,Rigid,608363,608364,608418,1,54,55,completed,1
8349,Rigid,608363,608364,608414,1,50,51,completed,1
8350,Rigid,608363,608364,608410,1,46,47,completed,1
8351,Rigid,608363,608364,608414,1,50,51,completed,1
8352,Rigid,608363,608364,608412,1,48,49,completed,1
8353,Rigid,608363,608364,608414,1,50,51,completed,1
8354,Rigid,608363,608364,608410,1,46,47,completed,1
8355,Rigid,608363,608364,608414,1,50,51,completed,1
8356,Rigid,608363,608364,608421,1,57,58,completed,1
8357,Rigid,608363,608364,608415,1,51,52,completed,1
8358,Rigid,608363,608364,608421,1,57,58,completed,1
8359,Rigid,608363,608364,608412,1,48,49,completed,1
8360,Rigid,608363,608364,608410,1,46,47,completed,1
8361,Rigid,608363,608364,608423,1,59,60,completed,1
8362,Rigid,608363,608364,608412,1,48,49,completed,1
8363,Rigid,608363,608364,608418,1,54,55,completed,1
8364,Rigid,608363,608364,608411,1,47,48,completed,1
8365,Rigid,608363,608364,608415,1,51,52,completed,1
8366,Rigid,608363,608364,608409,1,45,46,completed,1
8367,Rigid,608363,608364,608411,1,47,48,completed,1
8368,Rigid,608364,608365,608416,1,51,52,completed,1
8369,Rigid,608364,608365,608417,1,52,53,completed,1
8370,Rigid,608364,608365,608414,1,49,50,completed,1
8371,Rigid,608364,608365,608415,1,50,51,completed,1
8372,Rigid,608365,608365,608412,0,47,47,completed,1
8373,Rigid,608365,608365,608409,0,44,44,completed,1
8374,Rigid,608365,608365,608411,0,46,46,completed,1
8375,Rigid,608365,608365,608410,0,45,45,completed,1
8376,Rigid,608365,608367,608416,2,49,51,completed,1
8377,Rigid,608365,608367,608409,2,42,44,completed,1
8378,Rigid,608365,608367,608414,2,47,49,completed,1
8379,Rigid,608365,608367,608411,2,44,46,completed,1
8380,Rigid,608365,608367,608410,2,43,45,completed,1
8381,Rigid,608365,608367,608409,2,42,44,completed,1
8382,Rigid,608365,608367,608418,2,51,53,completed,1
8383,Rigid,608365,608367,608415,2,48,50,completed,1
8384,Rigid,608365,608367,608410,2,43,45,completed,1
8385,Rigid,608365,608367,608424,2,57,59,completed,1
8386,Rigid,608365,608367,608410,2,43,45,completed,1
8387,Rigid,608365,608367,608410,2,43,45,completed,1
8388,Rigid,608365,608367,608410,2,43,45,completed,1
8389,Rigid,608366,608367,608410,1,43,44,completed,1
8390,Rigid,608366,608367,608411,1,44,45,completed,1
8391,Rigid,608366,608367,608410,1,43,44,completed,1
8392,Rigid,608366,608367,608410,1,43,44,completed,1
8393,Rigid,608366,608367,608410,1,43,44,completed,1
8394,Rigid,608366,608367,608410,1,43,44,completed,1
8395,Rigid,608366,608367,608410,1,43,44,completed,1
8396,Rigid,608366,608367,608410,1,43,44,completed,1
8397,Rigid,608366,608367,608410,1,43,44,completed,1
8398,Rigid,608366,608367,608410,1,43,44,completed,1
8399,Rigid,608366,608367,608410,1,43,44,completed,1
8400,Rigid,608366,608367,608410,1,43,44,completed,1
8401,Rigid,608366,608367,608410,1,43,44,completed,1
8402,Rigid,608366,608367,608410,1,43,44,completed,1
8403,Rigid,608366,608367,608410,1,43,44,completed,1
8404,Rigid,608398,609638,781742,1240,172104,173344,completed,360
8405,Rigid,608410,608411,608442,1,31,32,completed,1
8406,Rigid,608412,608412,608441,0,29,29,completed,1
8407,Rigid,608412,608412,608441,0,29,29,completed,1
8408,Rigid,608412,608412,608441,0,29,29,completed,1
8409,Rigid,608412,608412,608441,0,29,29,completed,1
8410,Rigid,608413,608413,608441,0,28,28,completed,1
8411,Rigid,608413,608413,608441,0,28,28,completed,1
8412,Rigid,608413,608413,608456,0,43,43,completed,1
8413,Rigid,608413,608413,608442,0,29,29,completed,1
8414,Rigid,608414,608414,608454,0,40,40,completed,1
8415,Rigid,608414,608414,608454,0,40,40,completed,1
8416,Rigid,608414,608414,608453,0,39,39,completed,1
8417,Rigid,608414,608414,608454,0,40,40,completed,1
8418,Rigid,608414,608414,608451,0,37,37,completed,1
8419,Rigid,608414,608415,608454,1,39,40,completed,1
8420,Rigid,608415,608415,608453,0,38,38,completed,1
8421,Rigid,608415,608415,608453,0,38,38,completed,1
8422,Rigid,608415,608415,608453,0,38,38,completed,1
8423,Rigid,608415,608415,608453,0,38,38,completed,1
8424,Rigid,608415,608415,608453,0,38,38,completed,1
8425,Rigid,608415,608415,608453,0,38,38,completed,1
8426,Rigid,608415,608415,608453,0,38,38,completed,1
8427,Rigid,608415,608415,608453,0,38,38,completed,1
8428,Rigid,608416,608416,608453,0,37,37,completed,1
8429,Rigid,608417,608417,608453,0,36,36,completed,1
8430,Rigid,608417,608417,608453,0,36,36,completed,1
8431,Rigid,608417,608417,608453,0,36,36,completed,1
8432,Rigid,608417,608417,608453,0,36,36,completed,1
8433,Rigid,608417,608418,608453,1,35,36,completed,1
8434,Rigid,608418,608418,608453,0,35,35,completed,1
8435,Rigid,608418,608418,608454,0,36,36,completed,1
8436,Rigid,608418,608418,608453,0,35,35,completed,1
8437,Rigid,608418,608418,608453,0,35,35,completed,1
8438,Rigid,608428,608428,608455,0,27,27,completed,1
8439,Rigid,608428,608428,608456,0,28,28,completed,1
8440,Rigid,608428,608428,608456,0,28,28,completed,1
8441,Rigid,608428,608428,608455,0,27,27,completed,1
8442,Rigid,608428,608428,608456,0,28,28,completed,1
8443,Rigid,608428,608428,608455,0,27,27,completed,1
8444,Rigid,608428,608428,608456,0,28,28,completed,1
8445,Rigid,608429,608432,608461,3,29,32,completed,1
8446,Rigid,608429,608432,608461,3,29,32,completed,1
8447,Rigid,608429,608432,608461,3,29,32,completed,1
8448,Rigid,608429,608432,608461,3,29,32,completed,1
8449,Rigid,608429,608432,608475,3,43,46,completed,1
8450,Rigid,608429,608432,608473,3,41,44,completed,1
8451,Rigid,608429,608432,608476,3,44,47,completed,1
8452,Rigid,608429,608432,608472,3,40,43,completed,1
8453,Rigid,608429,608432,608475,3,43,46,completed,1
8454,Rigid,608429,608432,608473,3,41,44,completed,1
8455,Rigid,608430,608432,608476,2,44,46,completed,1
8456,Rigid,608430,608432,608474,2,42,44,completed,1
8457,Rigid,608430,608432,608471,2,39,41,completed,1
8458,Rigid,608430,608432,608476,2,44,46,completed,1
8459,Rigid,608430,608432,608473,2,41,43,completed,1
8460,Rigid,608430,608432,608472,2,40,42,completed,1
8461,Rigid,608430,608432,608474,2,42,44,completed,1
8462,Rigid,608430,608432,608475,2,43,45,completed,1
8463,Rigid,608430,608432,608478,2,46,48,completed,1
8464,Rigid,608430,608432,608478,2,46,48,completed,1
8465,Rigid,608431,608432,608471,1,39,40,completed,1
8466,Rigid,608431,608432,608473,1,41,42,completed,1
8467,Rigid,608431,608432,608474,1,42,43,completed,1
8468,Rigid,608431,608432,608476,1,44,45,completed,1
8469,Rigid,608431,608432,608472,1,40,41,completed,1
8470,Rigid,608431,608432,608473,1,41,42,completed,1
8471,Rigid,608431,608432,608474,1,42,43,completed,1
8472,Rigid,608431,608432,608472,1,40,41,completed,1
8473,Rigid,608431,608432,608471,1,39,40,completed,1
8474,Rigid,608431,608432,608471,1,39,40,completed,1
8475,Rigid,608432,608432,608474,0,42,42,completed,1
8476,Rigid,608432,608432,608474,0,42,42,completed,1
8477,Rigid,608432,608432,608473,0,41,41,completed,1
8478,Rigid,608432,608432,608478,0,46,46,completed,1
8479,Rigid,608432,608432,608471,0,39,39,completed,1
8480,Rigid,608432,608432,608473,0,41,41,completed,1
8481,Rigid,608432,608432,608473,0,41,41,completed,1
8482,Rigid,608432,608432,608475,0,43,43,completed,1
8483,Rigid,608432,608432,608472,0,40,40,completed,1
8484,Rigid,608432,608432,608472,0,40,40,completed,1
8485,Rigid,608433,608437,608474,4,37,41,completed,1
8486,Rigid,608433,608437,608472,4,35,39,completed,1
8487,Rigid,608433,608437,608472,4,35,39,completed,1
8488,Rigid,608433,608437,608476,4,39,43,completed,1
8489,Rigid,608433,608437,608473,4,36,40,completed,1
8490,Rigid,608433,608437,608472,4,35,39,completed,1
8491,Rigid,608434,608437,608475,3,38,41,completed,1
8492,Rigid,608434,608437,608475,3,38,41,completed,1
8493,Rigid,608434,608437,608473,3,36,39,completed,1
8494,Rigid,608434,608437,608478,3,41,44,completed,1
8495,Rigid,608434,608437,608478,3,41,44,completed,1
8496,Rigid,608434,608437,608472,3,35,38,completed,1
8497,Rigid,608434,608437,608474,3,37,40,completed,1
8498,Rigid,608434,608437,608475,3,38,41,completed,1
8499,Rigid,608434,608437,608476,3,39,42,completed,1
8500,Rigid,608434,608437,608471,3,34,37,completed,1
8501,Rigid,608434,608437,608472,3,35,38,completed,1
8502,Rigid,608434,608437,608473,3,36,39,completed,1
8503,Rigid,608434,608437,608473,3,36,39,completed,1
8504,Rigid,608436,608437,608473,1,36,37,completed,1
8505,Rigid,608436,608437,608473,1,36,37,completed,1
8506,Rigid,608436,608437,608474,1,37,38,completed,1
8507,Rigid,608436,608437,608475,1,38,39,completed,1
8508,Rigid,608436,608437,608475,1,38,39,completed,1
8509,Rigid,608436,608437,608473,1,36,37,completed,1
8510,Rigid,608436,608437,608475,1,38,39,completed,1
8511,Rigid,608436,608437,608473,1,36,37,completed,1
8512,Rigid,608436,608437,608475,1,38,39,completed,1
8513,Rigid,608436,608437,608474,1,37,38,completed,1
8514,Rigid,608436,608437,608473,1,36,37,completed,1
8515,Rigid,608436,608437,608475,1,38,39,completed,1
8516,Rigid,608437,608441,608481,4,40,44,completed,1
8517,Rigid,608437,608441,608490,4,49,53,completed,1
8518,Rigid,608437,608441,608489,4,48,52,completed,1
8519,Rigid,608437,608441,608490,4,49,53,completed,1
8520,Rigid,608437,608441,608490,4,49,53,completed,1
8521,Rigid,608437,608441,608491,4,50,54,completed,1
8522,Rigid,608437,608441,608490,4,49,53,completed,1
8523,Rigid,608437,608441,608492,4,51,55,completed,1
8524,Rigid,608437,608441,608492,4,51,55,completed,1
8525,Rigid,608437,608441,608611,4,170,174,completed,1
8526,Rigid,608438,608441,608492,3,51,54,completed,1
8527,Rigid,608438,608441,608492,3,51,54,completed,1
8528,Rigid,608438,608441,608491,3,50,53,completed,1
8529,Rigid,608438,608441,608492,3,51,54,completed,1
8530,Rigid,608438,608441,608488,3,47,50,completed,1
8531,Rigid,608438,608441,608493,3,52,55,completed,1
8532,Rigid,608439,608441,608493,2,52,54,completed,1
8533,Rigid,608439,608441,608489,2,48,50,completed,1
8534,Rigid,608439,608441,608493,2,52,54,completed,1
8535,Rigid,608439,608441,608489,2,48,50,completed,1
8536,Rigid,608439,608441,608489,2,48,50,completed,1
8537,Rigid,608439,608441,608491,2,50,52,completed,1
8538,Rigid,608439,608441,608491,2,50,52,completed,1
8539,Rigid,608439,608441,608491,2,50,52,completed,1
8540,Rigid,608439,608441,608490,2,49,51,completed,1
8541,Rigid,608439,608441,608491,2,50,52,completed,1
8542,Rigid,608439,608441,608491,2,50,52,completed,1
8543,Rigid,608439,608441,608491,2,50,52,completed,1
8544,Rigid,608439,608441,608491,2,50,52,completed,1
8545,Rigid,608439,608441,608491,2,50,52,completed,1
8546,Rigid,608440,608441,608491,1,50,51,completed,1
8547,Rigid,608440,608441,608490,1,49,50,completed,1
8548,Rigid,608440,608441,608489,1,48,49,completed,1
8549,Rigid,608440,608441,608491,1,50,51,completed,1
8550,Rigid,608440,608441,608489,1,48,49,completed,1
8551,Rigid,608440,608441,608489,1,48,49,completed,1
8552,Rigid,608440,608441,608488,1,47,48,completed,1
8553,Rigid,608440,608441,608489,1,48,49,completed,1
8554,Rigid,608440,608441,608491,1,50,51,completed,1
8555,Rigid,608441,608441,608489,0,48,48,completed,1
8556,Rigid,608441,608443,608490,2,47,49,completed,1
8557,Rigid,608441,608443,608488,2,45,47,completed,1
8558,Rigid,608441,608443,608489,2,46,48,completed,1
8559,Rigid,608441,608443,608489,2,46,48,completed,1
8560,Rigid,608441,608443,608491,2,48,50,completed,1
8561,Rigid,608442,608443,608490,1,47,48,completed,1
8562,Rigid,608442,608443,608489,1,46,47,completed,1
8563,Rigid,608442,608443,608488,1,45,46,completed,1
8564,Rigid,608442,608443,608489,1,46,47,completed,1
8565,Rigid,608442,608443,608498,1,55,56,completed,1
8566,Rigid,608442,608443,608488,1,45,46,completed,1
8567,Rigid,608442,608443,608491,1,48,49,completed,1
8568,Rigid,608442,608443,608491,1,48,49,completed,1
8569,Rigid,608442,608443,608490,1,47,48,completed,1
8570,Rigid,608442,608443,608489,1,46,47,completed,1
8571,Rigid,608442,608443,608491,1,48,49,completed,1
8572,Rigid,608442,608443,608489,1,46,47,completed,1
8573,Rigid,608442,608443,608489,1,46,47,completed,1
8574,Rigid,608442,608443,608490,1,47,48,completed,1
8575,Rigid,608442,608443,608492,1,49,50,completed,1
8576,Rigid,608443,608443,608491,0,48,48,completed,1
8577,Rigid,608443,608443,608488,0,45,45,completed,1
8578,Rigid,608443,608445,608489,2,44,46,completed,1
8579,Rigid,608443,608445,608489,2,44,46,completed,1
8580,Rigid,608443,608445,608490,2,45,47,completed,1
8581,Rigid,608443,608445,608490,2,45,47,completed,1
8582,Rigid,608443,608445,608491,2,46,48,completed,1
8583,Rigid,608443,608445,608492,2,47,49,completed,1
8584,Rigid,608443,608445,608489,2,44,46,completed,1
8585,Rigid,608443,608445,608488,2,43,45,completed,1
8586,Rigid,608444,608445,608489,1,44,45,completed,1
8587,Rigid,608444,608445,608482,1,37,38,completed,1
8588,Rigid,608444,608445,608481,1,36,37,completed,1
8589,Rigid,608444,608445,608485,1,40,41,completed,1
8590,Rigid,608444,608445,608481,1,36,37,completed,1
8591,Rigid,608444,608445,608490,1,45,46,completed,1
8592,Rigid,608444,608445,608489,1,44,45,completed,1
8593,Rigid,608444,608445,608482,1,37,38,completed,1
8594,Rigid,608444,608445,608480,1,35,36,completed,1
8595,Rigid,608444,608445,608481,1,36,37,completed,1
8596,Rigid,608445,608449,608481,4,32,36,completed,1
8597,Rigid,608445,608449,608480,4,31,35,completed,1
8598,Rigid,608445,608449,608480,4,31,35,completed,1
8599,Rigid,608445,608449,608481,4,32,36,completed,1
8600,Rigid,608445,608449,608481,4,32,36,completed,1
8601,Rigid,608445,608449,608485,4,36,40,completed,1
8602,Rigid,608445,608449,608480,4,31,35,completed,1
8603,Rigid,608446,608449,608480,3,31,34,completed,1
8604,Rigid,608446,608449,608480,3,31,34,completed,1
8605,Rigid,608456,608456,608506,0,50,50,completed,1
8606,Rigid,608457,608457,608505,0,48,48,completed,1
8607,Rigid,608457,608457,608506,0,49,49,completed,1
8608,Rigid,608457,608457,608506,0,49,49,completed,1
8609,Rigid,608457,608457,608507,0,50,50,completed,1
8610,Rigid,608457,608457,608508,0,51,51,completed,1
8611,Rigid,608472,608472,608509,0,37,37,completed,1
8612,Rigid,608472,608473,608509,1,36,37,completed,1
8613,Rigid,608473,608473,608509,0,36,36,completed,1
8614,Rigid,608473,608473,608510,0,37,37,completed,1
8615,Rigid,608474,608474,608509,0,35,35,completed,1
8616,Rigid,608474,608474,608509,0,35,35,completed,1
8617,Rigid,608474,608474,608510,0,36,36,completed,1
8618,Rigid,608474,608474,608509,0,35,35,completed,1
8619,Rigid,608474,608474,608509,0,35,35,completed,1
8620,Rigid,608474,608474,608509,0,35,35,completed,1
8621,Rigid,608474,608474,608509,0,35,35,completed,1
8622,Rigid,608474,608474,608510,0,36,36,completed,1
8623,Rigid,608474,608474,608510,0,36,36,completed,1
8624,Rigid,608475,608475,608509,0,34,34,completed,1
8625,Rigid,608475,608475,608508,0,33,33,completed,1
8626,Rigid,608475,608475,608508,0,33,33,completed,1
8627,Rigid,608475,608475,608510,0,35,35,completed,1
8628,Rigid,608475,608475,608510,0,35,35,completed,1
8629,Rigid,608475,608475,608505,0,30,30,completed,1
8630,Rigid,608475,608475,608506,0,31,31,completed,1
8631,Rigid,608475,608475,608507,0,32,32,completed,1
8632,Rigid,608475,608475,608506,0,31,31,completed,1
8633,Rigid,608475,608475,608506,0,31,31,completed,1
8634,Rigid,608475,608475,608507,0,32,32,completed,1
8635,Rigid,608475,608475,608506,0,31,31,completed,1
8636,Rigid,608476,608476,608506,0,30,30,completed,1
8637,Rigid,608476,608476,608506,0,30,30,completed,1
8638,Rigid,608476,608476,608507,0,31,31,completed,1
8639,Rigid,608476,608476,608505,0,29,29,completed,1
8640,Rigid,608476,608476,608507,0,31,31,completed,1
8641,Rigid,608476,608476,608507,0,31,31,completed,1
8642,Rigid,608476,608476,608505,0,29,29,completed,1
8643,Rigid,608476,608476,608506,0,30,30,completed,1
8644,Rigid,608489,608489,608538,0,49,49,completed,1
8645,Rigid,608489,608489,608538,0,49,49,completed,1
8646,Rigid,608489,608489,608538,0,49,49,completed,1
8647,Rigid,608489,608489,608538,0,49,49,completed,1
8648,Rigid,608489,608489,608538,0,49,49,completed,1
8649,Rigid,608489,608489,608541,0,52,52,completed,1
8650,Rigid,608489,608490,608539,1,49,50,completed,1
8651,Rigid,608489,608490,608538,1,48,49,completed,1
8652,Rigid,608489,608490,608541,1,51,52,completed,1
8653,Rigid,608490,608490,608538,0,48,48,completed,1
8654,Rigid,608490,608490,608538,0,48,48,completed,1
8655,Rigid,608490,608490,608538,0,48,48,completed,1
8656,Rigid,608490,608490,608538,0,48,48,completed,1
8657,Rigid,608490,608490,608538,0,48,48,completed,1
8658,Rigid,608490,608490,608538,0,48,48,completed,1
8659,Rigid,608490,608490,608538,0,48,48,completed,1
8660,Rigid,608490,608490,608538,0,48,48,completed,1
8661,Rigid,608490,608490,608538,0,48,48,completed,1
8662,Rigid,608490,608490,608538,0,48,48,completed,1
8663,Rigid,608491,608491,608538,0,47,47,completed,1
8664,Rigid,608491,608491,608538,0,47,47,completed,1
8665,Rigid,608491,608491,608538,0,47,47,completed,1
8666,Rigid,608491,608491,608538,0,47,47,completed,1
8667,Rigid,608491,608491,608538,0,47,47,completed,1
8668,Rigid,608491,608491,608538,0,47,47,completed,1
8669,Rigid,608491,608491,608538,0,47,47,completed,1
8670,Rigid,608491,608491,608538,0,47,47,completed,1
8671,Rigid,608491,608491,608538,0,47,47,completed,1
8672,Rigid,608491,608491,608538,0,47,47,completed,1
8673,Rigid,608492,608492,608538,0,46,46,completed,1
8674,Rigid,608492,608492,608538,0,46,46,completed,1
8675,Rigid,608492,608492,608538,0,46,46,completed,1
8676,Rigid,608492,608492,608538,0,46,46,completed,1
8677,Rigid,608492,608492,608538,0,46,46,completed,1
8678,Rigid,608492,608492,608538,0,46,46,completed,1
8679,Rigid,608492,608492,608538,0,46,46,completed,1
8680,Rigid,608492,608492,608538,0,46,46,completed,1
8681,Rigid,608492,608492,608538,0,46,46,completed,1
8682,Rigid,608492,608492,608538,0,46,46,completed,1
8683,Rigid,608493,608493,608538,0,45,45,completed,1
8684,Rigid,608493,608493,608538,0,45,45,completed,1
8685,Rigid,608493,608493,608538,0,45,45,completed,1
8686,Rigid,608493,608493,608538,0,45,45,completed,1
8687,Rigid,608493,608493,608538,0,45,45,completed,1
8688,Rigid,608493,608493,608538,0,45,45,completed,1
8689,Rigid,608493,608493,608538,0,45,45,completed,1
8690,Rigid,608493,608493,608538,0,45,45,completed,1
8691,Rigid,608493,608493,608538,0,45,45,completed,1
8692,Rigid,608493,608493,608538,0,45,45,completed,1
8693,Rigid,608494,608494,608541,0,47,47,completed,1
8694,Rigid,608494,608494,608542,0,48,48,completed,1
8695,Rigid,608494,608494,608541,0,47,47,completed,1
8696,Rigid,608494,608494,608540,0,46,46,completed,1
8697,Rigid,608494,608494,608540,0,46,46,completed,1
8698,Rigid,608494,608494,608543,0,49,49,completed,1
8699,Rigid,608494,608494,608543,0,49,49,completed,1
8700,Rigid,608494,608494,608541,0,47,47,completed,1
8701,Rigid,608494,608494,608542,0,48,48,completed,1
8702,Rigid,608494,608494,608543,0,49,49,completed,1
8703,Rigid,608495,608497,608541,2,44,46,completed,1
8704,Rigid,608495,608497,608540,2,43,45,completed,1
8705,Rigid,608495,608497,608539,2,42,44,completed,1
8706,Rigid,608495,608497,608541,2,44,46,completed,1
8707,Rigid,608495,608497,608540,2,43,45,completed,1
8708,Rigid,608495,608497,608541,2,44,46,completed,1
8709,Rigid,608495,608497,608538,2,41,43,completed,1
8710,Rigid,608495,608497,608541,2,44,46,completed,1
8711,Rigid,608495,608497,608541,2,44,46,completed,1
8712,Rigid,608495,608497,608539,2,42,44,completed,1
8713,Rigid,608496,608497,608541,1,44,45,completed,1
8714,Rigid,608496,608497,608540,1,43,44,completed,1
8715,Rigid,608496,608497,608539,1,42,43,completed,1
8716,Rigid,608496,608497,608541,1,44,45,completed,1
8717,Rigid,608496,608497,608538,1,41,42,completed,1
8718,Rigid,608496,608497,608541,1,44,45,completed,1
8719,Rigid,608496,608497,608542,1,45,46,completed,1
8720,Rigid,608496,608497,608540,1,43,44,completed,1
8721,Rigid,608496,608497,608542,1,45,46,completed,1
8722,Rigid,608496,608497,608542,1,45,46,completed,1
8723,Rigid,608497,608497,608539,0,42,42,completed,1
8724,Rigid,608497,608497,608538,0,41,41,completed,1
8725,Rigid,608497,608497,608539,0,42,42,completed,1
8726,Rigid,608497,608497,608539,0,42,42,completed,1
8727,Rigid,608497,608497,608539,0,42,42,completed,1
8728,Rigid,608497,608499,608542,2,43,45,completed,1
8729,Rigid,608497,608499,608544,2,45,47,completed,1
8730,Rigid,608497,608499,608538,2,39,41,completed,1
8731,Rigid,608497,608499,608539,2,40,42,completed,1
8732,Rigid,608498,608499,608538,1,39,40,completed,1
8733,Rigid,608498,608499,608540,1,41,42,completed,1
8734,Rigid,608498,608499,608541,1,42,43,completed,1
8735,Rigid,608498,608499,608541,1,42,43,completed,1
8736,Rigid,608498,608499,608541,1,42,43,completed,1
8737,Rigid,608498,608499,608541,1,42,43,completed,1
8738,Rigid,608498,608499,608539,1,40,41,completed,1
8739,Rigid,608498,608499,608540,1,41,42,completed,1
8740,Rigid,608498,608499,608542,1,43,44,completed,1
8741,Rigid,608498,608499,608540,1,41,42,completed,1
8742,Rigid,608499,608499,608541,0,42,42,completed,1
8743,Rigid,608499,608499,608541,0,42,42,completed,1
8744,Rigid,608499,608499,608539,0,40,40,completed,1
8745,Rigid,608499,608499,608541,0,42,42,completed,1
8746,Rigid,608499,608499,608541,0,42,42,completed,1
8747,Rigid,608499,608501,608539,2,38,40,completed,1
8748,Rigid,608499,608501,608542,2,41,43,completed,1
8749,Rigid,608499,608501,608540,2,39,41,completed,1
8750,Rigid,608499,608501,608543,2,42,44,completed,1
8751,Rigid,608499,608501,608541,2,40,42,completed,1
8752,Rigid,608500,608501,608543,1,42,43,completed,1
8753,Rigid,608500,608501,608542,1,41,42,completed,1
8754,Rigid,608500,608501,608538,1,37,38,completed,1
8755,Rigid,608500,608501,608541,1,40,41,completed,1
8756,Rigid,608500,608501,608541,1,40,41,completed,1
8757,Rigid,608500,608501,608542,1,41,42,completed,1
8758,Rigid,608500,608501,608542,1,41,42,completed,1
8759,Rigid,608500,608501,608542,1,41,42,completed,1
8760,Rigid,608500,608501,608543,1,42,43,completed,1
8761,Rigid,608500,608501,608539,1,38,39,completed,1
8762,Rigid,608501,608501,608539,0,38,38,completed,1
8763,Rigid,608501,608501,608538,0,37,37,completed,1
8764,Rigid,608501,608501,608538,0,37,37,completed,1
8765,Rigid,608501,608501,608538,0,37,37,completed,1
8766,Rigid,608501,608501,608538,0,37,37,completed,1
8767,Rigid,608501,608501,608538,0,37,37,completed,1
8768,Rigid,608501,608501,608538,0,37,37,completed,1
8769,Rigid,608502,608505,609093,3,588,591,completed,36
8770,Rigid,608638,608638,608690,0,52,52,completed,1
8771,Rigid,608638,608638,608694,0,56,56,completed,1
8772,Rigid,608638,608638,608690,0,52,52,completed,1
8773,Rigid,608638,608638,608694,0,56,56,completed,1
8774,Rigid,608638,608638,608690,0,52,52,completed,1
8775,Rigid,608638,608638,608690,0,52,52,completed,1
8776,Rigid,608638,608638,608690,0,52,52,completed,1
8777,Rigid,608638,608638,608690,0,52,52,completed,1
8778,Rigid,608638,608638,608691,0,53,53,completed,1
8779,Rigid,608638,608638,608690,0,52,52,completed,1
8780,Rigid,608638,608638,608691,0,53,53,completed,1
8781,Rigid,608638,608638,608690,0,52,52,completed,1
8782,Rigid,608638,608638,608690,0,52,52,completed,1
8783,Rigid,608638,608638,608690,0,52,52,completed,1
8784,Rigid,608638,608638,608699,0,61,61,completed,1
8785,Rigid,608638,608638,608690,0,52,52,completed,1
8786,Rigid,608638,608638,608690,0,52,52,completed,1
8787,Rigid,608638,608638,608690,0,52,52,completed,1
8788,Rigid,608638,608639,608690,1,51,52,completed,1
8789,Rigid,608638,608639,608690,1,51,52,completed,1
8790,Rigid,608638,608639,608694,1,55,56,completed,1
8791,Rigid,608638,608639,608690,1,51,52,completed,1
8792,Rigid,608639,608639,608690,0,51,51,completed,1
8793,Rigid,608639,608639,608690,0,51,51,completed,1
8794,Rigid,608639,608639,608690,0,51,51,completed,1
8795,Rigid,608639,608639,608697,0,58,58,completed,1
8796,Rigid,608639,608639,608690,0,51,51,completed,1
8797,Rigid,608639,608639,608690,0,51,51,completed,1
8798,Rigid,608639,608639,608690,0,51,51,completed,1
8799,Rigid,608639,608639,608691,0,52,52,completed,1
8800,Rigid,608639,608639,608690,0,51,51,completed,1
8801,Rigid,608639,608639,608695,0,56,56,completed,1
8802,Rigid,608639,608639,608690,0,51,51,completed,1
8803,Rigid,608639,608639,608699,0,60,60,completed,1
8804,Rigid,608639,608640,608690,1,50,51,completed,1
8805,Rigid,608639,608640,608690,1,50,51,completed,1
8806,Rigid,608639,608640,608690,1,50,51,completed,1
8807,Rigid,608639,608640,608694,1,54,55,completed,1
8808,Rigid,608639,608640,608690,1,50,51,completed,1
8809,Rigid,608639,608640,608693,1,53,54,completed,1
8810,Rigid,608639,608640,608697,1,57,58,completed,1
8811,Rigid,608639,608640,608690,1,50,51,completed,1
8812,Rigid,608639,608640,608690,1,50,51,completed,1
8813,Rigid,608639,608640,608691,1,51,52,completed,1
8814,Rigid,608639,608640,608690,1,50,51,completed,1
8815,Rigid,608639,608640,608690,1,50,51,completed,1
8816,Rigid,608639,608640,608691,1,51,52,completed,1
8817,Rigid,608639,608640,608691,1,51,52,completed,1
8818,Rigid,608639,608640,608691,1,51,52,completed,1
8819,Rigid,608639,608640,608696,1,56,57,completed,1
8820,Rigid,608639,608640,608694,1,54,55,completed,1
8821,Rigid,608639,608640,608694,1,54,55,completed,1
8822,Rigid,608639,608640,608692,1,52,53,completed,1
8823,Rigid,608639,608640,608690,1,50,51,completed,1
8824,Rigid,608639,608640,608691,1,51,52,completed,1
8825,Rigid,608639,608640,608691,1,51,52,completed,1
8826,Rigid,608639,608640,608690,1,50,51,completed,1
8827,Rigid,608639,608640,608690,1,50,51,completed,1
8828,Rigid,608639,608640,608694,1,54,55,completed,1
8829,Rigid,608639,608640,608690,1,50,51,completed,1
8830,Rigid,608639,608640,608894,1,254,255,completed,1
8831,Rigid,608640,608642,608690,2,48,50,completed,1
8832,Rigid,608640,608642,608690,2,48,50,completed,1
8833,Rigid,608640,608642,608695,2,53,55,completed,1
8834,Rigid,608640,608642,608697,2,55,57,completed,1
8835,Rigid,608640,608642,608691,2,49,51,completed,1
8836,Rigid,608640,608642,608690,2,48,50,completed,1
8837,Rigid,608640,608642,608690,2,48,50,completed,1
8838,Rigid,608640,608642,608695,2,53,55,completed,1
8839,Rigid,608640,608642,608690,2,48,50,completed,1
8840,Rigid,608640,608642,608693,2,51,53,completed,1
8841,Rigid,608640,608642,608695,2,53,55,completed,1
8842,Rigid,608640,608642,608690,2,48,50,completed,1
8843,Rigid,608640,608642,608691,2,49,51,completed,1
8844,Rigid,608640,608642,608690,2,48,50,completed,1
8845,Rigid,608640,608642,608695,2,53,55,completed,1
8846,Rigid,608640,608642,608690,2,48,50,completed,1
8847,Rigid,608640,608642,608691,2,49,51,completed,1
8848,Rigid,608641,608642,608691,1,49,50,completed,1
8849,Rigid,608641,608642,608697,1,55,56,completed,1
8850,Rigid,608641,608642,608690,1,48,49,completed,1
8851,Rigid,608641,608642,608690,1,48,49,completed,1
8852,Rigid,608641,608642,608690,1,48,49,completed,1
8853,Rigid,608641,608642,608694,1,52,53,completed,1
8854,Rigid,608641,608642,608690,1,48,49,completed,1
8855,Rigid,608641,608642,608690,1,48,49,completed,1
8856,Rigid,608641,608642,608691,1,49,50,completed,1
8857,Rigid,608641,608642,608693,1,51,52,completed,1
8858,Rigid,608641,608642,608697,1,55,56,completed,1
8859,Rigid,608641,608642,608694,1,52,53,completed,1
8860,Rigid,608641,608642,608690,1,48,49,completed,1
8861,Rigid,608641,608642,608690,1,48,49,completed,1
8862,Rigid,608641,608642,608690,1,48,49,completed,1
8863,Rigid,608641,608642,608690,1,48,49,completed,1
8864,Rigid,608641,608642,608694,1,52,53,completed,1
8865,Rigid,608641,608642,608694,1,52,53,completed,1
8866,Rigid,608641,608642,608697,1,55,56,completed,1
8867,Rigid,608641,608642,608690,1,48,49,completed,1
8868,Rigid,608641,608642,608690,1,48,49,completed,1
8869,Rigid,608641,608642,608690,1,48,49,completed,1
8870,Rigid,608641,608642,608690,1,48,49,completed,1
8871,Rigid,608641,608642,608690,1,48,49,completed,1
8872,Rigid,608641,608642,608690,1,48,49,completed,1
8873,Rigid,608641,608642,608694,1,52,53,completed,1
8874,Rigid,608641,608642,608690,1,48,49,completed,1
8875,Rigid,608641,608642,608691,1,49,50,completed,1
8876,Rigid,608641,608642,608691,1,49,50,completed,1
8877,Rigid,608641,608642,608694,1,52,53,completed,1
8878,Rigid,608641,608642,608690,1,48,49,completed,1
8879,Rigid,608641,608642,608691,1,49,50,completed,1
8880,Rigid,608641,608642,608690,1,48,49,completed,1
8881,Rigid,608641,608642,608690,1,48,49,completed,1
8882,Rigid,608641,608642,608690,1,48,49,completed,1
8883,Rigid,608641,608642,608690,1,48,49,completed,1
8884,Rigid,608641,608642,608690,1,48,49,completed,1
8885,Rigid,608641,608642,608698,1,56,57,completed,1
8886,Rigid,608641,608642,608690,1,48,49,completed,1
8887,Rigid,608641,608642,608690,1,48,49,completed,1
8888,Rigid,608641,608642,608690,1,48,49,completed,1
8889,Rigid,608641,608642,608690,1,48,49,completed,1
8890,Rigid,608641,608642,608691,1,49,50,completed,1
8891,Rigid,608641,608642,608690,1,48,49,completed,1
8892,Rigid,608641,608642,608690,1,48,49,completed,1
8893,Rigid,608641,608642,608690,1,48,49,completed,1
8894,Rigid,608641,608642,608694,1,52,53,completed,1
8895,Rigid,608641,608642,608690,1,48,49,completed,1
8896,Rigid,608641,608642,608690,1,48,49,completed,1
8897,Rigid,608641,608642,608690,1,48,49,completed,1
8898,Rigid,608641,608642,608693,1,51,52,completed,1
8899,Rigid,608641,608642,608691,1,49,50,completed,1
8900,Rigid,608641,608642,608690,1,48,49,completed,1
8901,Rigid,608641,608642,608694,1,52,53,completed,1
8902,Rigid,608641,608642,608694,1,52,53,completed,1
8903,Rigid,608641,608642,608691,1,49,50,completed,1
8904,Rigid,608641,608642,608699,1,57,58,completed,1
8905,Rigid,608641,608642,608691,1,49,50,completed,1
8906,Rigid,608641,608642,608692,1,50,51,completed,1
8907,Rigid,608641,608642,608691,1,49,50,completed,1
8908,Rigid,608641,608642,608690,1,48,49,completed,1
8909,Rigid,608641,608642,608694,1,52,53,completed,1
8910,Rigid,608641,608642,608694,1,52,53,completed,1
8911,Rigid,608641,608642,608690,1,48,49,completed,1
8912,Rigid,608641,608642,608691,1,49,50,completed,1
8913,Rigid,608641,608642,608690,1,48,49,completed,1
8914,Rigid,608642,608642,608690,0,48,48,completed,1
8915,Rigid,608642,608642,608690,0,48,48,completed,1
8916,Rigid,608642,608642,608690,0,48,48,completed,1
8917,Rigid,608642,608642,608690,0,48,48,completed,1
8918,Rigid,608642,608642,608690,0,48,48,completed,1
8919,Rigid,608642,608642,608693,0,51,51,completed,1
8920,Rigid,608642,608642,608690,0,48,48,completed,1
8921,Rigid,608642,608642,608691,0,49,49,completed,1
8922,Rigid,608642,608642,608694,0,52,52,completed,1
8923,Rigid,608642,608642,608690,0,48,48,completed,1
8924,Rigid,608642,608646,608696,4,50,54,completed,1
8925,Rigid,608642,608646,608690,4,44,48,completed,1
8926,Rigid,608642,608646,608690,4,44,48,completed,1
8927,Rigid,608642,608646,608697,4,51,55,completed,1
8928,Rigid,608643,608646,608694,3,48,51,completed,1
8929,Rigid,608643,608646,608690,3,44,47,completed,1
8930,Rigid,608643,608646,608690,3,44,47,completed,1
8931,Rigid,608643,608646,608691,3,45,48,completed,1
8932,Rigid,608643,608646,608690,3,44,47,completed,1
8933,Rigid,608643,608646,608694,3,48,51,completed,1
8934,Rigid,608643,608646,608693,3,47,50,completed,1
8935,Rigid,608643,608646,608691,3,45,48,completed,1
8936,Rigid,608643,608646,608690,3,44,47,completed,1
8937,Rigid,608643,608646,608691,3,45,48,completed,1
8938,Rigid,608643,608646,608692,3,46,49,completed,1
8939,Rigid,608643,608646,608690,3,44,47,completed,1
8940,Rigid,608643,608646,608690,3,44,47,completed,1
8941,Rigid,608643,608646,608694,3,48,51,completed,1
8942,Rigid,608643,608646,608693,3,47,50,completed,1
8943,Rigid,608643,608646,608690,3,44,47,completed,1
8944,Rigid,608643,608646,608690,3,44,47,completed,1
8945,Rigid,608643,608646,608690,3,44,47,completed,1
8946,Rigid,608643,608646,608690,3,44,47,completed,1
8947,Rigid,608643,608646,608690,3,44,47,completed,1
8948,Rigid,608643,608646,608690,3,44,47,completed,1
8949,Rigid,608643,608646,608690,3,44,47,completed,1
8950,Rigid,608643,608646,608690,3,44,47,completed,1
8951,Rigid,608643,608646,608690,3,44,47,completed,1
8952,Rigid,608643,608646,608690,3,44,47,completed,1
8953,Rigid,608643,608646,608691,3,45,48,completed,1
8954,Rigid,608643,608646,608691,3,45,48,completed,1
8955,Rigid,608643,608646,608690,3,44,47,completed,1
8956,Rigid,608643,608646,608691,3,45,48,completed,1
8957,Rigid,608643,608646,608691,3,45,48,completed,1
8958,Rigid,608643,608646,608690,3,44,47,completed,1
8959,Rigid,608643,608646,608690,3,44,47,completed,1
8960,Rigid,608643,608646,608699,3,53,56,completed,1
8961,Rigid,608643,608646,608690,3,44,47,completed,1
8962,Rigid,608643,608646,608694,3,48,51,completed,1
8963,Rigid,608644,608646,608690,2,44,46,completed,1
8964,Rigid,608644,608646,608690,2,44,46,completed,1
8965,Rigid,608644,608646,608690,2,44,46,completed,1
8966,Rigid,608644,608646,608691,2,45,47,completed,1
8967,Rigid,608644,608646,608690,2,44,46,completed,1
8968,Rigid,608644,608646,608693,2,47,49,completed,1
8969,Rigid,608644,608646,608690,2,44,46,completed,1
8970,Rigid,608691,608691,608737,0,46,46,completed,1
8971,Rigid,608691,608691,608732,0,41,41,completed,1
8972,Rigid,608691,608691,608730,0,39,39,completed,1
8973,Rigid,608691,608691,608730,0,39,39,completed,1
8974,Rigid,608691,608692,608733,1,41,42,completed,1
8975,Rigid,608692,608692,608732,0,40,40,completed,1
8976,Rigid,608692,608693,608732,1,39,40,completed,1
8977,Rigid,608693,608693,608730,0,37,37,completed,1
8978,Rigid,608693,608694,608737,1,43,44,completed,1
8979,Rigid,608694,608694,608731,0,37,37,completed,1
8980,Rigid,608694,608694,608733,0,39,39,completed,1
8981,Rigid,608694,608694,608731,0,37,37,completed,1
8982,Rigid,608694,608694,608731,0,37,37,completed,1
8983,Rigid,608694,608694,608731,0,37,37,completed,1
8984,Rigid,608694,608694,608733,0,39,39,completed,1
8985,Rigid,608694,608694,608731,0,37,37,completed,1
8986,Rigid,608694,608694,608732,0,38,38,completed,1
8987,Rigid,608694,608694,608731,0,37,37,completed,1
8988,Rigid,608695,608695,608730,0,35,35,completed,1
8989,Rigid,608695,608695,608733,0,38,38,completed,1
8990,Rigid,608695,608695,608730,0,35,35,completed,1
8991,Rigid,608695,608695,608731,0,36,36,completed,1
8992,Rigid,608695,608695,608732,0,37,37,completed,1
8993,Rigid,608695,608695,608731,0,36,36,completed,1
8994,Rigid,608695,608695,608731,0,36,36,completed,1
8995,Rigid,608695,608695,608730,0,35,35,completed,1
8996,Rigid,608695,608695,608731,0,36,36,completed,1
8997,Rigid,608695,608695,608732,0,37,37,completed,1
8998,Rigid,608696,608696,608730,0,34,34,completed,1
8999,Rigid,608696,608696,608731,0,35,35,completed,1
9000,Rigid,608704,608704,608722,0,18,18,completed,1
9001,Rigid,608705,608708,608743,3,35,38,completed,1
9002,Rigid,608705,608708,608744,3,36,39,completed,1
9003,Rigid,608705,608708,608743,3,35,38,completed,1
9004,Rigid,608705,608708,608743,3,35,38,completed,1
9005,Rigid,608705,608708,608743,3,35,38,completed,1
9006,Rigid,608705,608708,608746,3,38,41,completed,1
9007,Rigid,608705,608708,608744,3,36,39,completed,1
9008,Rigid,608705,608708,608743,3,35,38,completed,1
9009,Rigid,608705,608708,608744,3,36,39,completed,1
9010,Rigid,608705,608708,608745,3,37,40,completed,1
9011,Rigid,608706,608708,608744,2,36,38,completed,1
9012,Rigid,608706,608708,608744,2,36,38,completed,1
9013,Rigid,608706,608708,608743,2,35,37,completed,1
9014,Rigid,608706,608708,608743,2,35,37,completed,1
9015,Rigid,608706,608708,608743,2,35,37,completed,1
9016,Rigid,608706,608708,608743,2,35,37,completed,1
9017,Rigid,608706,608708,608744,2,36,38,completed,1
9018,Rigid,608706,608708,608745,2,37,39,completed,1
9019,Rigid,608706,608708,608744,2,36,38,completed,1
9020,Rigid,608706,608708,608745,2,37,39,completed,1
9021,Rigid,608707,608708,608743,1,35,36,completed,1
9022,Rigid,608707,608708,608744,1,36,37,completed,1
9023,Rigid,608707,608708,608743,1,35,36,completed,1
9024,Rigid,608707,608708,608744,1,36,37,completed,1
9025,Rigid,608707,608708,608743,1,35,36,completed,1
9026,Rigid,608707,608708,608743,1,35,36,completed,1
9027,Rigid,608707,608708,608743,1,35,36,completed,1
9028,Rigid,608707,608708,608744,1,36,37,completed,1
9029,Rigid,608707,608708,608743,1,35,36,completed,1
9030,Rigid,608707,608708,608745,1,37,38,completed,1
9031,Rigid,608708,608708,608745,0,37,37,completed,1
9032,Rigid,608708,608708,608745,0,37,37,completed,1
9033,Rigid,608708,608708,608743,0,35,35,completed,1
9034,Rigid,608708,608708,608743,0,35,35,completed,1
9035,Rigid,608708,608708,608730,0,22,22,completed,1
9036,Rigid,608708,608708,608730,0,22,22,completed,1
9037,Rigid,608708,608708,608731,0,23,23,completed,1
9038,Rigid,608708,608708,608730,0,22,22,completed,1
9039,Rigid,608708,608712,608760,4,48,52,completed,1
9040,Rigid,608708,608712,608757,4,45,49,completed,1
9041,Rigid,608709,608712,608762,3,50,53,completed,1
9042,Rigid,608709,608712,608756,3,44,47,completed,1
9043,Rigid,608709,608712,608756,3,44,47,completed,1
9044,Rigid,608709,608712,608761,3,49,52,completed,1
9045,Rigid,608709,608712,608763,3,51,54,completed,1
9046,Rigid,608709,608712,608759,3,47,50,completed,1
9047,Rigid,608709,608712,608759,3,47,50,completed,1
9048,Rigid,608709,608712,608756,3,44,47,completed,1
9049,Rigid,608709,608712,608760,3,48,51,completed,1
9050,Rigid,608709,608712,608758,3,46,49,completed,1
9051,Rigid,608710,608712,608759,2,47,49,completed,1
9052,Rigid,608710,608712,608759,2,47,49,completed,1
9053,Rigid,608710,608712,608760,2,48,50,completed,1
9054,Rigid,608710,608712,608759,2,47,49,completed,1
9055,Rigid,608710,608712,608758,2,46,48,completed,1
9056,Rigid,608710,608712,608756,2,44,46,completed,1
9057,Rigid,608710,608712,608761,2,49,51,completed,1
9058,Rigid,608710,608712,608756,2,44,46,completed,1
9059,Rigid,608710,608712,608759,2,47,49,completed,1
9060,Rigid,608711,608712,608760,1,48,49,completed,1
9061,Rigid,608711,608712,608757,1,45,46,completed,1
9062,Rigid,608711,608712,608756,1,44,45,completed,1
9063,Rigid,608711,608712,608758,1,46,47,completed,1
9064,Rigid,608711,608712,608759,1,47,48,completed,1
9065,Rigid,608711,608712,608759,1,47,48,completed,1
9066,Rigid,608711,608712,608758,1,46,47,completed,1
9067,Rigid,608711,608712,608760,1,48,49,completed,1
9068,Rigid,608711,608712,608759,1,47,48,completed,1
9069,Rigid,608711,608712,608756,1,44,45,completed,1
9070,Rigid,608712,608712,608757,0,45,45,completed,1
9071,Rigid,608712,608712,608759,0,47,47,completed,1
9072,Rigid,608712,608712,608763,0,51,51,completed,1
9073,Rigid,608712,608712,608761,0,49,49,completed,1
9074,Rigid,608712,608712,608761,0,49,49,completed,1
9075,Rigid,608712,608712,608761,0,49,49,completed,1
9076,Rigid,608712,608712,608760,0,48,48,completed,1
9077,Rigid,608712,608712,608759,0,47,47,completed,1
9078,Rigid,608712,608712,608759,0,47,47,completed,1
9079,Rigid,608712,608712,608764,0,52,52,completed,1
9080,Rigid,608713,608716,608759,3,43,46,completed,1
9081,Rigid,608713,608716,608771,3,55,58,completed,1
9082,Rigid,608713,608716,608755,3,39,42,completed,1
9083,Rigid,608713,608716,608773,3,57,60,completed,1
9084,Rigid,608713,608716,608757,3,41,44,completed,1
9085,Rigid,608713,608716,608755,3,39,42,completed,1
9086,Rigid,608713,608716,608759,3,43,46,completed,1
9087,Rigid,608713,608716,608763,3,47,50,completed,1
9088,Rigid,608713,608716,608764,3,48,51,completed,1
9089,Rigid,608713,608716,608757,3,41,44,completed,1
9090,Rigid,608714,608716,608757,2,41,43,completed,1
9091,Rigid,608714,608716,608757,2,41,43,completed,1
9092,Rigid,608714,608716,608763,2,47,49,completed,1
9093,Rigid,608714,608716,608762,2,46,48,completed,1
9094,Rigid,608714,608716,608761,2,45,47,completed,1
9095,Rigid,608714,608716,608761,2,45,47,completed,1
9096,Rigid,608714,608716,608759,2,43,45,completed,1
9097,Rigid,608714,608716,608756,2,40,42,completed,1
9098,Rigid,608714,608716,608757,2,41,43,completed,1
9099,Rigid,608714,608716,608759,2,43,45,completed,1
9100,Rigid,608715,608716,608757,1,41,42,completed,1
9101,Rigid,608715,608716,608759,1,43,44,completed,1
9102,Rigid,608715,608716,608758,1,42,43,completed,1
9103,Rigid,608715,608716,608760,1,44,45,completed,1
9104,Rigid,608715,608716,608758,1,42,43,completed,1
9105,Rigid,608715,608716,608764,1,48,49,completed,1
9106,Rigid,608715,608716,608759,1,43,44,completed,1
9107,Rigid,608715,608716,608749,1,33,34,completed,1
9108,Rigid,608715,608716,608750,1,34,35,completed,1
9109,Rigid,608715,608716,608749,1,33,34,completed,1
9110,Rigid,608716,608716,608750,0,34,34,completed,1
9111,Rigid,608716,608716,608749,0,33,33,completed,1
9112,Rigid,608716,608716,608749,0,33,33,completed,1
9113,Rigid,608716,608716,608751,0,35,35,completed,1
9114,Rigid,608716,608716,608751,0,35,35,completed,1
9115,Rigid,608716,608716,608749,0,33,33,completed,1
9116,Rigid,608716,608716,608749,0,33,33,completed,1
9117,Rigid,608716,608716,608750,0,34,34,completed,1
9118,Rigid,608716,608716,608749,0,33,33,completed,1
9119,Rigid,608716,608716,608751,0,35,35,completed,1
9120,Rigid,608717,608720,608785,3,65,68,completed,1
9121,Rigid,608717,608720,608778,3,58,61,completed,1
9122,Rigid,608717,608720,608779,3,59,62,completed,1
9123,Rigid,608717,608720,608790,3,70,73,completed,1
9124,Rigid,608717,608720,608780,3,60,63,completed,1
9125,Rigid,608717,608720,608784,3,64,67,completed,1
9126,Rigid,608717,608720,608778,3,58,61,completed,1
9127,Rigid,608717,608720,608779,3,59,62,completed,1
9128,Rigid,608717,608720,608779,3,59,62,completed,1
9129,Rigid,608717,608720,608780,3,60,63,completed,1
9130,Rigid,608718,608720,608778,2,58,60,completed,1
9131,Rigid,608718,608720,608781,2,61,63,completed,1
9132,Rigid,608718,608720,608782,2,62,64,completed,1
9133,Rigid,608718,608720,608780,2,60,62,completed,1
9134,Rigid,608718,608720,608784,2,64,66,completed,1
9135,Rigid,608718,608720,608778,2,58,60,completed,1
9136,Rigid,608718,608720,608778,2,58,60,completed,1
9137,Rigid,608718,608720,608785,2,65,67,completed,1
9138,Rigid,608718,608720,608779,2,59,61,completed,1
9139,Rigid,608718,608720,608778,2,58,60,completed,1
9140,Rigid,608719,608720,608788,1,68,69,completed,1
9141,Rigid,608719,608720,608778,1,58,59,completed,1
9142,Rigid,608719,608720,608781,1,61,62,completed,1
9143,Rigid,608719,608720,608784,1,64,65,completed,1
9144,Rigid,608719,608720,608780,1,60,61,completed,1
9145,Rigid,608719,608720,608785,1,65,66,completed,1
9146,Rigid,608719,608720,608784,1,64,65,completed,1
9147,Rigid,608719,608720,608782,1,62,63,completed,1
9148,Rigid,608719,608720,608781,1,61,62,completed,1
9149,Rigid,608719,608720,608787,1,67,68,completed,1
9150,Rigid,608720,608720,608783,0,63,63,completed,1
9151,Rigid,608720,608720,608779,0,59,59,completed,1
9152,Rigid,608720,608720,608784,0,64,64,completed,1
9153,Rigid,608720,608724,608783,4,59,63,completed,1
9154,Rigid,608720,608724,608782,4,58,62,completed,1
9155,Rigid,608720,608724,608783,4,59,63,completed,1
9156,Rigid,608720,608724,608778,4,54,58,completed,1
9157,Rigid,608720,608724,608784,4,60,64,completed,1
9158,Rigid,608720,608724,608782,4,58,62,completed,1
9159,Rigid,608720,608724,608783,4,59,63,completed,1
9160,Rigid,608721,608724,608781,3,57,60,completed,1
9161,Rigid,608721,608724,608783,3,59,62,completed,1
9162,Rigid,608721,608724,608781,3,57,60,completed,1
9163,Rigid,608721,608724,608784,3,60,63,completed,1
9164,Rigid,608721,608724,608780,3,56,59,completed,1
9165,Rigid,608721,608724,608788,3,64,67,completed,1
9166,Rigid,608721,608724,608781,3,57,60,completed,1
9167,Rigid,608721,608724,608782,3,58,61,completed,1
9168,Rigid,608721,608724,608778,3,54,57,completed,1
9169,Rigid,608733,608733,608786,0,53,53,completed,1
9170,Rigid,608736,608737,608787,1,50,51,completed,1
9171,Rigid,608736,608737,608785,1,48,49,completed,1
9172,Rigid,608736,608737,608791,1,54,55,completed,1
9173,Rigid,608736,608737,608787,1,50,51,completed,1
9174,Rigid,608749,608749,608817,0,68,68,completed,1
9175,Rigid,608750,608751,608817,1,66,67,completed,1
9176,Rigid,608750,608751,608816,1,65,66,completed,1
9177,Rigid,608750,608751,608819,1,68,69,completed,1
9178,Rigid,608750,608751,608821,1,70,71,completed,1
9179,Rigid,608750,608751,608819,1,68,69,completed,1
9180,Rigid,608750,608751,608820,1,69,70,completed,1
9181,Rigid,608750,608751,608820,1,69,70,completed,1
9182,Rigid,608750,608751,608820,1,69,70,completed,1
9183,Rigid,608750,608751,608820,1,69,70,completed,1
9184,Rigid,608751,608751,608820,0,69,69,completed,1
9185,Rigid,608751,608751,608817,0,66,66,completed,1
9186,Rigid,608751,608751,608819,0,68,68,completed,1
9187,Rigid,608751,608751,608819,0,68,68,completed,1
9188,Rigid,608751,608752,608819,1,67,68,completed,1
9189,Rigid,608751,608752,608818,1,66,67,completed,1
9190,Rigid,608751,608752,608815,1,63,64,completed,1
9191,Rigid,608751,608752,608815,1,63,64,completed,1
9192,Rigid,608751,608752,608821,1,69,70,completed,1
9193,Rigid,608751,608752,608819,1,67,68,completed,1
9194,Rigid,608752,608752,608817,0,65,65,completed,1
9195,Rigid,608752,608752,608817,0,65,65,completed,1
9196,Rigid,608752,608752,608819,0,67,67,completed,1
9197,Rigid,608752,608752,608819,0,67,67,completed,1
9198,Rigid,608752,608752,608820,0,68,68,completed,1
9199,Rigid,608752,608752,608820,0,68,68,completed,1
9200,Rigid,608752,608752,608817,0,65,65,completed,1
9201,Rigid,608752,608752,608820,0,68,68,completed,1
9202,Rigid,608752,608752,608820,0,68,68,completed,1
9203,Rigid,608752,608752,608818,0,66,66,completed,1
9204,Rigid,608764,608764,608819,0,55,55,completed,1
9205,Rigid,608764,608765,608819,1,54,55,completed,1
9206,Rigid,608765,608765,608820,0,55,55,completed,1
9207,Rigid,608765,608765,608820,0,55,55,completed,1
9208,Rigid,608765,608765,608804,0,39,39,completed,1
9209,Rigid,608765,608765,608806,0,41,41,completed,1
9210,Rigid,608765,608765,608804,0,39,39,completed,1
9211,Rigid,608765,608765,608805,0,40,40,completed,1
9212,Rigid,608765,608765,608804,0,39,39,completed,1
9213,Rigid,608765,608765,608804,0,39,39,completed,1
9214,Rigid,608765,608765,608808,0,43,43,completed,1
9215,Rigid,608765,608765,608818,0,53,53,completed,1
9216,Rigid,608766,608768,608820,2,52,54,completed,1
9217,Rigid,608766,608768,608820,2,52,54,completed,1
9218,Rigid,608766,608768,608826,2,58,60,completed,1
9219,Rigid,608766,608768,608821,2,53,55,completed,1
9220,Rigid,608766,608768,608820,2,52,54,completed,1
9221,Rigid,608766,608768,608818,2,50,52,completed,1
9222,Rigid,608766,608768,608818,2,50,52,completed,1
9223,Rigid,608766,608768,608817,2,49,51,completed,1
9224,Rigid,608766,608768,608820,2,52,54,completed,1
9225,Rigid,608766,608768,608822,2,54,56,completed,1
9226,Rigid,608767,608768,608819,1,51,52,completed,1
9227,Rigid,608767,608768,608818,1,50,51,completed,1
9228,Rigid,608767,608768,608819,1,51,52,completed,1
9229,Rigid,608767,608768,608824,1,56,57,completed,1
9230,Rigid,608767,608768,608818,1,50,51,completed,1
9231,Rigid,608767,608768,608815,1,47,48,completed,1
9232,Rigid,608767,608768,608820,1,52,53,completed,1
9233,Rigid,608767,608768,608819,1,51,52,completed,1
9234,Rigid,608767,608768,608819,1,51,52,completed,1
9235,Rigid,608767,608768,608819,1,51,52,completed,1
9236,Rigid,608768,608768,608819,0,51,51,completed,1
9237,Rigid,608769,608772,608819,3,47,50,completed,1
9238,Rigid,608769,608772,608816,3,44,47,completed,1
9239,Rigid,608769,608772,608818,3,46,49,completed,1
9240,Rigid,608769,608772,608819,3,47,50,completed,1
9241,Rigid,608769,608772,608820,3,48,51,completed,1
9242,Rigid,608769,608772,608818,3,46,49,completed,1
9243,Rigid,608769,608772,608820,3,48,51,completed,1
9244,Rigid,608769,608772,608822,3,50,53,completed,1
9245,Rigid,608769,608772,608818,3,46,49,completed,1
9246,Rigid,608769,608772,608819,3,47,50,completed,1
9247,Rigid,608769,608772,608818,3,46,49,completed,1
9248,Rigid,608769,608772,608820,3,48,51,completed,1
9249,Rigid,608769,608772,608821,3,49,52,completed,1
9250,Rigid,608769,608772,608817,3,45,48,completed,1
9251,Rigid,608769,608772,608807,3,35,38,completed,1
9252,Rigid,608769,608772,608810,3,38,41,completed,1
9253,Rigid,608769,608772,608808,3,36,39,completed,1
9254,Rigid,608769,608772,608808,3,36,39,completed,1
9255,Rigid,608769,608772,608806,3,34,37,completed,1
9256,Rigid,608770,608772,608804,2,32,34,completed,1
9257,Rigid,608770,608772,608810,2,38,40,completed,1
9258,Rigid,608770,608772,608807,2,35,37,completed,1
9259,Rigid,608770,608772,608808,2,36,38,completed,1
9260,Rigid,608770,608772,608808,2,36,38,completed,1
9261,Rigid,608770,608772,608807,2,35,37,completed,1
9262,Rigid,608770,608772,608816,2,44,46,completed,1
9263,Rigid,608770,608772,608821,2,49,51,completed,1
9264,Rigid,608770,608772,608820,2,48,50,completed,1
9265,Rigid,608770,608772,608816,2,44,46,completed,1
9266,Rigid,608771,608772,608821,1,49,50,completed,1
9267,Rigid,608771,608772,608819,1,47,48,completed,1
9268,Rigid,608771,608772,608814,1,42,43,completed,1
9269,Rigid,608771,608772,608818,1,46,47,completed,1
9270,Rigid,608771,608772,608821,1,49,50,completed,1
9271,Rigid,608771,608772,608819,1,47,48,completed,1
9272,Rigid,608771,608772,608819,1,47,48,completed,1
9273,Rigid,608771,608772,608818,1,46,47,completed,1
9274,Rigid,608771,608772,608817,1,45,46,completed,1
9275,Rigid,608771,608772,608818,1,46,47,completed,1
9276,Rigid,608772,608772,608821,0,49,49,completed,1
9277,Rigid,608772,608772,608818,0,46,46,completed,1
9278,Rigid,608772,608774,608820,2,46,48,completed,1
9279,Rigid,608772,608774,608818,2,44,46,completed,1
9280,Rigid,608772,608774,608820,2,46,48,completed,1
9281,Rigid,608772,608774,608819,2,45,47,completed,1
9282,Rigid,608772,608774,608823,2,49,51,completed,1
9283,Rigid,608772,608774,608817,2,43,45,completed,1
9284,Rigid,608772,608774,608820,2,46,48,completed,1
9285,Rigid,608773,608774,608823,1,49,50,completed,1
9286,Rigid,608773,608774,608820,1,46,47,completed,1
9287,Rigid,608773,608774,608819,1,45,46,completed,1
9288,Rigid,608774,608774,608821,0,47,47,completed,1
9289,Rigid,608774,608774,608822,0,48,48,completed,1
9290,Rigid,608774,608774,608819,0,45,45,completed,1
9291,Rigid,608774,608774,608821,0,47,47,completed,1
9292,Rigid,608774,608774,608819,0,45,45,completed,1
9293,Rigid,608774,608774,608824,0,50,50,completed,1
9294,Rigid,608774,608774,608819,0,45,45,completed,1
9295,Rigid,608774,608776,608819,2,43,45,completed,1
9296,Rigid,608774,608776,608823,2,47,49,completed,1
9297,Rigid,608774,608776,608816,2,40,42,completed,1
9298,Rigid,608774,608776,608820,2,44,46,completed,1
9299,Rigid,608774,608776,608811,2,35,37,completed,1
9300,Rigid,608774,608776,608814,2,38,40,completed,1
9301,Rigid,608774,608776,608817,2,41,43,completed,1
9302,Rigid,608774,608776,608813,2,37,39,completed,1
9303,Rigid,608775,608776,608815,1,39,40,completed,1
9304,Rigid,608775,608776,608814,1,38,39,completed,1
9305,Rigid,608775,608776,608815,1,39,40,completed,1
9306,Rigid,608775,608776,608810,1,34,35,completed,1
9307,Rigid,608775,608776,608812,1,36,37,completed,1
9308,Rigid,608775,608776,608819,1,43,44,completed,1
9309,Rigid,608775,608776,608815,1,39,40,completed,1
9310,Rigid,608775,608776,608810,1,34,35,completed,1
9311,Rigid,608775,608776,608811,1,35,36,completed,1
9312,Rigid,608775,608776,608813,1,37,38,completed,1
9313,Rigid,608775,608776,608812,1,36,37,completed,1
9314,Rigid,608775,608776,608820,1,44,45,completed,1
9315,Rigid,608776,608776,608813,0,37,37,completed,1
9316,Rigid,608776,608776,608812,0,36,36,completed,1
9317,Rigid,608776,608776,608811,0,35,35,completed,1
9318,Rigid,608779,608779,608811,0,32,32,completed,1
9319,Rigid,608780,608780,608812,0,32,32,completed,1
9320,Rigid,608781,608781,608823,0,42,42,completed,1
9321,Rigid,608803,608803,608840,0,37,37,completed,1
9322,Rigid,608803,608803,608839,0,36,36,completed,1
9323,Rigid,608803,608803,608840,0,37,37,completed,1
9324,Rigid,608803,608803,608840,0,37,37,completed,1
9325,Rigid,608803,608803,608838,0,35,35,completed,1
9326,Rigid,608805,608805,608843,0,38,38,completed,1
9327,Rigid,608806,608806,608844,0,38,38,completed,1
9328,Rigid,608806,608806,608844,0,38,38,completed,1
9329,Rigid,608806,608807,608846,1,39,40,completed,1
9330,Rigid,608806,608807,608842,1,35,36,completed,1
9331,Rigid,608806,608807,608843,1,36,37,completed,1
9332,Rigid,608807,608807,608851,0,44,44,completed,1
9333,Rigid,608807,608807,608842,0,35,35,completed,1
9334,Rigid,608807,608807,608853,0,46,46,completed,1
9335,Rigid,608807,608807,608843,0,36,36,completed,1
9336,Rigid,608807,608807,608844,0,37,37,completed,1
9337,Rigid,608807,608807,608844,0,37,37,completed,1
9338,Rigid,608807,608807,608842,0,35,35,completed,1
9339,Rigid,608807,608807,608843,0,36,36,completed,1
9340,Rigid,608807,608807,608851,0,44,44,completed,1
9341,Rigid,608807,608807,608850,0,43,43,completed,1
9342,Rigid,608807,608808,608852,1,44,45,completed,1
9343,Rigid,608807,608808,608852,1,44,45,completed,1
9344,Rigid,608807,608808,608850,1,42,43,completed,1
9345,Rigid,608807,608808,608850,1,42,43,completed,1
9346,Rigid,608807,608808,608851,1,43,44,completed,1
9347,Rigid,608807,608808,608850,1,42,43,completed,1
9348,Rigid,608808,608808,608852,0,44,44,completed,1
9349,Rigid,608808,608808,608851,0,43,43,completed,1
9350,Rigid,608808,608808,608848,0,40,40,completed,1
9351,Rigid,608808,608808,608848,0,40,40,completed,1
9352,Rigid,608808,608808,608852,0,44,44,completed,1
9353,Rigid,608808,608808,608848,0,40,40,completed,1
9354,Rigid,608808,608808,608850,0,42,42,completed,1
9355,Rigid,608808,608808,608852,0,44,44,completed,1
9356,Rigid,608808,608808,608849,0,41,41,completed,1
9357,Rigid,608808,608808,608853,0,45,45,completed,1
9358,Rigid,608808,608808,608852,0,44,44,completed,1
9359,Rigid,608808,608808,608851,0,43,43,completed,1
9360,Rigid,608808,608808,608852,0,44,44,completed,1
9361,Rigid,608809,608810,608849,1,39,40,completed,1
9362,Rigid,608809,608810,608851,1,41,42,completed,1
9363,Rigid,608809,608810,608852,1,42,43,completed,1
9364,Rigid,608809,608810,608850,1,40,41,completed,1
9365,Rigid,608809,608810,608850,1,40,41,completed,1
9366,Rigid,608809,608810,608852,1,42,43,completed,1
9367,Rigid,608809,608810,608849,1,39,40,completed,1
9368,Rigid,608809,608810,608848,1,38,39,completed,1
9369,Rigid,608809,608810,608852,1,42,43,completed,1
9370,Rigid,608809,608810,608852,1,42,43,completed,1
9371,Rigid,608810,608810,608850,0,40,40,completed,1
9372,Rigid,608810,608811,608851,1,40,41,completed,1
9373,Rigid,608825,608826,608874,1,48,49,completed,1
9374,Rigid,608826,608828,608875,2,47,49,completed,1
9375,Rigid,608826,608828,608875,2,47,49,completed,1
9376,Rigid,608826,608828,608874,2,46,48,completed,1
9377,Rigid,608826,608828,608874,2,46,48,completed,1
9378,Rigid,608826,608828,608875,2,47,49,completed,1
9379,Rigid,608826,608828,608875,2,47,49,completed,1
9380,Rigid,608826,608828,608874,2,46,48,completed,1
9381,Rigid,608826,608828,608874,2,46,48,completed,1
9382,Rigid,608826,608828,608875,2,47,49,completed,1
9383,Rigid,608826,608828,608874,2,46,48,completed,1
9384,Rigid,608826,608828,608874,2,46,48,completed,1
9385,Rigid,608827,608828,608874,1,46,47,completed,1
9386,Rigid,608827,608828,608877,1,49,50,completed,1
9387,Rigid,608827,608828,608874,1,46,47,completed,1
9388,Rigid,608827,608828,608875,1,47,48,completed,1
9389,Rigid,608827,608828,608876,1,48,49,completed,1
9390,Rigid,608827,608828,608874,1,46,47,completed,1
9391,Rigid,608827,608828,608875,1,47,48,completed,1
9392,Rigid,608827,608828,608876,1,48,49,completed,1
9393,Rigid,608827,608828,608877,1,49,50,completed,1
9394,Rigid,608827,608828,608874,1,46,47,completed,1
9395,Rigid,608827,608828,608878,1,50,51,completed,1
9396,Rigid,608827,608828,608874,1,46,47,completed,1
9397,Rigid,608827,608828,608876,1,48,49,completed,1
9398,Rigid,608827,608828,608875,1,47,48,completed,1
9399,Rigid,608828,608828,608875,0,47,47,completed,1
9400,Rigid,608828,608830,608875,2,45,47,completed,1
9401,Rigid,608828,608830,608876,2,46,48,completed,1
9402,Rigid,608828,608830,608876,2,46,48,completed,1
9403,Rigid,608829,608830,608876,1,46,47,completed,1
9404,Rigid,608829,608830,608875,1,45,46,completed,1
9405,Rigid,608829,608830,608874,1,44,45,completed,1
9406,Rigid,608829,608830,608874,1,44,45,completed,1
9407,Rigid,608829,608830,608874,1,44,45,completed,1
9408,Rigid,608829,608830,608876,1,46,47,completed,1
9409,Rigid,608829,608830,608874,1,44,45,completed,1
9410,Rigid,608829,608830,608875,1,45,46,completed,1
9411,Rigid,608829,608830,608873,1,43,44,completed,1
9412,Rigid,608829,608830,608875,1,45,46,completed,1
9413,Rigid,608829,608830,608874,1,44,45,completed,1
9414,Rigid,608829,608830,608873,1,43,44,completed,1
9415,Rigid,608830,608830,608875,0,45,45,completed,1
9416,Rigid,608830,608830,608874,0,44,44,completed,1
9417,Rigid,608830,608830,608874,0,44,44,completed,1
9418,Rigid,608830,608830,608874,0,44,44,completed,1
9419,Rigid,608830,608830,608875,0,45,45,completed,1
9420,Rigid,608830,608834,608874,4,40,44,completed,1
9421,Rigid,608830,608834,608874,4,40,44,completed,1
9422,Rigid,608830,608834,608874,4,40,44,completed,1
9423,Rigid,608830,608834,608873,4,39,43,completed,1
9424,Rigid,608830,608834,608874,4,40,44,completed,1
9425,Rigid,608830,608834,608880,4,46,50,completed,1
9426,Rigid,608830,608834,608874,4,40,44,completed,1
9427,Rigid,608830,608834,608874,4,40,44,completed,1
9428,Rigid,608831,608834,608874,3,40,43,completed,1
9429,Rigid,608831,608834,608877,3,43,46,completed,1
9430,Rigid,608831,608834,608874,3,40,43,completed,1
9431,Rigid,608831,608834,608874,3,40,43,completed,1
9432,Rigid,608832,608834,608880,2,46,48,completed,1
9433,Rigid,608832,608834,608874,2,40,42,completed,1
9434,Rigid,608832,608834,608876,2,42,44,completed,1
9435,Rigid,608832,608834,608874,2,40,42,completed,1
9436,Rigid,608832,608834,608874,2,40,42,completed,1
9437,Rigid,608886,608887,609209,1,322,323,completed,36
9438,Rigid,608901,609211,610243,310,1032,1342,completed,36
9439,Rigid,608926,608926,608974,0,48,48,completed,1
9440,Rigid,608926,608926,608975,0,49,49,completed,1
9441,Rigid,608926,608926,608974,0,48,48,completed,1
9442,Rigid,608926,608926,608974,0,48,48,completed,1
9443,Rigid,608926,608926,608974,0,48,48,completed,1
9444,Rigid,608926,608926,608974,0,48,48,completed,1
9445,Rigid,608926,608926,608974,0,48,48,completed,1
9446,Rigid,608926,608926,608974,0,48,48,completed,1
9447,Rigid,608926,608926,608974,0,48,48,completed,1
9448,Rigid,608926,608926,608979,0,53,53,completed,1
9449,Rigid,608926,608926,608974,0,48,48,completed,1
9450,Rigid,608926,608926,608980,0,54,54,completed,1
9451,Rigid,608926,608926,608974,0,48,48,completed,1
9452,Rigid,608926,608926,608974,0,48,48,completed,1
9453,Rigid,608926,608926,608974,0,48,48,completed,1
9454,Rigid,608926,608926,608974,0,48,48,completed,1
9455,Rigid,608926,608926,608977,0,51,51,completed,1
9456,Rigid,608926,608930,608974,4,44,48,completed,1
9457,Rigid,608926,608930,608974,4,44,48,completed,1
9458,Rigid,608926,608930,608974,4,44,48,completed,1
9459,Rigid,608927,608930,608974,3,44,47,completed,1
9460,Rigid,608927,608930,608980,3,50,53,completed,1
9461,Rigid,608927,608930,608975,3,45,48,completed,1
9462,Rigid,608927,608930,608974,3,44,47,completed,1
9463,Rigid,608927,608930,608974,3,44,47,completed,1
9464,Rigid,608927,608930,608974,3,44,47,completed,1
9465,Rigid,608927,608930,608974,3,44,47,completed,1
9466,Rigid,608927,608930,608974,3,44,47,completed,1
9467,Rigid,608927,608930,608974,3,44,47,completed,1
9468,Rigid,608927,608930,608974,3,44,47,completed,1
9469,Rigid,608927,608930,608974,3,44,47,completed,1
9470,Rigid,608927,608930,608974,3,44,47,completed,1
9471,Rigid,608927,608930,608974,3,44,47,completed,1
9472,Rigid,608927,608930,608974,3,44,47,completed,1
9473,Rigid,608927,608930,608974,3,44,47,completed,1
9474,Rigid,608927,608930,608974,3,44,47,completed,1
9475,Rigid,608927,608930,608974,3,44,47,completed,1
9476,Rigid,608927,608930,608975,3,45,48,completed,1
9477,Rigid,608927,608930,608975,3,45,48,completed,1
9478,Rigid,608927,608930,608974,3,44,47,completed,1
9479,Rigid,608927,608930,608977,3,47,50,completed,1
9480,Rigid,608927,608930,608975,3,45,48,completed,1
9481,Rigid,608927,608930,608975,3,45,48,completed,1
9482,Rigid,608927,608930,608975,3,45,48,completed,1
9483,Rigid,608927,608930,608976,3,46,49,completed,1
9484,Rigid,608927,608930,608974,3,44,47,completed,1
9485,Rigid,608927,608930,608974,3,44,47,completed,1
9486,Rigid,608927,608930,608975,3,45,48,completed,1
9487,Rigid,608927,608930,608975,3,45,48,completed,1
9488,Rigid,608927,608930,608974,3,44,47,completed,1
9489,Rigid,608927,608930,608975,3,45,48,completed,1
9490,Rigid,608927,608930,608974,3,44,47,completed,1
9491,Rigid,608927,608930,608974,3,44,47,completed,1
9492,Rigid,608927,608930,608976,3,46,49,completed,1
9493,Rigid,608927,608930,608975,3,45,48,completed,1
9494,Rigid,608927,608930,608975,3,45,48,completed,1
9495,Rigid,608927,608930,608974,3,44,47,completed,1
9496,Rigid,608927,608930,608974,3,44,47,completed,1
9497,Rigid,608927,608930,608975,3,45,48,completed,1
9498,Rigid,608927,608930,608974,3,44,47,completed,1
9499,Rigid,608927,608930,608975,3,45,48,completed,1
9500,Rigid,608927,608930,608974,3,44,47,completed,1
9501,Rigid,608927,608930,608977,3,47,50,completed,1
9502,Rigid,608927,608930,608975,3,45,48,completed,1
9503,Rigid,608928,608930,608974,2,44,46,completed,1
9504,Rigid,608928,608930,608975,2,45,47,completed,1
9505,Rigid,608928,608930,608974,2,44,46,completed,1
9506,Rigid,608928,608930,608975,2,45,47,completed,1
9507,Rigid,608928,608930,608974,2,44,46,completed,1
9508,Rigid,608928,608930,608975,2,45,47,completed,1
9509,Rigid,608928,608930,608975,2,45,47,completed,1
9510,Rigid,608928,608930,608975,2,45,47,completed,1
9511,Rigid,608928,608930,608975,2,45,47,completed,1
9512,Rigid,608928,608930,608977,2,47,49,completed,1
9513,Rigid,608928,608930,608974,2,44,46,completed,1
9514,Rigid,608928,608930,608974,2,44,46,completed,1
9515,Rigid,608928,608930,608974,2,44,46,completed,1
9516,Rigid,608928,608930,608975,2,45,47,completed,1
9517,Rigid,608928,608930,608974,2,44,46,completed,1
9518,Rigid,608928,608930,608974,2,44,46,completed,1
9519,Rigid,608928,608930,608975,2,45,47,completed,1
9520,Rigid,608928,608930,608974,2,44,46,completed,1
9521,Rigid,608928,608930,608975,2,45,47,completed,1
9522,Rigid,608928,608930,608974,2,44,46,completed,1
9523,Rigid,608928,608930,608974,2,44,46,completed,1
9524,Rigid,608928,608930,608974,2,44,46,completed,1
9525,Rigid,608928,608930,608976,2,46,48,completed,1
9526,Rigid,608928,608930,608974,2,44,46,completed,1
9527,Rigid,608928,608930,608975,2,45,47,completed,1
9528,Rigid,608928,608930,608974,2,44,46,completed,1
9529,Rigid,608928,608930,608974,2,44,46,completed,1
9530,Rigid,608928,608930,608974,2,44,46,completed,1
9531,Rigid,608928,608930,608974,2,44,46,completed,1
9532,Rigid,608928,608930,608974,2,44,46,completed,1
9533,Rigid,608928,608930,608974,2,44,46,completed,1
9534,Rigid,608928,608930,608974,2,44,46,completed,1
9535,Rigid,608928,608930,608974,2,44,46,completed,1
9536,Rigid,608928,608930,608974,2,44,46,completed,1
9537,Rigid,608928,608930,608974,2,44,46,completed,1
9538,Rigid,608928,608930,608974,2,44,46,completed,1
9539,Rigid,608928,608930,608975,2,45,47,completed,1
9540,Rigid,608928,608930,608974,2,44,46,completed,1
9541,Rigid,608928,608930,608974,2,44,46,completed,1
9542,Rigid,608928,608930,608975,2,45,47,completed,1
9543,Rigid,608928,608930,608975,2,45,47,completed,1
9544,Rigid,608928,608930,608974,2,44,46,completed,1
9545,Rigid,608928,608930,608975,2,45,47,completed,1
9546,Rigid,608928,608930,608981,2,51,53,completed,1
9547,Rigid,608928,608930,608974,2,44,46,completed,1
9548,Rigid,608928,608930,608974,2,44,46,completed,1
9549,Rigid,608928,608930,608982,2,52,54,completed,1
9550,Rigid,608928,608930,608976,2,46,48,completed,1
9551,Rigid,608928,608930,608974,2,44,46,completed,1
9552,Rigid,608928,608930,608975,2,45,47,completed,1
9553,Rigid,608928,608930,608976,2,46,48,completed,1
9554,Rigid,608928,608930,608974,2,44,46,completed,1
9555,Rigid,608928,608930,608976,2,46,48,completed,1
9556,Rigid,608928,608930,608974,2,44,46,completed,1
9557,Rigid,608928,608930,608974,2,44,46,completed,1
9558,Rigid,608928,608930,608974,2,44,46,completed,1
9559,Rigid,608928,608930,608974,2,44,46,completed,1
9560,Rigid,608928,608930,608974,2,44,46,completed,1
9561,Rigid,608928,608930,608975,2,45,47,completed,1
9562,Rigid,608928,608930,608976,2,46,48,completed,1
9563,Rigid,608928,608930,608975,2,45,47,completed,1
9564,Rigid,608928,608930,608977,2,47,49,completed,1
9565,Rigid,608928,608930,608980,2,50,52,completed,1
9566,Rigid,608928,608930,608975,2,45,47,completed,1
9567,Rigid,608928,608930,608980,2,50,52,completed,1
9568,Rigid,608928,608930,608974,2,44,46,completed,1
9569,Rigid,608928,608930,608974,2,44,46,completed,1
9570,Rigid,608928,608930,608974,2,44,46,completed,1
9571,Rigid,608928,608930,608974,2,44,46,completed,1
9572,Rigid,608928,608930,608974,2,44,46,completed,1
9573,Rigid,608928,608930,608974,2,44,46,completed,1
9574,Rigid,608929,608930,608975,1,45,46,completed,1
9575,Rigid,608929,608930,608974,1,44,45,completed,1
9576,Rigid,608929,608930,608974,1,44,45,completed,1
9577,Rigid,608929,608930,608974,1,44,45,completed,1
9578,Rigid,608929,608930,608974,1,44,45,completed,1
9579,Rigid,608929,608930,608976,1,46,47,completed,1
9580,Rigid,608929,608930,608974,1,44,45,completed,1
9581,Rigid,608929,608930,608974,1,44,45,completed,1
9582,Rigid,608929,608930,608975,1,45,46,completed,1
9583,Rigid,608929,608930,608975,1,45,46,completed,1
9584,Rigid,608929,608930,608975,1,45,46,completed,1
9585,Rigid,608929,608930,608974,1,44,45,completed,1
9586,Rigid,608929,608930,608974,1,44,45,completed,1
9587,Rigid,608929,608930,608977,1,47,48,completed,1
9588,Rigid,608929,608930,608974,1,44,45,completed,1
9589,Rigid,608929,608930,608975,1,45,46,completed,1
9590,Rigid,608929,608930,608974,1,44,45,completed,1
9591,Rigid,608929,608930,608976,1,46,47,completed,1
9592,Rigid,608929,608930,608975,1,45,46,completed,1
9593,Rigid,608929,608930,608978,1,48,49,completed,1
9594,Rigid,608929,608930,608976,1,46,47,completed,1
9595,Rigid,608929,608930,608977,1,47,48,completed,1
9596,Rigid,608929,608930,608974,1,44,45,completed,1
9597,Rigid,608929,608930,608976,1,46,47,completed,1
9598,Rigid,608929,608930,608974,1,44,45,completed,1
9599,Rigid,608929,608930,608979,1,49,50,completed,1
9600,Rigid,608929,608930,608974,1,44,45,completed,1
9601,Rigid,608929,608930,608974,1,44,45,completed,1
9602,Rigid,608929,608930,608974,1,44,45,completed,1
9603,Rigid,608929,608930,608974,1,44,45,completed,1
9604,Rigid,608929,608930,608975,1,45,46,completed,1
9605,Rigid,608929,608930,608976,1,46,47,completed,1
9606,Rigid,608929,608930,608975,1,45,46,completed,1
9607,Rigid,608929,608930,608975,1,45,46,completed,1
9608,Rigid,608929,608930,608976,1,46,47,completed,1
9609,Rigid,608929,608930,608977,1,47,48,completed,1
9610,Rigid,608929,608930,608975,1,45,46,completed,1
9611,Rigid,608929,608930,608975,1,45,46,completed,1
9612,Rigid,608929,608930,608976,1,46,47,completed,1
9613,Rigid,608929,608930,608974,1,44,45,completed,1
9614,Rigid,608929,608930,608974,1,44,45,completed,1
9615,Rigid,608929,608930,608975,1,45,46,completed,1
9616,Rigid,608929,608930,608974,1,44,45,completed,1
9617,Rigid,608929,608930,608975,1,45,46,completed,1
9618,Rigid,608929,608930,608974,1,44,45,completed,1
9619,Rigid,608929,608930,608974,1,44,45,completed,1
9620,Rigid,608929,608930,608974,1,44,45,completed,1
9621,Rigid,608929,608930,608974,1,44,45,completed,1
9622,Rigid,608929,608930,608974,1,44,45,completed,1
9623,Rigid,608929,608930,608974,1,44,45,completed,1
9624,Rigid,608929,608930,608974,1,44,45,completed,1
9625,Rigid,608929,608930,608974,1,44,45,completed,1
9626,Rigid,608929,608930,608974,1,44,45,completed,1
9627,Rigid,608929,608930,608974,1,44,45,completed,1
9628,Rigid,608929,608930,608974,1,44,45,completed,1
9629,Rigid,608929,608930,608974,1,44,45,completed,1
9630,Rigid,608929,608930,608974,1,44,45,completed,1
9631,Rigid,608929,608930,608974,1,44,45,completed,1
9632,Rigid,608929,608930,608975,1,45,46,completed,1
9633,Rigid,608929,608930,608974,1,44,45,completed,1
9634,Rigid,608929,608930,608974,1,44,45,completed,1
9635,Rigid,608929,608930,608974,1,44,45,completed,1
9636,Rigid,608929,608930,608974,1,44,45,completed,1
9637,Rigid,608930,608930,608980,0,50,50,completed,1
9638,Rigid,608930,608930,608974,0,44,44,completed,1
9639,Rigid,608975,608976,609006,1,30,31,completed,1
9640,Rigid,608976,608976,609006,0,30,30,completed,1
9641,Rigid,608976,608976,609008,0,32,32,completed,1
9642,Rigid,608976,608976,609007,0,31,31,completed,1
9643,Rigid,608976,608976,609008,0,32,32,completed,1
9644,Rigid,608976,608976,609008,0,32,32,completed,1
9645,Rigid,608976,608976,609008,0,32,32,completed,1
9646,Rigid,608976,608976,609008,0,32,32,completed,1
9647,Rigid,608976,608976,609007,0,31,31,completed,1
9648,Rigid,608977,608977,609007,0,30,30,completed,1
9649,Rigid,608977,608977,609008,0,31,31,completed,1
9650,Rigid,608977,608977,609008,0,31,31,completed,1
9651,Rigid,608977,608977,609007,0,30,30,completed,1
9652,Rigid,608977,608977,609006,0,29,29,completed,1
9653,Rigid,608977,608977,609007,0,30,30,completed,1
9654,Rigid,608977,608977,609007,0,30,30,completed,1
9655,Rigid,608977,608977,609006,0,29,29,completed,1
9656,Rigid,608977,608977,609008,0,31,31,completed,1
9657,Rigid,608977,608977,609007,0,30,30,completed,1
9658,Rigid,608977,608977,609007,0,30,30,completed,1
9659,Rigid,608978,608978,609008,0,30,30,completed,1
9660,Rigid,608978,608978,609007,0,29,29,completed,1
9661,Rigid,608978,608978,609005,0,27,27,completed,1
9662,Rigid,608978,608978,609005,0,27,27,completed,1
9663,Rigid,608978,608978,609005,0,27,27,completed,1
9664,Rigid,608978,608978,609005,0,27,27,completed,1
9665,Rigid,608978,608978,609005,0,27,27,completed,1
9666,Rigid,608978,608978,609010,0,32,32,completed,1
9667,Rigid,608978,608978,609008,0,30,30,completed,1
9668,Rigid,608978,608978,609008,0,30,30,completed,1
9669,Rigid,608979,608979,609009,0,30,30,completed,1
9670,Rigid,608979,608979,609008,0,29,29,completed,1
9671,Rigid,608979,608979,609009,0,30,30,completed,1
9672,Rigid,608979,608979,609009,0,30,30,completed,1
9673,Rigid,608979,608979,609009,0,30,30,completed,1
9674,Rigid,608979,608979,609009,0,30,30,completed,1
9675,Rigid,608979,608980,609009,1,29,30,completed,1
9676,Rigid,608979,608980,609009,1,29,30,completed,1
9677,Rigid,608979,608980,609010,1,30,31,completed,1
9678,Rigid,608979,608980,609008,1,28,29,completed,1
9679,Rigid,608979,608980,609007,1,27,28,completed,1
9680,Rigid,608979,608980,609009,1,29,30,completed,1
9681,Rigid,608980,608980,609008,0,28,28,completed,1
9682,Rigid,608980,608980,609010,0,30,30,completed,1
9683,Rigid,608980,608980,609008,0,28,28,completed,1
9684,Rigid,608980,608980,609008,0,28,28,completed,1
9685,Rigid,608980,608981,609008,1,27,28,completed,1
9686,Rigid,608980,608981,609009,1,28,29,completed,1
9687,Rigid,608980,608981,609009,1,28,29,completed,1
9688,Rigid,608980,608981,609009,1,28,29,completed,1
9689,Rigid,608980,608981,609009,1,28,29,completed,1
9690,Rigid,608981,608981,609008,0,27,27,completed,1
9691,Rigid,608981,608981,609005,0,24,24,completed,1
9692,Rigid,608981,608981,609005,0,24,24,completed,1
9693,Rigid,608981,608981,609005,0,24,24,completed,1
9694,Rigid,608981,608981,609005,0,24,24,completed,1
9695,Rigid,608981,608981,609005,0,24,24,completed,1
9696,Rigid,608981,608981,609005,0,24,24,completed,1
9697,Rigid,608981,608981,609005,0,24,24,completed,1
9698,Rigid,608981,608982,609005,1,23,24,completed,1
9699,Rigid,608982,608982,609005,0,23,23,completed,1
9700,Rigid,608982,608982,609005,0,23,23,completed,1
9701,Rigid,608982,608982,609005,0,23,23,completed,1
9702,Rigid,608982,608982,609005,0,23,23,completed,1
9703,Rigid,608982,608982,609005,0,23,23,completed,1
9704,Rigid,608982,608982,609005,0,23,23,completed,1
9705,Rigid,608997,608999,609044,2,45,47,completed,1
9706,Rigid,608998,608999,609044,1,45,46,completed,1
9707,Rigid,608998,608999,609044,1,45,46,completed,1
9708,Rigid,608998,608999,609046,1,47,48,completed,1
9709,Rigid,608998,608999,609043,1,44,45,completed,1
9710,Rigid,608998,608999,609044,1,45,46,completed,1
9711,Rigid,608998,608999,609045,1,46,47,completed,1
9712,Rigid,608998,608999,609043,1,44,45,completed,1
9713,Rigid,608998,608999,609042,1,43,44,completed,1
9714,Rigid,608998,608999,609044,1,45,46,completed,1
9715,Rigid,608998,608999,609045,1,46,47,completed,1
9716,Rigid,608999,608999,609042,0,43,43,completed,1
9717,Rigid,608999,608999,609042,0,43,43,completed,1
9718,Rigid,608999,608999,609046,0,47,47,completed,1
9719,Rigid,608999,608999,609045,0,46,46,completed,1
9720,Rigid,608999,608999,609044,0,45,45,completed,1
9721,Rigid,608999,608999,609045,0,46,46,completed,1
9722,Rigid,608999,608999,609042,0,43,43,completed,1
9723,Rigid,608999,608999,609043,0,44,44,completed,1
9724,Rigid,608999,608999,609044,0,45,45,completed,1
9725,Rigid,608999,608999,609046,0,47,47,completed,1
9726,Rigid,609000,609003,609044,3,41,44,completed,1
9727,Rigid,609000,609003,609045,3,42,45,completed,1
9728,Rigid,609000,609003,609043,3,40,43,completed,1
9729,Rigid,609000,609003,609043,3,40,43,completed,1
9730,Rigid,609000,609003,609048,3,45,48,completed,1
9731,Rigid,609000,609003,609044,3,41,44,completed,1
9732,Rigid,609000,609003,609042,3,39,42,completed,1
9733,Rigid,609000,609003,609047,3,44,47,completed,1
9734,Rigid,609000,609003,609046,3,43,46,completed,1
9735,Rigid,609000,609003,609045,3,42,45,completed,1
9736,Rigid,609001,609003,609046,2,43,45,completed,1
9737,Rigid,609001,609003,609042,2,39,41,completed,1
9738,Rigid,609001,609003,609046,2,43,45,completed,1
9739,Rigid,609001,609003,609046,2,43,45,completed,1
9740,Rigid,609001,609003,609043,2,40,42,completed,1
9741,Rigid,609001,609003,609045,2,42,44,completed,1
9742,Rigid,609001,609003,609044,2,41,43,completed,1
9743,Rigid,609001,609003,609043,2,40,42,completed,1
9744,Rigid,609001,609003,609046,2,43,45,completed,1
9745,Rigid,609001,609003,609046,2,43,45,completed,1
9746,Rigid,609002,609003,609045,1,42,43,completed,1
9747,Rigid,609002,609003,609046,1,43,44,completed,1
9748,Rigid,609002,609003,609046,1,43,44,completed,1
9749,Rigid,609002,609003,609046,1,43,44,completed,1
9750,Rigid,609002,609003,609043,1,40,41,completed,1
9751,Rigid,609002,609003,609044,1,41,42,completed,1
9752,Rigid,609002,609003,609042,1,39,40,completed,1
9753,Rigid,609002,609003,609043,1,40,41,completed,1
9754,Rigid,609002,609003,609046,1,43,44,completed,1
9755,Rigid,609002,609003,609044,1,41,42,completed,1
9756,Rigid,609003,609003,609044,0,41,41,completed,1
9757,Rigid,609003,609003,609045,0,42,42,completed,1
9758,Rigid,609003,609003,609046,0,43,43,completed,1
9759,Rigid,609003,609003,609047,0,44,44,completed,1
9760,Rigid,609003,609003,609043,0,40,40,completed,1
9761,Rigid,609003,609003,609046,0,43,43,completed,1
9762,Rigid,609003,609003,609042,0,39,39,completed,1
9763,Rigid,609003,609003,609042,0,39,39,completed,1
9764,Rigid,609003,609006,609040,3,34,37,completed,1
9765,Rigid,609003,609006,609040,3,34,37,completed,1
9766,Rigid,609004,609006,609040,2,34,36,completed,1
9767,Rigid,609004,609006,609040,2,34,36,completed,1
9768,Rigid,609004,609006,609040,2,34,36,completed,1
9769,Rigid,609004,609006,609040,2,34,36,completed,1
9770,Rigid,609004,609006,609040,2,34,36,completed,1
9771,Rigid,609004,609006,609040,2,34,36,completed,1
9772,Rigid,609004,609006,609040,2,34,36,completed,1
9773,Rigid,609004,609006,609040,2,34,36,completed,1
9774,Rigid,609004,609006,609042,2,36,38,completed,1
9775,Rigid,609004,609006,609046,2,40,42,completed,1
9776,Rigid,609005,609006,609045,1,39,40,completed,1
9777,Rigid,609005,609006,609046,1,40,41,completed,1
9778,Rigid,609005,609006,609046,1,40,41,completed,1
9779,Rigid,609005,609006,609044,1,38,39,completed,1
9780,Rigid,609005,609006,609044,1,38,39,completed,1
9781,Rigid,609005,609006,609045,1,39,40,completed,1
9782,Rigid,609005,609006,609043,1,37,38,completed,1
9783,Rigid,609005,609006,609045,1,39,40,completed,1
9784,Rigid,609005,609006,609044,1,38,39,completed,1
9785,Rigid,609005,609006,609046,1,40,41,completed,1
9786,Rigid,609006,609006,609045,0,39,39,completed,1
9787,Rigid,609006,609006,609048,0,42,42,completed,1
9788,Rigid,609006,609006,609044,0,38,38,completed,1
9789,Rigid,609006,609006,609043,0,37,37,completed,1
9790,Rigid,609006,609006,609042,0,36,36,completed,1
9791,Rigid,609006,609006,609043,0,37,37,completed,1
9792,Rigid,609006,609006,609043,0,37,37,completed,1
9793,Rigid,609006,609006,609044,0,38,38,completed,1
9794,Rigid,609006,609006,609046,0,40,40,completed,1
9795,Rigid,609006,609006,609046,0,40,40,completed,1
9796,Rigid,609007,609007,609045,0,38,38,completed,1
9797,Rigid,609007,609007,609044,0,37,37,completed,1
9798,Rigid,609007,609007,609043,0,36,36,completed,1
9799,Rigid,609007,609007,609045,0,38,38,completed,1
9800,Rigid,609007,609007,609045,0,38,38,completed,1
9801,Rigid,609007,609007,609048,0,41,41,completed,1
9802,Rigid,609007,609008,609043,1,35,36,completed,1
9803,Rigid,609007,609008,609045,1,37,38,completed,1
9804,Rigid,609007,609008,609045,1,37,38,completed,1
9805,Rigid,609007,609008,609045,1,37,38,completed,1
9806,Rigid,609008,609008,609045,0,37,37,completed,1
9807,Rigid,609008,609008,609044,0,36,36,completed,1
9808,Rigid,609008,609008,609044,0,36,36,completed,1
9809,Rigid,609008,609008,609042,0,34,34,completed,1
9810,Rigid,609008,609008,609045,0,37,37,completed,1
9811,Rigid,609008,609008,609044,0,36,36,completed,1
9812,Rigid,609008,609008,609048,0,40,40,completed,1
9813,Rigid,609008,609008,609042,0,34,34,completed,1
9814,Rigid,609008,609008,609048,0,40,40,completed,1
9815,Rigid,609008,609008,609045,0,37,37,completed,1
9816,Rigid,609009,609009,609042,0,33,33,completed,1
9817,Rigid,609009,609009,609047,0,38,38,completed,1
9818,Rigid,609009,609009,609045,0,36,36,completed,1
9819,Rigid,609009,609009,609051,0,42,42,completed,1
9820,Rigid,609009,609009,609042,0,33,33,completed,1
9821,Rigid,609009,609009,609047,0,38,38,completed,1
9822,Rigid,609009,609009,609045,0,36,36,completed,1
9823,Rigid,609009,609009,609044,0,35,35,completed,1
9824,Rigid,609009,609010,609041,1,31,32,completed,1
9825,Rigid,609010,609010,609040,0,30,30,completed,1
9826,Rigid,609010,609010,609043,0,33,33,completed,1
9827,Rigid,609010,609010,609040,0,30,30,completed,1
9828,Rigid,609010,609010,609043,0,33,33,completed,1
9829,Rigid,609010,609010,609042,0,32,32,completed,1
9830,Rigid,609010,609010,609040,0,30,30,completed,1
9831,Rigid,609010,609010,609040,0,30,30,completed,1
9832,Rigid,609010,609010,609040,0,30,30,completed,1
9833,Rigid,609010,609010,609041,0,31,31,completed,1
9834,Rigid,609010,609010,609041,0,31,31,completed,1
9835,Rigid,609010,609010,609041,0,31,31,completed,1
9836,Rigid,609011,609011,609041,0,30,30,completed,1
9837,Rigid,609011,609011,609041,0,30,30,completed,1
9838,Rigid,609011,609011,609041,0,30,30,completed,1
9839,Rigid,609011,609011,609041,0,30,30,completed,1
9840,Rigid,609011,609011,609041,0,30,30,completed,1
9841,Rigid,609011,609011,609040,0,29,29,completed,1
9842,Rigid,609011,609011,609040,0,29,29,completed,1
9843,Rigid,609011,609011,609041,0,30,30,completed,1
9844,Rigid,609011,609011,609040,0,29,29,completed,1
9845,Rigid,609011,609011,609040,0,29,29,completed,1
9846,Rigid,609034,609034,609075,0,41,41,completed,1
9847,Rigid,609034,609034,609075,0,41,41,completed,1
9848,Rigid,609034,609034,609075,0,41,41,completed,1
9849,Rigid,609034,609034,609075,0,41,41,completed,1
9850,Rigid,609035,609038,609075,3,37,40,completed,1
9851,Rigid,609041,609042,609084,1,42,43,completed,1
9852,Rigid,609041,609042,609081,1,39,40,completed,1
9853,Rigid,609041,609042,609082,1,40,41,completed,1
9854,Rigid,609041,609042,609083,1,41,42,completed,1
9855,Rigid,609041,609042,609083,1,41,42,completed,1
9856,Rigid,609041,609042,609085,1,43,44,completed,1
9857,Rigid,609041,609042,609082,1,40,41,completed,1
9858,Rigid,609041,609042,609081,1,39,40,completed,1
9859,Rigid,609041,609042,609083,1,41,42,completed,1
9860,Rigid,609041,609042,609085,1,43,44,completed,1
9861,Rigid,609041,609042,609083,1,41,42,completed,1
9862,Rigid,609041,609042,609085,1,43,44,completed,1
9863,Rigid,609041,609042,609083,1,41,42,completed,1
9864,Rigid,609041,609042,609085,1,43,44,completed,1
9865,Rigid,609041,609042,609084,1,42,43,completed,1
9866,Rigid,609041,609042,609081,1,39,40,completed,1
9867,Rigid,609041,609042,609085,1,43,44,completed,1
9868,Rigid,609041,609042,609082,1,40,41,completed,1
9869,Rigid,609041,609042,609086,1,44,45,completed,1
9870,Rigid,609041,609042,609086,1,44,45,completed,1
9871,Rigid,609041,609042,609081,1,39,40,completed,1
9872,Rigid,609042,609042,609082,0,40,40,completed,1
9873,Rigid,609042,609042,609084,0,42,42,completed,1
9874,Rigid,609042,609042,609087,0,45,45,completed,1
9875,Rigid,609042,609042,609081,0,39,39,completed,1
9876,Rigid,609042,609042,609085,0,43,43,completed,1
9877,Rigid,609042,609042,609082,0,40,40,completed,1
9878,Rigid,609042,609042,609085,0,43,43,completed,1
9879,Rigid,609042,609042,609084,0,42,42,completed,1
9880,Rigid,609042,609042,609084,0,42,42,completed,1
9881,Rigid,609042,609042,609083,0,41,41,completed,1
9882,Rigid,609042,609042,609082,0,40,40,completed,1
9883,Rigid,609042,609042,609084,0,42,42,completed,1
9884,Rigid,609042,609042,609084,0,42,42,completed,1
9885,Rigid,609042,609042,609081,0,39,39,completed,1
9886,Rigid,609042,609042,609083,0,41,41,completed,1
9887,Rigid,609043,609043,609075,0,32,32,completed,1
9888,Rigid,609043,609043,609075,0,32,32,completed,1
9889,Rigid,609043,609043,609075,0,32,32,completed,1
9890,Rigid,609043,609043,609075,0,32,32,completed,1
9891,Rigid,609043,609043,609075,0,32,32,completed,1
9892,Rigid,609043,609043,609075,0,32,32,completed,1
9893,Rigid,609043,609043,609075,0,32,32,completed,1
9894,Rigid,609043,609043,609075,0,32,32,completed,1
9895,Rigid,609043,609043,609075,0,32,32,completed,1
9896,Rigid,609043,609043,609075,0,32,32,completed,1
9897,Rigid,609043,609043,609075,0,32,32,completed,1
9898,Rigid,609043,609043,609075,0,32,32,completed,1
9899,Rigid,609043,609043,609075,0,32,32,completed,1
9900,Rigid,609043,609043,609075,0,32,32,completed,1
9901,Rigid,609043,609043,609075,0,32,32,completed,1
9902,Rigid,609043,609043,609075,0,32,32,completed,1
9903,Rigid,609043,609044,609075,1,31,32,completed,1
9904,Rigid,609043,609044,609075,1,31,32,completed,1
9905,Rigid,609043,609044,609075,1,31,32,completed,1
9906,Rigid,609043,609044,609187,1,143,144,completed,1
9907,Rigid,609044,609044,609075,0,31,31,completed,1
9908,Rigid,609044,609044,609075,0,31,31,completed,1
9909,Rigid,609051,609051,609081,0,30,30,completed,1
9910,Rigid,609051,609051,609085,0,34,34,completed,1
9911,Rigid,609051,609051,609082,0,31,31,completed,1
9912,Rigid,609051,609051,609083,0,32,32,completed,1
9913,Rigid,609051,609051,609081,0,30,30,completed,1
9914,Rigid,609052,609052,609083,0,31,31,completed,1
9915,Rigid,609052,609052,609081,0,29,29,completed,1
9916,Rigid,609052,609052,609084,0,32,32,completed,1
9917,Rigid,609052,609052,609081,0,29,29,completed,1
9918,Rigid,609052,609052,609081,0,29,29,completed,1
9919,Rigid,609052,609052,609082,0,30,30,completed,1
9920,Rigid,609052,609052,609082,0,30,30,completed,1
9921,Rigid,609052,609052,609086,0,34,34,completed,1
9922,Rigid,609052,609052,609081,0,29,29,completed,1
9923,Rigid,609052,609052,609083,0,31,31,completed,1
9924,Rigid,609053,609055,609086,2,31,33,completed,1
9925,Rigid,609053,609055,609087,2,32,34,completed,1
9926,Rigid,609053,609055,609086,2,31,33,completed,1
9927,Rigid,609053,609055,609086,2,31,33,completed,1
9928,Rigid,609053,609055,609084,2,29,31,completed,1
9929,Rigid,609053,609055,609086,2,31,33,completed,1
9930,Rigid,609053,609055,609083,2,28,30,completed,1
9931,Rigid,609053,609055,609087,2,32,34,completed,1
9932,Rigid,609053,609055,609086,2,31,33,completed,1
9933,Rigid,609053,609055,609085,2,30,32,completed,1
9934,Rigid,609054,609055,609085,1,30,31,completed,1
9935,Rigid,609054,609055,609086,1,31,32,completed,1
9936,Rigid,609054,609055,609086,1,31,32,completed,1
9937,Rigid,609054,609055,609086,1,31,32,completed,1
9938,Rigid,609054,609055,609084,1,29,30,completed,1
9939,Rigid,609054,609055,609085,1,30,31,completed,1
9940,Rigid,609054,609055,609086,1,31,32,completed,1
9941,Rigid,609054,609055,609085,1,30,31,completed,1
9942,Rigid,609054,609055,609085,1,30,31,completed,1
9943,Rigid,609054,609055,609088,1,33,34,completed,1
9944,Rigid,609055,609055,609084,0,29,29,completed,1
9945,Rigid,609055,609055,609077,0,22,22,completed,1
9946,Rigid,609055,609055,609077,0,22,22,completed,1
9947,Rigid,609055,609055,609077,0,22,22,completed,1
9948,Rigid,609055,609055,609077,0,22,22,completed,1
9949,Rigid,609055,609055,609078,0,23,23,completed,1
9950,Rigid,609055,609055,609077,0,22,22,completed,1
9951,Rigid,609055,609055,609078,0,23,23,completed,1
9952,Rigid,609055,609055,609078,0,23,23,completed,1
9953,Rigid,609055,609055,609078,0,23,23,completed,1
9954,Rigid,609056,609059,609109,3,50,53,completed,1
9955,Rigid,609056,609059,609109,3,50,53,completed,1
9956,Rigid,609056,609059,609109,3,50,53,completed,1
9957,Rigid,609056,609059,609109,3,50,53,completed,1
9958,Rigid,609056,609059,609109,3,50,53,completed,1
9959,Rigid,609056,609059,609110,3,51,54,completed,1
9960,Rigid,609056,609059,609109,3,50,53,completed,1
9961,Rigid,609056,609059,609109,3,50,53,completed,1
9962,Rigid,609056,609059,609111,3,52,55,completed,1
9963,Rigid,609056,609059,609109,3,50,53,completed,1
9964,Rigid,609057,609059,609109,2,50,52,completed,1
9965,Rigid,609057,609059,609111,2,52,54,completed,1
9966,Rigid,609057,609059,609109,2,50,52,completed,1
9967,Rigid,609057,609059,609111,2,52,54,completed,1
9968,Rigid,609057,609059,609109,2,50,52,completed,1
9969,Rigid,609057,609059,609109,2,50,52,completed,1
9970,Rigid,609057,609059,609109,2,50,52,completed,1
9971,Rigid,609057,609059,609111,2,52,54,completed,1
9972,Rigid,609057,609059,609109,2,50,52,completed,1
9973,Rigid,609057,609059,609109,2,50,52,completed,1
9974,Rigid,609058,609059,609109,1,50,51,completed,1
9975,Rigid,609058,609059,609109,1,50,51,completed,1
9976,Rigid,609058,609059,609112,1,53,54,completed,1
9977,Rigid,609058,609059,609111,1,52,53,completed,1
9978,Rigid,609058,609059,609109,1,50,51,completed,1
9979,Rigid,609058,609059,609109,1,50,51,completed,1
9980,Rigid,609058,609059,609109,1,50,51,completed,1
9981,Rigid,609058,609059,609111,1,52,53,completed,1
9982,Rigid,609058,609059,609109,1,50,51,completed,1
9983,Rigid,609058,609059,609110,1,51,52,completed,1
9984,Rigid,609059,609059,609110,0,51,51,completed,1
9985,Rigid,609059,609059,609111,0,52,52,completed,1
9986,Rigid,609059,609059,609111,0,52,52,completed,1
9987,Rigid,609059,609059,609110,0,51,51,completed,1
9988,Rigid,609059,609059,609111,0,52,52,completed,1
9989,Rigid,609059,609059,609109,0,50,50,completed,1
9990,Rigid,609059,609059,609109,0,50,50,completed,1
9991,Rigid,609059,609063,609109,4,46,50,completed,1
9992,Rigid,609059,609063,609109,4,46,50,completed,1
9993,Rigid,609059,609063,609111,4,48,52,completed,1
9994,Rigid,609060,609063,609109,3,46,49,completed,1
9995,Rigid,609060,609063,609111,3,48,51,completed,1
9996,Rigid,609060,609063,609111,3,48,51,completed,1
9997,Rigid,609060,609063,609110,3,47,50,completed,1
9998,Rigid,609060,609063,609110,3,47,50,completed,1
9999,Rigid,609060,609063,609109,3,46,49,completed,1
10000,Rigid,609060,609063,609110,3,47,50,completed,1
10001,Rigid,609060,609063,609112,3,49,52,completed,1
10002,Rigid,609060,609063,609113,3,50,53,completed,1
10003,Rigid,609060,609063,609113,3,50,53,completed,1
10004,Rigid,609061,609063,609111,2,48,50,completed,1
10005,Rigid,609061,609063,609113,2,50,52,completed,1
10006,Rigid,609061,609063,609111,2,48,50,completed,1
10007,Rigid,609061,609063,609114,2,51,53,completed,1
10008,Rigid,609061,609063,609112,2,49,51,completed,1
10009,Rigid,609061,609063,609112,2,49,51,completed,1
10010,Rigid,609061,609063,609113,2,50,52,completed,1
10011,Rigid,609061,609063,609113,2,50,52,completed,1
10012,Rigid,609061,609063,609113,2,50,52,completed,1
10013,Rigid,609061,609063,609114,2,51,53,completed,1
10014,Rigid,609062,609063,609111,1,48,49,completed,1
10015,Rigid,609062,609063,609113,1,50,51,completed,1
10016,Rigid,609062,609063,609112,1,49,50,completed,1
10017,Rigid,609062,609063,609112,1,49,50,completed,1
10018,Rigid,609062,609063,609113,1,50,51,completed,1
10019,Rigid,609062,609063,609113,1,50,51,completed,1
10020,Rigid,609062,609063,609113,1,50,51,completed,1
10021,Rigid,609062,609063,609113,1,50,51,completed,1
10022,Rigid,609062,609063,609114,1,51,52,completed,1
10023,Rigid,609062,609063,609111,1,48,49,completed,1
10024,Rigid,609063,609063,609113,0,50,50,completed,1
10025,Rigid,609063,609063,609112,0,49,49,completed,1
10026,Rigid,609063,609063,609111,0,48,48,completed,1
10027,Rigid,609063,609063,609111,0,48,48,completed,1
10028,Rigid,609064,609067,609111,3,44,47,completed,1
10029,Rigid,609064,609067,609111,3,44,47,completed,1
10030,Rigid,609064,609067,609112,3,45,48,completed,1
10031,Rigid,609064,609067,609112,3,45,48,completed,1
10032,Rigid,609064,609067,609111,3,44,47,completed,1
10033,Rigid,609064,609067,609112,3,45,48,completed,1
10034,Rigid,609064,609067,609111,3,44,47,completed,1
10035,Rigid,609064,609067,609111,3,44,47,completed,1
10036,Rigid,609106,609239,609637,133,398,531,completed,72
10037,Rigid,609183,609235,611055,52,1820,1872,completed,36
10038,Rigid,609215,609215,609268,0,53,53,completed,1
10039,Rigid,609215,609215,609266,0,51,51,completed,1
10040,Rigid,609215,609215,609264,0,49,49,completed,1
10041,Rigid,609215,609215,609267,0,52,52,completed,1
10042,Rigid,609215,609215,609266,0,51,51,completed,1
10043,Rigid,609215,609215,609270,0,55,55,completed,1
10044,Rigid,609215,609215,609264,0,49,49,completed,1
10045,Rigid,609215,609215,609267,0,52,52,completed,1
10046,Rigid,609215,609215,609264,0,49,49,completed,1
10047,Rigid,609215,609215,609266,0,51,51,completed,1
10048,Rigid,609215,609215,609266,0,51,51,completed,1
10049,Rigid,609215,609215,609266,0,51,51,completed,1
10050,Rigid,609215,609215,609267,0,52,52,completed,1
10051,Rigid,609215,609215,609267,0,52,52,completed,1
10052,Rigid,609215,609215,609265,0,50,50,completed,1
10053,Rigid,609215,609215,609268,0,53,53,completed,1
10054,Rigid,609215,609215,609271,0,56,56,completed,1
10055,Rigid,609215,609215,609268,0,53,53,completed,1
10056,Rigid,609215,609215,609268,0,53,53,completed,1
10057,Rigid,609215,609215,609264,0,49,49,completed,1
10058,Rigid,609215,609215,609264,0,49,49,completed,1
10059,Rigid,609215,609215,609264,0,49,49,completed,1
10060,Rigid,609215,609215,609264,0,49,49,completed,1
10061,Rigid,609215,609215,609266,0,51,51,completed,1
10062,Rigid,609215,609215,609266,0,51,51,completed,1
10063,Rigid,609215,609215,609266,0,51,51,completed,1
10064,Rigid,609215,609215,609266,0,51,51,completed,1
10065,Rigid,609215,609215,609270,0,55,55,completed,1
10066,Rigid,609215,609215,609264,0,49,49,completed,1
10067,Rigid,609215,609215,609266,0,51,51,completed,1
10068,Rigid,609215,609215,609271,0,56,56,completed,1
10069,Rigid,609215,609215,609267,0,52,52,completed,1
10070,Rigid,609215,609215,609266,0,51,51,completed,1
10071,Rigid,609215,609215,609266,0,51,51,completed,1
10072,Rigid,609215,609215,609270,0,55,55,completed,1
10073,Rigid,609215,609219,609274,4,55,59,completed,1
10074,Rigid,609215,609219,609264,4,45,49,completed,1
10075,Rigid,609215,609219,609270,4,51,55,completed,1
10076,Rigid,609215,609219,609268,4,49,53,completed,1
10077,Rigid,609216,609219,609270,3,51,54,completed,1
10078,Rigid,609216,609219,609264,3,45,48,completed,1
10079,Rigid,609216,609219,609265,3,46,49,completed,1
10080,Rigid,609216,609219,609264,3,45,48,completed,1
10081,Rigid,609216,609219,609270,3,51,54,completed,1
10082,Rigid,609216,609219,609265,3,46,49,completed,1
10083,Rigid,609216,609219,609271,3,52,55,completed,1
10084,Rigid,609216,609219,609268,3,49,52,completed,1
10085,Rigid,609216,609219,609264,3,45,48,completed,1
10086,Rigid,609216,609219,609270,3,51,54,completed,1
10087,Rigid,609216,609219,609267,3,48,51,completed,1
10088,Rigid,609216,609219,609269,3,50,53,completed,1
10089,Rigid,609216,609219,609266,3,47,50,completed,1
10090,Rigid,609216,609219,609267,3,48,51,completed,1
10091,Rigid,609216,609219,609268,3,49,52,completed,1
10092,Rigid,609216,609219,609264,3,45,48,completed,1
10093,Rigid,609216,609219,609265,3,46,49,completed,1
10094,Rigid,609216,609219,609265,3,46,49,completed,1
10095,Rigid,609216,609219,609265,3,46,49,completed,1
10096,Rigid,609216,609219,609268,3,49,52,completed,1
10097,Rigid,609216,609219,609266,3,47,50,completed,1
10098,Rigid,609216,609219,609265,3,46,49,completed,1
10099,Rigid,609216,609219,609265,3,46,49,completed,1
10100,Rigid,609216,609219,609267,3,48,51,completed,1
10101,Rigid,609216,609219,609265,3,46,49,completed,1
10102,Rigid,609216,609219,609266,3,47,50,completed,1
10103,Rigid,609216,609219,609271,3,52,55,completed,1
10104,Rigid,609216,609219,609266,3,47,50,completed,1
10105,Rigid,609216,609219,609265,3,46,49,completed,1
10106,Rigid,609216,609219,609265,3,46,49,completed,1
10107,Rigid,609216,609219,609265,3,46,49,completed,1
10108,Rigid,609216,609219,609270,3,51,54,completed,1
10109,Rigid,609216,609219,609266,3,47,50,completed,1
10110,Rigid,609216,609219,609269,3,50,53,completed,1
10111,Rigid,609216,609219,609268,3,49,52,completed,1
10112,Rigid,609216,609219,609269,3,50,53,completed,1
10113,Rigid,609216,609219,609270,3,51,54,completed,1
10114,Rigid,609216,609219,609265,3,46,49,completed,1
10115,Rigid,609216,609219,609267,3,48,51,completed,1
10116,Rigid,609216,609219,609265,3,46,49,completed,1
10117,Rigid,609216,609219,609270,3,51,54,completed,1
10118,Rigid,609216,609219,609264,3,45,48,completed,1
10119,Rigid,609216,609219,609266,3,47,50,completed,1
10120,Rigid,609216,609219,609268,3,49,52,completed,1
10121,Rigid,609216,609219,609265,3,46,49,completed,1
10122,Rigid,609216,609219,609271,3,52,55,completed,1
10123,Rigid,609216,609219,609268,3,49,52,completed,1
10124,Rigid,609216,609219,609269,3,50,53,completed,1
10125,Rigid,609216,609219,609273,3,54,57,completed,1
10126,Rigid,609216,609219,609270,3,51,54,completed,1
10127,Rigid,609216,609219,609267,3,48,51,completed,1
10128,Rigid,609216,609219,609265,3,46,49,completed,1
10129,Rigid,609217,609219,609265,2,46,48,completed,1
10130,Rigid,609217,609219,609265,2,46,48,completed,1
10131,Rigid,609217,609219,609270,2,51,53,completed,1
10132,Rigid,609217,609219,609264,2,45,47,completed,1
10133,Rigid,609217,609219,609268,2,49,51,completed,1
10134,Rigid,609217,609219,609264,2,45,47,completed,1
10135,Rigid,609217,609219,609269,2,50,52,completed,1
10136,Rigid,609217,609219,609266,2,47,49,completed,1
10137,Rigid,609217,609219,609268,2,49,51,completed,1
10138,Rigid,609217,609219,609265,2,46,48,completed,1
10139,Rigid,609217,609219,609267,2,48,50,completed,1
10140,Rigid,609217,609219,609266,2,47,49,completed,1
10141,Rigid,609217,609219,609267,2,48,50,completed,1
10142,Rigid,609217,609219,609266,2,47,49,completed,1
10143,Rigid,609217,609219,609264,2,45,47,completed,1
10144,Rigid,609217,609219,609266,2,47,49,completed,1
10145,Rigid,609217,609219,609266,2,47,49,completed,1
10146,Rigid,609217,609219,609274,2,55,57,completed,1
10147,Rigid,609217,609219,609265,2,46,48,completed,1
10148,Rigid,609217,609219,609274,2,55,57,completed,1
10149,Rigid,609217,609219,609265,2,46,48,completed,1
10150,Rigid,609217,609219,609264,2,45,47,completed,1
10151,Rigid,609217,609219,609268,2,49,51,completed,1
10152,Rigid,609217,609219,609268,2,49,51,completed,1
10153,Rigid,609217,609219,609267,2,48,50,completed,1
10154,Rigid,609217,609219,609265,2,46,48,completed,1
10155,Rigid,609217,609219,609266,2,47,49,completed,1
10156,Rigid,609217,609219,609264,2,45,47,completed,1
10157,Rigid,609217,609219,609268,2,49,51,completed,1
10158,Rigid,609217,609219,609265,2,46,48,completed,1
10159,Rigid,609217,609219,609267,2,48,50,completed,1
10160,Rigid,609217,609219,609268,2,49,51,completed,1
10161,Rigid,609217,609219,609268,2,49,51,completed,1
10162,Rigid,609217,609219,609270,2,51,53,completed,1
10163,Rigid,609217,609219,609268,2,49,51,completed,1
10164,Rigid,609217,609219,609274,2,55,57,completed,1
10165,Rigid,609217,609219,609266,2,47,49,completed,1
10166,Rigid,609217,609219,609265,2,46,48,completed,1
10167,Rigid,609217,609219,609267,2,48,50,completed,1
10168,Rigid,609217,609219,609268,2,49,51,completed,1
10169,Rigid,609217,609219,609267,2,48,50,completed,1
10170,Rigid,609217,609219,609265,2,46,48,completed,1
10171,Rigid,609217,609219,609264,2,45,47,completed,1
10172,Rigid,609217,609219,609265,2,46,48,completed,1
10173,Rigid,609217,609219,609268,2,49,51,completed,1
10174,Rigid,609217,609219,609267,2,48,50,completed,1
10175,Rigid,609217,609219,609265,2,46,48,completed,1
10176,Rigid,609217,609219,609267,2,48,50,completed,1
10177,Rigid,609217,609219,609268,2,49,51,completed,1
10178,Rigid,609217,609219,609264,2,45,47,completed,1
10179,Rigid,609217,609219,609265,2,46,48,completed,1
10180,Rigid,609217,609219,609270,2,51,53,completed,1
10181,Rigid,609217,609219,609267,2,48,50,completed,1
10182,Rigid,609217,609219,609265,2,46,48,completed,1
10183,Rigid,609217,609219,609266,2,47,49,completed,1
10184,Rigid,609217,609219,609265,2,46,48,completed,1
10185,Rigid,609217,609219,609264,2,45,47,completed,1
10186,Rigid,609217,609219,609265,2,46,48,completed,1
10187,Rigid,609217,609219,609266,2,47,49,completed,1
10188,Rigid,609218,609219,609265,1,46,47,completed,1
10189,Rigid,609218,609219,609267,1,48,49,completed,1
10190,Rigid,609218,609219,609264,1,45,46,completed,1
10191,Rigid,609218,609219,609265,1,46,47,completed,1
10192,Rigid,609218,609219,609264,1,45,46,completed,1
10193,Rigid,609218,609219,609265,1,46,47,completed,1
10194,Rigid,609218,609219,609273,1,54,55,completed,1
10195,Rigid,609218,609219,609269,1,50,51,completed,1
10196,Rigid,609218,609219,609264,1,45,46,completed,1
10197,Rigid,609218,609219,609266,1,47,48,completed,1
10198,Rigid,609218,609219,609265,1,46,47,completed,1
10199,Rigid,609218,609219,609265,1,46,47,completed,1
10200,Rigid,609218,609219,609273,1,54,55,completed,1
10201,Rigid,609218,609219,609266,1,47,48,completed,1
10202,Rigid,609218,609219,609269,1,50,51,completed,1
10203,Rigid,609218,609219,609266,1,47,48,completed,1
10204,Rigid,609218,609219,609265,1,46,47,completed,1
10205,Rigid,609218,609219,609264,1,45,46,completed,1
10206,Rigid,609218,609219,609266,1,47,48,completed,1
10207,Rigid,609218,609219,609264,1,45,46,completed,1
10208,Rigid,609218,609219,609268,1,49,50,completed,1
10209,Rigid,609218,609219,609273,1,54,55,completed,1
10210,Rigid,609218,609219,609270,1,51,52,completed,1
10211,Rigid,609218,609219,609265,1,46,47,completed,1
10212,Rigid,609218,609219,609265,1,46,47,completed,1
10213,Rigid,609218,609219,609264,1,45,46,completed,1
10214,Rigid,609218,609219,609265,1,46,47,completed,1
10215,Rigid,609218,609219,609264,1,45,46,completed,1
10216,Rigid,609218,609219,609275,1,56,57,completed,1
10217,Rigid,609218,609219,609273,1,54,55,completed,1
10218,Rigid,609218,609219,609267,1,48,49,completed,1
10219,Rigid,609218,609219,609264,1,45,46,completed,1
10220,Rigid,609218,609219,609270,1,51,52,completed,1
10221,Rigid,609218,609219,609270,1,51,52,completed,1
10222,Rigid,609218,609219,609264,1,45,46,completed,1
10223,Rigid,609218,609219,609265,1,46,47,completed,1
10224,Rigid,609218,609219,609264,1,45,46,completed,1
10225,Rigid,609218,609219,609265,1,46,47,completed,1
10226,Rigid,609218,609219,609274,1,55,56,completed,1
10227,Rigid,609218,609219,609264,1,45,46,completed,1
10228,Rigid,609218,609219,609264,1,45,46,completed,1
10229,Rigid,609218,609219,609264,1,45,46,completed,1
10230,Rigid,609218,609219,609264,1,45,46,completed,1
10231,Rigid,609218,609219,609271,1,52,53,completed,1
10232,Rigid,609218,609219,609264,1,45,46,completed,1
10233,Rigid,609218,609219,609264,1,45,46,completed,1
10234,Rigid,609218,609219,609264,1,45,46,completed,1
10235,Rigid,609218,609219,609264,1,45,46,completed,1
10236,Rigid,609218,609219,609264,1,45,46,completed,1
10237,Rigid,609218,609219,609265,1,46,47,completed,1
10238,Rigid,609265,609265,609298,0,33,33,completed,1
10239,Rigid,609265,609265,609299,0,34,34,completed,1
10240,Rigid,609266,609266,609300,0,34,34,completed,1
10241,Rigid,609266,609266,609299,0,33,33,completed,1
10242,Rigid,609266,609266,609298,0,32,32,completed,1
10243,Rigid,609266,609266,609300,0,34,34,completed,1
10244,Rigid,609266,609266,609299,0,33,33,completed,1
10245,Rigid,609266,609266,609299,0,33,33,completed,1
10246,Rigid,609267,609267,609299,0,32,32,completed,1
10247,Rigid,609267,609267,609298,0,31,31,completed,1
10248,Rigid,609267,609267,609299,0,32,32,completed,1
10249,Rigid,609267,609267,609300,0,33,33,completed,1
10250,Rigid,609267,609267,609298,0,31,31,completed,1
10251,Rigid,609267,609267,609299,0,32,32,completed,1
10252,Rigid,609268,609268,609300,0,32,32,completed,1
10253,Rigid,609268,609268,609298,0,30,30,completed,1
10254,Rigid,609268,609268,609299,0,31,31,completed,1
10255,Rigid,609268,609268,609296,0,28,28,completed,1
10256,Rigid,609268,609268,609296,0,28,28,completed,1
10257,Rigid,609268,609268,609296,0,28,28,completed,1
10258,Rigid,609268,609268,609296,0,28,28,completed,1
10259,Rigid,609269,609269,609296,0,27,27,completed,1
10260,Rigid,609269,609269,609296,0,27,27,completed,1
10261,Rigid,609269,609269,609296,0,27,27,completed,1
10262,Rigid,609269,609269,609297,0,28,28,completed,1
10263,Rigid,609269,609269,609296,0,27,27,completed,1
10264,Rigid,609269,609269,609296,0,27,27,completed,1
10265,Rigid,609269,609269,609296,0,27,27,completed,1
10266,Rigid,609270,609270,609296,0,26,26,completed,1
10267,Rigid,609270,609270,609296,0,26,26,completed,1
10268,Rigid,609270,609270,609296,0,26,26,completed,1
10269,Rigid,609270,609270,609300,0,30,30,completed,1
10270,Rigid,609270,609270,609299,0,29,29,completed,1
10271,Rigid,609270,609270,609298,0,28,28,completed,1
10272,Rigid,609270,609270,609300,0,30,30,completed,1
10273,Rigid,609270,609270,609298,0,28,28,completed,1
10274,Rigid,609270,609270,609299,0,29,29,completed,1
10275,Rigid,609282,609282,609299,0,17,17,completed,1
10276,Rigid,609282,609282,609299,0,17,17,completed,1
10277,Rigid,609283,609286,609323,3,37,40,completed,1
10278,Rigid,609283,609286,609324,3,38,41,completed,1
10279,Rigid,609283,609286,609323,3,37,40,completed,1
10280,Rigid,609283,609286,609323,3,37,40,completed,1
10281,Rigid,609283,609286,609323,3,37,40,completed,1
10282,Rigid,609283,609286,609324,3,38,41,completed,1
10283,Rigid,609283,609286,609324,3,38,41,completed,1
10284,Rigid,609283,609286,609323,3,37,40,completed,1
10285,Rigid,609283,609286,609324,3,38,41,completed,1
10286,Rigid,609283,609286,609324,3,38,41,completed,1
10287,Rigid,609284,609286,609323,2,37,39,completed,1
10288,Rigid,609284,609286,609323,2,37,39,completed,1
10289,Rigid,609284,609286,609323,2,37,39,completed,1
10290,Rigid,609284,609286,609323,2,37,39,completed,1
10291,Rigid,609284,609286,609324,2,38,40,completed,1
10292,Rigid,609284,609286,609324,2,38,40,completed,1
10293,Rigid,609284,609286,609324,2,38,40,completed,1
10294,Rigid,609284,609286,609323,2,37,39,completed,1
10295,Rigid,609284,609286,609323,2,37,39,completed,1
10296,Rigid,609284,609286,609324,2,38,40,completed,1
10297,Rigid,609285,609286,609324,1,38,39,completed,1
10298,Rigid,609285,609286,609325,1,39,40,completed,1
10299,Rigid,609285,609286,609324,1,38,39,completed,1
10300,Rigid,609285,609286,609324,1,38,39,completed,1
10301,Rigid,609285,609286,609325,1,39,40,completed,1
10302,Rigid,609285,609286,609325,1,39,40,completed,1
10303,Rigid,609285,609286,609323,1,37,38,completed,1
10304,Rigid,609285,609286,609329,1,43,44,completed,1
10305,Rigid,609285,609286,609323,1,37,38,completed,1
10306,Rigid,609285,609286,609329,1,43,44,completed,1
10307,Rigid,609286,609286,609325,0,39,39,completed,1
10308,Rigid,609286,609286,609324,0,38,38,completed,1
10309,Rigid,609286,609286,609324,0,38,38,completed,1
10310,Rigid,609286,609286,609325,0,39,39,completed,1
10311,Rigid,609286,609286,609324,0,38,38,completed,1
10312,Rigid,609286,609286,609323,0,37,37,completed,1
10313,Rigid,609286,609286,609334,0,48,48,completed,1
10314,Rigid,609286,609286,609323,0,37,37,completed,1
10315,Rigid,609286,609286,609323,0,37,37,completed,1
10316,Rigid,609286,609286,609324,0,38,38,completed,1
10317,Rigid,609287,609290,609334,3,44,47,completed,1
10318,Rigid,609287,609290,609340,3,50,53,completed,1
10319,Rigid,609287,609290,609334,3,44,47,completed,1
10320,Rigid,609287,609290,609334,3,44,47,completed,1
10321,Rigid,609287,609290,609335,3,45,48,completed,1
10322,Rigid,609288,609290,609334,2,44,46,completed,1
10323,Rigid,609288,609290,609334,2,44,46,completed,1
10324,Rigid,609288,609290,609334,2,44,46,completed,1
10325,Rigid,609288,609290,609343,2,53,55,completed,1
10326,Rigid,609288,609290,609334,2,44,46,completed,1
10327,Rigid,609288,609290,609334,2,44,46,completed,1
10328,Rigid,609288,609290,609334,2,44,46,completed,1
10329,Rigid,609288,609290,609335,2,45,47,completed,1
10330,Rigid,609288,609290,609334,2,44,46,completed,1
10331,Rigid,609288,609290,609334,2,44,46,completed,1
10332,Rigid,609288,609290,609334,2,44,46,completed,1
10333,Rigid,609288,609290,609339,2,49,51,completed,1
10334,Rigid,609288,609290,609339,2,49,51,completed,1
10335,Rigid,609288,609290,609341,2,51,53,completed,1
10336,Rigid,609288,609290,609340,2,50,52,completed,1
10337,Rigid,609289,609290,609341,1,51,52,completed,1
10338,Rigid,609289,609290,609342,1,52,53,completed,1
10339,Rigid,609289,609290,609339,1,49,50,completed,1
10340,Rigid,609290,609290,609336,0,46,46,completed,1
10341,Rigid,609290,609290,609338,0,48,48,completed,1
10342,Rigid,609290,609290,609338,0,48,48,completed,1
10343,Rigid,609290,609290,609340,0,50,50,completed,1
10344,Rigid,609290,609290,609341,0,51,51,completed,1
10345,Rigid,609290,609290,609338,0,48,48,completed,1
10346,Rigid,609290,609290,609340,0,50,50,completed,1
10347,Rigid,609290,609290,609337,0,47,47,completed,1
10348,Rigid,609290,609290,609340,0,50,50,completed,1
10349,Rigid,609290,609290,609337,0,47,47,completed,1
10350,Rigid,609290,609290,609338,0,48,48,completed,1
10351,Rigid,609290,609290,609340,0,50,50,completed,1
10352,Rigid,609290,609290,609340,0,50,50,completed,1
10353,Rigid,609290,609290,609341,0,51,51,completed,1
10354,Rigid,609290,609290,609339,0,49,49,completed,1
10355,Rigid,609291,609294,609339,3,45,48,completed,1
10356,Rigid,609291,609294,609340,3,46,49,completed,1
10357,Rigid,609291,609294,609341,3,47,50,completed,1
10358,Rigid,609291,609294,609339,3,45,48,completed,1
10359,Rigid,609291,609294,609335,3,41,44,completed,1
10360,Rigid,609291,609294,609340,3,46,49,completed,1
10361,Rigid,609291,609294,609337,3,43,46,completed,1
10362,Rigid,609291,609294,609341,3,47,50,completed,1
10363,Rigid,609291,609294,609340,3,46,49,completed,1
10364,Rigid,609291,609294,609338,3,44,47,completed,1
10365,Rigid,609291,609294,609343,3,49,52,completed,1
10366,Rigid,609292,609294,609339,2,45,47,completed,1
10367,Rigid,609292,609294,609340,2,46,48,completed,1
10368,Rigid,609292,609294,609340,2,46,48,completed,1
10369,Rigid,609292,609294,609341,2,47,49,completed,1
10370,Rigid,609292,609294,609337,2,43,45,completed,1
10371,Rigid,609292,609294,609336,2,42,44,completed,1
10372,Rigid,609292,609294,609336,2,42,44,completed,1
10373,Rigid,609292,609294,609337,2,43,45,completed,1
10374,Rigid,609292,609294,609338,2,44,46,completed,1
10375,Rigid,609293,609294,609340,1,46,47,completed,1
10376,Rigid,609293,609294,609337,1,43,44,completed,1
10377,Rigid,609293,609294,609336,1,42,43,completed,1
10378,Rigid,609293,609294,609343,1,49,50,completed,1
10379,Rigid,609293,609294,609339,1,45,46,completed,1
10380,Rigid,609293,609294,609339,1,45,46,completed,1
10381,Rigid,609293,609294,609338,1,44,45,completed,1
10382,Rigid,609293,609294,609339,1,45,46,completed,1
10383,Rigid,609293,609294,609341,1,47,48,completed,1
10384,Rigid,609293,609294,609338,1,44,45,completed,1
10385,Rigid,609294,609294,609340,0,46,46,completed,1
10386,Rigid,609294,609294,609338,0,44,44,completed,1
10387,Rigid,609294,609294,609336,0,42,42,completed,1
10388,Rigid,609294,609294,609340,0,46,46,completed,1
10389,Rigid,609294,609294,609338,0,44,44,completed,1
10390,Rigid,609294,609294,609341,0,47,47,completed,1
10391,Rigid,609294,609294,609342,0,48,48,completed,1
10392,Rigid,609294,609294,609340,0,46,46,completed,1
10393,Rigid,609294,609294,609339,0,45,45,completed,1
10394,Rigid,609294,609294,609338,0,44,44,completed,1
10395,Rigid,609295,609295,609342,0,47,47,completed,1
10396,Rigid,609295,609295,609338,0,43,43,completed,1
10397,Rigid,609295,609295,609338,0,43,43,completed,1
10398,Rigid,609295,609295,609336,0,41,41,completed,1
10399,Rigid,609295,609295,609338,0,43,43,completed,1
10400,Rigid,609295,609295,609339,0,44,44,completed,1
10401,Rigid,609295,609295,609342,0,47,47,completed,1
10402,Rigid,609295,609295,609338,0,43,43,completed,1
10403,Rigid,609295,609295,609341,0,46,46,completed,1
10404,Rigid,609295,609295,609338,0,43,43,completed,1
10405,Rigid,609296,609297,609335,1,38,39,completed,1
10406,Rigid,609296,609297,609340,1,43,44,completed,1
10407,Rigid,609296,609297,609336,1,39,40,completed,1
10408,Rigid,609296,609297,609338,1,41,42,completed,1
10409,Rigid,609296,609297,609339,1,42,43,completed,1
10410,Rigid,609296,609297,609339,1,42,43,completed,1
10411,Rigid,609296,609297,609339,1,42,43,completed,1
10412,Rigid,609296,609297,609340,1,43,44,completed,1
10413,Rigid,609296,609297,609340,1,43,44,completed,1
10414,Rigid,609296,609297,609340,1,43,44,completed,1
10415,Rigid,609297,609297,609337,0,40,40,completed,1
10416,Rigid,609297,609297,609334,0,37,37,completed,1
10417,Rigid,609297,609297,609339,0,42,42,completed,1
10418,Rigid,609297,609297,609339,0,42,42,completed,1
10419,Rigid,609297,609297,609340,0,43,43,completed,1
10420,Rigid,609297,609297,609341,0,44,44,completed,1
10421,Rigid,609297,609297,609341,0,44,44,completed,1
10422,Rigid,609297,609297,609340,0,43,43,completed,1
10423,Rigid,609297,609297,609341,0,44,44,completed,1
10424,Rigid,609297,609297,609340,0,43,43,completed,1
10425,Rigid,609298,609298,609336,0,38,38,completed,1
10426,Rigid,609298,609298,609336,0,38,38,completed,1
10427,Rigid,609298,609298,609334,0,36,36,completed,1
10428,Rigid,609298,609298,609343,0,45,45,completed,1
10429,Rigid,609298,609298,609338,0,40,40,completed,1
10430,Rigid,609298,609298,609339,0,41,41,completed,1
10431,Rigid,609298,609299,609338,1,39,40,completed,1
10432,Rigid,609298,609299,609340,1,41,42,completed,1
10433,Rigid,609298,609299,609339,1,40,41,completed,1
10434,Rigid,609298,609299,609339,1,40,41,completed,1
10435,Rigid,609299,609299,609337,0,38,38,completed,1
10436,Rigid,609299,609299,609341,0,42,42,completed,1
10437,Rigid,609299,609299,609339,0,40,40,completed,1
10438,Rigid,609299,609299,609336,0,37,37,completed,1
10439,Rigid,609299,609299,609341,0,42,42,completed,1
10440,Rigid,609299,609299,609339,0,40,40,completed,1
10441,Rigid,609299,609299,609327,0,28,28,completed,1
10442,Rigid,609299,609299,609327,0,28,28,completed,1
10443,Rigid,609300,609300,609327,0,27,27,completed,1
10444,Rigid,609300,609300,609327,0,27,27,completed,1
10445,Rigid,609310,609311,609365,1,54,55,completed,1
10446,Rigid,609310,609311,609367,1,56,57,completed,1
10447,Rigid,609326,609326,609368,0,42,42,completed,1
10448,Rigid,609326,609326,609367,0,41,41,completed,1
10449,Rigid,609327,609327,609363,0,36,36,completed,1
10450,Rigid,609327,609327,609362,0,35,35,completed,1
10451,Rigid,609327,609327,609362,0,35,35,completed,1
10452,Rigid,609327,609327,609362,0,35,35,completed,1
10453,Rigid,609327,609327,609362,0,35,35,completed,1
10454,Rigid,609327,609328,609363,1,35,36,completed,1
10455,Rigid,609327,609328,609362,1,34,35,completed,1
10456,Rigid,609327,609328,609362,1,34,35,completed,1
10457,Rigid,609327,609328,609364,1,36,37,completed,1
10458,Rigid,609327,609328,609361,1,33,34,completed,1
10459,Rigid,609328,609328,609362,0,34,34,completed,1
10460,Rigid,609328,609328,609361,0,33,33,completed,1
10461,Rigid,609328,609328,609363,0,35,35,completed,1
10462,Rigid,609328,609330,609368,2,38,40,completed,1
10463,Rigid,609328,609330,609367,2,37,39,completed,1
10464,Rigid,609328,609330,609368,2,38,40,completed,1
10465,Rigid,609328,609330,609368,2,38,40,completed,1
10466,Rigid,609328,609330,609369,2,39,41,completed,1
10467,Rigid,609328,609330,609369,2,39,41,completed,1
10468,Rigid,609329,609330,609369,1,39,40,completed,1
10469,Rigid,609329,609330,609369,1,39,40,completed,1
10470,Rigid,609329,609330,609369,1,39,40,completed,1
10471,Rigid,609329,609330,609365,1,35,36,completed,1
10472,Rigid,609329,609330,609368,1,38,39,completed,1
10473,Rigid,609329,609330,609367,1,37,38,completed,1
10474,Rigid,609329,609330,609369,1,39,40,completed,1
10475,Rigid,609329,609330,609369,1,39,40,completed,1
10476,Rigid,609329,609330,609368,1,38,39,completed,1
10477,Rigid,609329,609330,609370,1,40,41,completed,1
10478,Rigid,609329,609330,609367,1,37,38,completed,1
10479,Rigid,609341,609341,609368,0,27,27,completed,1
10480,Rigid,609341,609341,609369,0,28,28,completed,1
10481,Rigid,609341,609341,609369,0,28,28,completed,1
10482,Rigid,609341,609341,609369,0,28,28,completed,1
10483,Rigid,609341,609341,609368,0,27,27,completed,1
10484,Rigid,609341,609341,609368,0,27,27,completed,1
10485,Rigid,609342,609342,609369,0,27,27,completed,1
10486,Rigid,609342,609342,609370,0,28,28,completed,1
10487,Rigid,609342,609342,609370,0,28,28,completed,1
10488,Rigid,609342,609342,609370,0,28,28,completed,1
10489,Rigid,609342,609342,609369,0,27,27,completed,1
10490,Rigid,609342,609342,609370,0,28,28,completed,1
10491,Rigid,609342,609342,609371,0,29,29,completed,1
10492,Rigid,609342,609342,609370,0,28,28,completed,1
10493,Rigid,609342,609342,609369,0,27,27,completed,1
10494,Rigid,609342,609342,609364,0,22,22,completed,1
10495,Rigid,609343,609343,609361,0,18,18,completed,1
10496,Rigid,609343,609343,609361,0,18,18,completed,1
10497,Rigid,609343,609343,609361,0,18,18,completed,1
10498,Rigid,609343,609343,609361,0,18,18,completed,1
10499,Rigid,609343,609343,609361,0,18,18,completed,1
10500,Rigid,609343,609343,609361,0,18,18,completed,1
10501,Rigid,609343,609343,609361,0,18,18,completed,1
10502,Rigid,609343,609343,609362,0,19,19,completed,1
10503,Rigid,609343,609343,609363,0,20,20,completed,1
10504,Rigid,609343,609343,609362,0,19,19,completed,1
10505,Rigid,609344,609344,609363,0,19,19,completed,1
10506,Rigid,609344,609344,609364,0,20,20,completed,1
10507,Rigid,609344,609344,609363,0,19,19,completed,1
10508,Rigid,609344,609344,609363,0,19,19,completed,1
10509,Rigid,609344,609345,609369,1,24,25,completed,1
10510,Rigid,609344,609345,609369,1,24,25,completed,1
10511,Rigid,609344,609345,609370,1,25,26,completed,1
10512,Rigid,609344,609345,609370,1,25,26,completed,1
10513,Rigid,609344,609345,609368,1,23,24,completed,1
10514,Rigid,609344,609345,609368,1,23,24,completed,1
10515,Rigid,609345,609345,609369,0,24,24,completed,1
10516,Rigid,609345,609345,609370,0,25,25,completed,1
10517,Rigid,609345,609345,609369,0,24,24,completed,1
10518,Rigid,609345,609345,609369,0,24,24,completed,1
10519,Rigid,609345,609345,609368,0,23,23,completed,1
10520,Rigid,609345,609345,609370,0,25,25,completed,1
10521,Rigid,609345,609345,609368,0,23,23,completed,1
10522,Rigid,609345,609345,609369,0,24,24,completed,1
10523,Rigid,609345,609345,609370,0,25,25,completed,1
10524,Rigid,609345,609345,609368,0,23,23,completed,1
10525,Rigid,609346,609349,609395,3,46,49,completed,1
10526,Rigid,609346,609349,609392,3,43,46,completed,1
10527,Rigid,609346,609349,609393,3,44,47,completed,1
10528,Rigid,609346,609349,609393,3,44,47,completed,1
10529,Rigid,609346,609349,609392,3,43,46,completed,1
10530,Rigid,609346,609349,609393,3,44,47,completed,1
10531,Rigid,609346,609349,609392,3,43,46,completed,1
10532,Rigid,609346,609349,609392,3,43,46,completed,1
10533,Rigid,609346,609349,609393,3,44,47,completed,1
10534,Rigid,609346,609349,609393,3,44,47,completed,1
10535,Rigid,609347,609349,609393,2,44,46,completed,1
10536,Rigid,609347,609349,609391,2,42,44,completed,1
10537,Rigid,609347,609349,609395,2,46,48,completed,1
10538,Rigid,609347,609349,609395,2,46,48,completed,1
10539,Rigid,609347,609349,609393,2,44,46,completed,1
10540,Rigid,609347,609349,609393,2,44,46,completed,1
10541,Rigid,609347,609349,609397,2,48,50,completed,1
10542,Rigid,609347,609349,609391,2,42,44,completed,1
10543,Rigid,609347,609349,609392,2,43,45,completed,1
10544,Rigid,609347,609349,609392,2,43,45,completed,1
10545,Rigid,609348,609349,609395,1,46,47,completed,1
10546,Rigid,609348,609349,609393,1,44,45,completed,1
10547,Rigid,609348,609349,609396,1,47,48,completed,1
10548,Rigid,609348,609349,609395,1,46,47,completed,1
10549,Rigid,609348,609349,609397,1,48,49,completed,1
10550,Rigid,609348,609349,609394,1,45,46,completed,1
10551,Rigid,609348,609349,609397,1,48,49,completed,1
10552,Rigid,609348,609349,609395,1,46,47,completed,1
10553,Rigid,609348,609349,609395,1,46,47,completed,1
10554,Rigid,609348,609349,609396,1,47,48,completed,1
10555,Rigid,609349,609349,609396,0,47,47,completed,1
10556,Rigid,609349,609349,609395,0,46,46,completed,1
10557,Rigid,609349,609349,609393,0,44,44,completed,1
10558,Rigid,609349,609349,609396,0,47,47,completed,1
10559,Rigid,609349,609349,609395,0,46,46,completed,1
10560,Rigid,609349,609349,609396,0,47,47,completed,1
10561,Rigid,609349,609349,609396,0,47,47,completed,1
10562,Rigid,609349,609349,609396,0,47,47,completed,1
10563,Rigid,609349,609349,609396,0,47,47,completed,1
10564,Rigid,609349,609349,609397,0,48,48,completed,1
10565,Rigid,609350,609353,609396,3,43,46,completed,1
10566,Rigid,609350,609353,609395,3,42,45,completed,1
10567,Rigid,609350,609353,609395,3,42,45,completed,1
10568,Rigid,609350,609353,609396,3,43,46,completed,1
10569,Rigid,609350,609353,609395,3,42,45,completed,1
10570,Rigid,609350,609353,609395,3,42,45,completed,1
10571,Rigid,609350,609353,609395,3,42,45,completed,1
10572,Rigid,609350,609353,609391,3,38,41,completed,1
10573,Rigid,609350,609353,609392,3,39,42,completed,1
10574,Rigid,609350,609353,609392,3,39,42,completed,1
10575,Rigid,609351,609353,609392,2,39,41,completed,1
10576,Rigid,609351,609353,609391,2,38,40,completed,1
10577,Rigid,609351,609353,609393,2,40,42,completed,1
10578,Rigid,609351,609353,609393,2,40,42,completed,1
10579,Rigid,609351,609353,609392,2,39,41,completed,1
10580,Rigid,609351,609353,609392,2,39,41,completed,1
10581,Rigid,609351,609353,609392,2,39,41,completed,1
10582,Rigid,609351,609353,609395,2,42,44,completed,1
10583,Rigid,609351,609353,609392,2,39,41,completed,1
10584,Rigid,609351,609353,609391,2,38,40,completed,1
10585,Rigid,609352,609353,609392,1,39,40,completed,1
10586,Rigid,609352,609353,609391,1,38,39,completed,1
10587,Rigid,609352,609353,609393,1,40,41,completed,1
10588,Rigid,609352,609353,609391,1,38,39,completed,1
10589,Rigid,609352,609353,609398,1,45,46,completed,1
10590,Rigid,609352,609353,609400,1,47,48,completed,1
10591,Rigid,609352,609353,609400,1,47,48,completed,1
10592,Rigid,609352,609353,609400,1,47,48,completed,1
10593,Rigid,609352,609353,609400,1,47,48,completed,1
10594,Rigid,609352,609353,609398,1,45,46,completed,1
10595,Rigid,609353,609353,609399,0,46,46,completed,1
10596,Rigid,609353,609355,609398,2,43,45,completed,1
10597,Rigid,609353,609355,609400,2,45,47,completed,1
10598,Rigid,609353,609355,609397,2,42,44,completed,1
10599,Rigid,609353,609355,609399,2,44,46,completed,1
10600,Rigid,609353,609355,609399,2,44,46,completed,1
10601,Rigid,609353,609355,609398,2,43,45,completed,1
10602,Rigid,609353,609355,609398,2,43,45,completed,1
10603,Rigid,609353,609355,609395,2,40,42,completed,1
10604,Rigid,609354,609355,609397,1,42,43,completed,1
10605,Rigid,609354,609355,609397,1,42,43,completed,1
10606,Rigid,609354,609355,609399,1,44,45,completed,1
10607,Rigid,609354,609355,609399,1,44,45,completed,1
10608,Rigid,609354,609355,609398,1,43,44,completed,1
10609,Rigid,609354,609355,609397,1,42,43,completed,1
10610,Rigid,609354,609355,609401,1,46,47,completed,1
10611,Rigid,609354,609355,609397,1,42,43,completed,1
10612,Rigid,609354,609355,609399,1,44,45,completed,1
10613,Rigid,609354,609355,609398,1,43,44,completed,1
10614,Rigid,609354,609355,609400,1,45,46,completed,1
10615,Rigid,609355,609355,609398,0,43,43,completed,1
10616,Rigid,609355,609355,609397,0,42,42,completed,1
10617,Rigid,609355,609355,609401,0,46,46,completed,1
10618,Rigid,609355,609355,609397,0,42,42,completed,1
10619,Rigid,609355,609355,609397,0,42,42,completed,1
10620,Rigid,609355,609359,609401,4,42,46,completed,1
10621,Rigid,609355,609359,609398,4,39,43,completed,1
10622,Rigid,609355,609359,609396,4,37,41,completed,1
10623,Rigid,609355,609359,609398,4,39,43,completed,1
10624,Rigid,609355,609359,609399,4,40,44,completed,1
10625,Rigid,609356,609359,609394,3,35,38,completed,1
10626,Rigid,609356,609359,609395,3,36,39,completed,1
10627,Rigid,609356,609359,609393,3,34,37,completed,1
10628,Rigid,609356,609359,609392,3,33,36,completed,1
10629,Rigid,609356,609359,609392,3,33,36,completed,1
10630,Rigid,609356,609359,609394,3,35,38,completed,1
10631,Rigid,609356,609359,609393,3,34,37,completed,1
10632,Rigid,609356,609359,609392,3,33,36,completed,1
10633,Rigid,609356,609359,609393,3,34,37,completed,1
10634,Rigid,609356,609359,609392,3,33,36,completed,1
10635,Rigid,609357,609359,609392,2,33,35,completed,1
10636,Rigid,609357,609359,609392,2,33,35,completed,1
10637,Rigid,609357,609359,609393,2,34,36,completed,1
10638,Rigid,609357,609359,609392,2,33,35,completed,1
10639,Rigid,609357,609359,609395,2,36,38,completed,1
10640,Rigid,609357,609359,609394,2,35,37,completed,1
10641,Rigid,609357,609359,609393,2,34,36,completed,1
10642,Rigid,609357,609359,609393,2,34,36,completed,1
10643,Rigid,609357,609359,609392,2,33,35,completed,1
10644,Rigid,609357,609359,609559,2,200,202,completed,1
10645,Rigid,609369,609369,609420,0,51,51,completed,1
10646,Rigid,609369,609369,609418,0,49,49,completed,1
10647,Rigid,609369,609369,609418,0,49,49,completed,1
10648,Rigid,609369,609369,609418,0,49,49,completed,1
10649,Rigid,609369,609369,609419,0,50,50,completed,1
10650,Rigid,609369,609369,609420,0,51,51,completed,1
10651,Rigid,609370,609370,609419,0,49,49,completed,1
10652,Rigid,609370,609370,609419,0,49,49,completed,1
10653,Rigid,609370,609370,609419,0,49,49,completed,1
10654,Rigid,609370,609370,609418,0,48,48,completed,1
10655,Rigid,609370,609370,609418,0,48,48,completed,1
10656,Rigid,609370,609370,609416,0,46,46,completed,1
10657,Rigid,609370,609370,609418,0,48,48,completed,1
10658,Rigid,609370,609370,609416,0,46,46,completed,1
10659,Rigid,609370,609370,609418,0,48,48,completed,1
10660,Rigid,609370,609370,609418,0,48,48,completed,1
10661,Rigid,609371,609371,609416,0,45,45,completed,1
10662,Rigid,609371,609371,609416,0,45,45,completed,1
10663,Rigid,609371,609371,609415,0,44,44,completed,1
10664,Rigid,609371,609371,609415,0,44,44,completed,1
10665,Rigid,609371,609371,609416,0,45,45,completed,1
10666,Rigid,609371,609371,609417,0,46,46,completed,1
10667,Rigid,609371,609371,609416,0,45,45,completed,1
10668,Rigid,609371,609371,609416,0,45,45,completed,1
10669,Rigid,609371,609371,609415,0,44,44,completed,1
10670,Rigid,609371,609371,609417,0,46,46,completed,1
10671,Rigid,609372,609372,609417,0,45,45,completed,1
10672,Rigid,609372,609372,609417,0,45,45,completed,1
10673,Rigid,609372,609372,609420,0,48,48,completed,1
10674,Rigid,609372,609372,609417,0,45,45,completed,1
10675,Rigid,609372,609372,609417,0,45,45,completed,1
10676,Rigid,609372,609372,609418,0,46,46,completed,1
10677,Rigid,609384,609384,609419,0,35,35,completed,1
10678,Rigid,609384,609384,609419,0,35,35,completed,1
10679,Rigid,609384,609384,609418,0,34,34,completed,1
10680,Rigid,609384,609384,609418,0,34,34,completed,1
10681,Rigid,609385,609388,609420,3,32,35,completed,1
10682,Rigid,609385,609388,609418,3,30,33,completed,1
10683,Rigid,609385,609388,609420,3,32,35,completed,1
10684,Rigid,609385,609388,609419,3,31,34,completed,1
10685,Rigid,609385,609388,609417,3,29,32,completed,1
10686,Rigid,609385,609388,609419,3,31,34,completed,1
10687,Rigid,609386,609388,609420,2,32,34,completed,1
10688,Rigid,609386,609388,609420,2,32,34,completed,1
10689,Rigid,609386,609388,609419,2,31,33,completed,1
10690,Rigid,609386,609388,609418,2,30,32,completed,1
10691,Rigid,609386,609388,609420,2,32,34,completed,1
10692,Rigid,609387,609388,609418,1,30,31,completed,1
10693,Rigid,609387,609388,609420,1,32,33,completed,1
10694,Rigid,609387,609388,609418,1,30,31,completed,1
10695,Rigid,609388,609388,609416,0,28,28,completed,1
10696,Rigid,609388,609388,609418,0,30,30,completed,1
10697,Rigid,609388,609388,609419,0,31,31,completed,1
10698,Rigid,609388,609388,609416,0,28,28,completed,1
10699,Rigid,609388,609388,609418,0,30,30,completed,1
10700,Rigid,609388,609388,609416,0,28,28,completed,1
10701,Rigid,609388,609388,609418,0,30,30,completed,1
10702,Rigid,609388,609388,609418,0,30,30,completed,1
10703,Rigid,609388,609388,609418,0,30,30,completed,1
10704,Rigid,609388,609388,609416,0,28,28,completed,1
10705,Rigid,609388,609388,609415,0,27,27,completed,1
10706,Rigid,609388,609388,609415,0,27,27,completed,1
10707,Rigid,609388,609390,609416,2,26,28,completed,1
10708,Rigid,609388,609390,609415,2,25,27,completed,1
10709,Rigid,609388,609390,609416,2,26,28,completed,1
10710,Rigid,609388,609390,609415,2,25,27,completed,1
10711,Rigid,609401,609401,609457,0,56,56,completed,1
10712,Rigid,609401,609402,609453,1,51,52,completed,1
10713,Rigid,609401,609402,609455,1,53,54,completed,1
10714,Rigid,609402,609403,609452,1,49,50,completed,1
10715,Rigid,609404,609406,609455,2,49,51,completed,1
10716,Rigid,609404,609406,609453,2,47,49,completed,1
10717,Rigid,609404,609406,609454,2,48,50,completed,1
10718,Rigid,609404,609406,609452,2,46,48,completed,1
10719,Rigid,609404,609406,609452,2,46,48,completed,1
10720,Rigid,609404,609406,609454,2,48,50,completed,1
10721,Rigid,609404,609406,609452,2,46,48,completed,1
10722,Rigid,609404,609406,609455,2,49,51,completed,1
10723,Rigid,609404,609406,609452,2,46,48,completed,1
10724,Rigid,609406,609410,609452,4,42,46,completed,1
10725,Rigid,609406,609410,609452,4,42,46,completed,1
10726,Rigid,609406,609410,609452,4,42,46,completed,1
10727,Rigid,609406,609410,609452,4,42,46,completed,1
10728,Rigid,609406,609410,609455,4,45,49,completed,1
10729,Rigid,609406,609410,609452,4,42,46,completed,1
10730,Rigid,609407,609410,609455,3,45,48,completed,1
10731,Rigid,609407,609410,609455,3,45,48,completed,1
10732,Rigid,609407,609410,609452,3,42,45,completed,1
10733,Rigid,609407,609410,609453,3,43,46,completed,1
10734,Rigid,609407,609410,609454,3,44,47,completed,1
10735,Rigid,609407,609410,609454,3,44,47,completed,1
10736,Rigid,609407,609410,609454,3,44,47,completed,1
10737,Rigid,609407,609410,609453,3,43,46,completed,1
10738,Rigid,609407,609410,609453,3,43,46,completed,1
10739,Rigid,609407,609410,609453,3,43,46,completed,1
10740,Rigid,609407,609410,609454,3,44,47,completed,1
10741,Rigid,609407,609410,609452,3,42,45,completed,1
10742,Rigid,609407,609410,609452,3,42,45,completed,1
10743,Rigid,609407,609410,609452,3,42,45,completed,1
10744,Rigid,609407,609410,609452,3,42,45,completed,1
10745,Rigid,609407,609410,609452,3,42,45,completed,1
10746,Rigid,609407,609410,609452,3,42,45,completed,1
10747,Rigid,609407,609410,609452,3,42,45,completed,1
10748,Rigid,609407,609410,609452,3,42,45,completed,1
10749,Rigid,609407,609410,609452,3,42,45,completed,1
10750,Rigid,609407,609410,609452,3,42,45,completed,1
10751,Rigid,609407,609410,609452,3,42,45,completed,1
10752,Rigid,609407,609410,609452,3,42,45,completed,1
10753,Rigid,609408,609410,609452,2,42,44,completed,1
10754,Rigid,609408,609410,609452,2,42,44,completed,1
10755,Rigid,609408,609410,609452,2,42,44,completed,1
10756,Rigid,609408,609410,609452,2,42,44,completed,1
10757,Rigid,609408,609410,609452,2,42,44,completed,1
10758,Rigid,609408,609410,609452,2,42,44,completed,1
10759,Rigid,609408,609410,609452,2,42,44,completed,1
10760,Rigid,609408,609410,609452,2,42,44,completed,1
10761,Rigid,609408,609410,609452,2,42,44,completed,1
10762,Rigid,609408,609410,609452,2,42,44,completed,1
10763,Rigid,609408,609410,609452,2,42,44,completed,1
10764,Rigid,609408,609410,609452,2,42,44,completed,1
10765,Rigid,609408,609410,609452,2,42,44,completed,1
10766,Rigid,609408,609410,609452,2,42,44,completed,1
10767,Rigid,609408,609410,609452,2,42,44,completed,1
10768,Rigid,609408,609410,609452,2,42,44,completed,1
10769,Rigid,609408,609410,609452,2,42,44,completed,1
10770,Rigid,609408,609410,609452,2,42,44,completed,1
10771,Rigid,609409,609410,609452,1,42,43,completed,1
10772,Rigid,609409,609410,609452,1,42,43,completed,1
10773,Rigid,609409,609410,609452,1,42,43,completed,1
10774,Rigid,609409,609410,609452,1,42,43,completed,1
10775,Rigid,609409,609410,609454,1,44,45,completed,1
10776,Rigid,609409,609410,609452,1,42,43,completed,1
10777,Rigid,609409,609410,609452,1,42,43,completed,1
10778,Rigid,609409,609410,609452,1,42,43,completed,1
10779,Rigid,609409,609410,609452,1,42,43,completed,1
10780,Rigid,609409,609410,609453,1,43,44,completed,1
10781,Rigid,609409,609410,609452,1,42,43,completed,1
10782,Rigid,609409,609410,609453,1,43,44,completed,1
10783,Rigid,609409,609410,609452,1,42,43,completed,1
10784,Rigid,609409,609410,609452,1,42,43,completed,1
10785,Rigid,609410,609414,609453,4,39,43,completed,1
10786,Rigid,609410,609414,609452,4,38,42,completed,1
10787,Rigid,609410,609414,609452,4,38,42,completed,1
10788,Rigid,609410,609414,609452,4,38,42,completed,1
10789,Rigid,609410,609414,609452,4,38,42,completed,1
10790,Rigid,609410,609414,609452,4,38,42,completed,1
10791,Rigid,609410,609414,609452,4,38,42,completed,1
10792,Rigid,609410,609414,609452,4,38,42,completed,1
10793,Rigid,609410,609414,609452,4,38,42,completed,1
10794,Rigid,609410,609414,609452,4,38,42,completed,1
10795,Rigid,609411,609414,609452,3,38,41,completed,1
10796,Rigid,609411,609414,609452,3,38,41,completed,1
10797,Rigid,609411,609414,609452,3,38,41,completed,1
10798,Rigid,609411,609414,609452,3,38,41,completed,1
10799,Rigid,609411,609414,609452,3,38,41,completed,1
10800,Rigid,609411,609414,609452,3,38,41,completed,1
10801,Rigid,609411,609414,609452,3,38,41,completed,1
10802,Rigid,609411,609414,609452,3,38,41,completed,1
10803,Rigid,609411,609414,609452,3,38,41,completed,1
10804,Rigid,609412,609414,609452,2,38,40,completed,1
10805,Rigid,609412,609414,609452,2,38,40,completed,1
10806,Rigid,609412,609414,609452,2,38,40,completed,1
10807,Rigid,609412,609414,609452,2,38,40,completed,1
10808,Rigid,609412,609414,609452,2,38,40,completed,1
10809,Rigid,609412,609414,609452,2,38,40,completed,1
10810,Rigid,609412,609414,609452,2,38,40,completed,1
10811,Rigid,609412,609414,609452,2,38,40,completed,1
10812,Rigid,609412,609414,609452,2,38,40,completed,1
10813,Rigid,609412,609414,609452,2,38,40,completed,1
10814,Rigid,609412,609414,609452,2,38,40,completed,1
10815,Rigid,609413,609414,609452,1,38,39,completed,1
10816,Rigid,609413,609414,609452,1,38,39,completed,1
10817,Rigid,609413,609414,609452,1,38,39,completed,1
10818,Rigid,609413,609414,609452,1,38,39,completed,1
10819,Rigid,609413,609414,609453,1,39,40,completed,1
10820,Rigid,609415,609416,609452,1,36,37,completed,1
10821,Rigid,609415,609416,609452,1,36,37,completed,1
10822,Rigid,609415,609416,609452,1,36,37,completed,1
10823,Rigid,609415,609416,609452,1,36,37,completed,1
10824,Rigid,609415,609416,609454,1,38,39,completed,1
10825,Rigid,609415,609416,609453,1,37,38,completed,1
10826,Rigid,609415,609416,609454,1,38,39,completed,1
10827,Rigid,609415,609416,609457,1,41,42,completed,1
10828,Rigid,609415,609416,609454,1,38,39,completed,1
10829,Rigid,609415,609416,609453,1,37,38,completed,1
10830,Rigid,609415,609416,609452,1,36,37,completed,1
10831,Rigid,609415,609416,609453,1,37,38,completed,1
10832,Rigid,609415,609416,609452,1,36,37,completed,1
10833,Rigid,609415,609416,609453,1,37,38,completed,1
10834,Rigid,609416,609416,609453,0,37,37,completed,1
10835,Rigid,609416,609416,609454,0,38,38,completed,1
10836,Rigid,609416,609416,609452,0,36,36,completed,1
10837,Rigid,609416,609416,609452,0,36,36,completed,1
10838,Rigid,609416,609416,609454,0,38,38,completed,1
10839,Rigid,609416,609416,609452,0,36,36,completed,1
10840,Rigid,609416,609416,609454,0,38,38,completed,1
10841,Rigid,609416,609416,609452,0,36,36,completed,1
10842,Rigid,609416,609416,609452,0,36,36,completed,1
10843,Rigid,609416,609416,609452,0,36,36,completed,1
10844,Rigid,609416,609416,609452,0,36,36,completed,1
10845,Rigid,609417,609417,609452,0,35,35,completed,1
10846,Rigid,609417,609417,609452,0,35,35,completed,1
10847,Rigid,609417,609417,609454,0,37,37,completed,1
10848,Rigid,609417,609417,609454,0,37,37,completed,1
10849,Rigid,609417,609417,609456,0,39,39,completed,1
10850,Rigid,609417,609417,609452,0,35,35,completed,1
10851,Rigid,609417,609417,609453,0,36,36,completed,1
10852,Rigid,609440,609450,609480,10,30,40,completed,1
10853,Rigid,609440,609450,609480,10,30,40,completed,1
10854,Rigid,609440,609450,609480,10,30,40,completed,1
10855,Rigid,609440,609450,609480,10,30,40,completed,1
10856,Rigid,609440,609450,609480,10,30,40,completed,1
10857,Rigid,609441,609450,609480,9,30,39,completed,1
10858,Rigid,609441,609450,609480,9,30,39,completed,1
10859,Rigid,609441,609450,609480,9,30,39,completed,1
10860,Rigid,609441,609450,609480,9,30,39,completed,1
10861,Rigid,609441,609450,609481,9,31,40,completed,1
10862,Rigid,609441,609450,609480,9,30,39,completed,1
10863,Rigid,609442,609450,609480,8,30,38,completed,1
10864,Rigid,609442,609450,609480,8,30,38,completed,1
10865,Rigid,609442,609450,609480,8,30,38,completed,1
10866,Rigid,609442,609450,609480,8,30,38,completed,1
10867,Rigid,609442,609450,609480,8,30,38,completed,1
10868,Rigid,609442,609450,609480,8,30,38,completed,1
10869,Rigid,609442,609450,609480,8,30,38,completed,1
10870,Rigid,609442,609450,609479,8,29,37,completed,1
10871,Rigid,609442,609450,609480,8,30,38,completed,1
10872,Rigid,609442,609450,609479,8,29,37,completed,1
10873,Rigid,609442,609450,609480,8,30,38,completed,1
10874,Rigid,609443,609450,609480,7,30,37,completed,1
10875,Rigid,609443,609450,609480,7,30,37,completed,1
10876,Rigid,609443,609450,609480,7,30,37,completed,1
10877,Rigid,609443,609450,609480,7,30,37,completed,1
10878,Rigid,609443,609450,609480,7,30,37,completed,1
10879,Rigid,609443,609450,609480,7,30,37,completed,1
10880,Rigid,609443,609450,609480,7,30,37,completed,1
10881,Rigid,609443,609450,609480,7,30,37,completed,1
10882,Rigid,609443,609450,609480,7,30,37,completed,1
10883,Rigid,609555,609555,610386,0,831,831,completed,36
10884,Rigid,609601,609601,609882,0,281,281,completed,1
10885,Rigid,609601,609601,609888,0,287,287,completed,1
10886,Rigid,609601,609601,609891,0,290,290,completed,1
10887,Rigid,609601,609605,609909,4,304,308,completed,1
10888,Rigid,609601,609605,609884,4,279,283,completed,1
10889,Rigid,609601,609605,609912,4,307,311,completed,1
10890,Rigid,609601,609605,609891,4,286,290,completed,1
10891,Rigid,609601,609605,609900,4,295,299,completed,1
10892,Rigid,609601,609605,609882,4,277,281,completed,1
10893,Rigid,609601,609605,609907,4,302,306,completed,1
10894,Rigid,609601,609605,609893,4,288,292,completed,1
10895,Rigid,609601,609605,609891,4,286,290,completed,1
10896,Rigid,609601,609605,609888,4,283,287,completed,1
10897,Rigid,609601,609605,609896,4,291,295,completed,1
10898,Rigid,609601,609605,609884,4,279,283,completed,1
10899,Rigid,609601,609605,609904,4,299,303,completed,1
10900,Rigid,609601,609605,609905,4,300,304,completed,1
10901,Rigid,609601,609605,609909,4,304,308,completed,1
10902,Rigid,609601,609605,609872,4,267,271,completed,1
10903,Rigid,609601,609605,609882,4,277,281,completed,1
10904,Rigid,609601,609605,609896,4,291,295,completed,1
10905,Rigid,609601,609605,609896,4,291,295,completed,1
10906,Rigid,609601,609605,609896,4,291,295,completed,1
10907,Rigid,609601,609605,609900,4,295,299,completed,1
10908,Rigid,609601,609605,609870,4,265,269,completed,1
10909,Rigid,609601,609605,609891,4,286,290,completed,1
10910,Rigid,609601,609605,609907,4,302,306,completed,1
10911,Rigid,609601,609605,609900,4,295,299,completed,1
10912,Rigid,609601,609605,609903,4,298,302,completed,1
10913,Rigid,609601,609605,609911,4,306,310,completed,1
10914,Rigid,609601,609605,609911,4,306,310,completed,1
10915,Rigid,609601,609605,609897,4,292,296,completed,1
10916,Rigid,609601,609605,609860,4,255,259,completed,1
10917,Rigid,609601,609605,609905,4,300,304,completed,1
10918,Rigid,609601,609605,609907,4,302,306,completed,1
10919,Rigid,609602,609605,609912,3,307,310,completed,1
10920,Rigid,609602,609605,609882,3,277,280,completed,1
10921,Rigid,609602,609605,609902,3,297,300,completed,1
10922,Rigid,609602,609605,609870,3,265,268,completed,1
10923,Rigid,609602,609605,609916,3,311,314,completed,1
10924,Rigid,609602,609605,609910,3,305,308,completed,1
10925,Rigid,609602,609605,609906,3,301,304,completed,1
10926,Rigid,609602,609605,609914,3,309,312,completed,1
10927,Rigid,609602,609605,609918,3,313,316,completed,1
10928,Rigid,609602,609605,609896,3,291,294,completed,1
10929,Rigid,609602,609605,609900,3,295,298,completed,1
10930,Rigid,609602,609605,609901,3,296,299,completed,1
10931,Rigid,609602,609605,609918,3,313,316,completed,1
10932,Rigid,609602,609605,609919,3,314,317,completed,1
10933,Rigid,609602,609605,609888,3,283,286,completed,1
10934,Rigid,609602,609605,609870,3,265,268,completed,1
10935,Rigid,609602,609605,609894,3,289,292,completed,1
10936,Rigid,609602,609605,609873,3,268,271,completed,1
10937,Rigid,609602,609605,609888,3,283,286,completed,1
10938,Rigid,609602,609605,609914,3,309,312,completed,1
10939,Rigid,609602,609605,609915,3,310,313,completed,1
10940,Rigid,609602,609605,609907,3,302,305,completed,1
10941,Rigid,609602,609605,609910,3,305,308,completed,1
10942,Rigid,609602,609605,609914,3,309,312,completed,1
10943,Rigid,609602,609605,609911,3,306,309,completed,1
10944,Rigid,609602,609605,609918,3,313,316,completed,1
10945,Rigid,609602,609605,609873,3,268,271,completed,1
10946,Rigid,609602,609605,609893,3,288,291,completed,1
10947,Rigid,609602,609605,609896,3,291,294,completed,1
10948,Rigid,609602,609605,609904,3,299,302,completed,1
10949,Rigid,609602,609605,609882,3,277,280,completed,1
10950,Rigid,609602,609605,609896,3,291,294,completed,1
10951,Rigid,609602,609605,609903,3,298,301,completed,1
10952,Rigid,609602,609605,609910,3,305,308,completed,1
10953,Rigid,609603,609605,609888,2,283,285,completed,1
10954,Rigid,609603,609605,609911,2,306,308,completed,1
10955,Rigid,609603,609605,609914,2,309,311,completed,1
10956,Rigid,609603,609605,609847,2,242,244,completed,1
10957,Rigid,609603,609605,609847,2,242,244,completed,1
10958,Rigid,609603,609605,609821,2,216,218,completed,1
10959,Rigid,609603,609605,609838,2,233,235,completed,1
10960,Rigid,609603,609605,609821,2,216,218,completed,1
10961,Rigid,609603,609605,609829,2,224,226,completed,1
10962,Rigid,609603,609605,609873,2,268,270,completed,1
10963,Rigid,609603,609605,609839,2,234,236,completed,1
10964,Rigid,609603,609605,609860,2,255,257,completed,1
10965,Rigid,609603,609605,609829,2,224,226,completed,1
10966,Rigid,609603,609605,609847,2,242,244,completed,1
10967,Rigid,609603,609605,609839,2,234,236,completed,1
10968,Rigid,609603,609605,609838,2,233,235,completed,1
10969,Rigid,609603,609605,609821,2,216,218,completed,1
10970,Rigid,609603,609605,609847,2,242,244,completed,1
10971,Rigid,609603,609605,609838,2,233,235,completed,1
10972,Rigid,609603,609605,609830,2,225,227,completed,1
10973,Rigid,609603,609605,609838,2,233,235,completed,1
10974,Rigid,609603,609605,609829,2,224,226,completed,1
10975,Rigid,609603,609605,609847,2,242,244,completed,1
10976,Rigid,609603,609605,609829,2,224,226,completed,1
10977,Rigid,609603,609605,609838,2,233,235,completed,1
10978,Rigid,609941,609941,610204,0,263,263,completed,1
10979,Rigid,609941,609941,610190,0,249,249,completed,1
10980,Rigid,609941,609941,610179,0,238,238,completed,1
10981,Rigid,609941,609941,610199,0,258,258,completed,1
10982,Rigid,609941,609941,610205,0,264,264,completed,1
10983,Rigid,609941,609941,610191,0,250,250,completed,1
10984,Rigid,609941,609941,610207,0,266,266,completed,1
10985,Rigid,609941,609941,610202,0,261,261,completed,1
10986,Rigid,609941,609941,610233,0,292,292,completed,1
10987,Rigid,609941,609941,610201,0,260,260,completed,1
10988,Rigid,609941,609941,610199,0,258,258,completed,1
10989,Rigid,609941,609941,610191,0,250,250,completed,1
10990,Rigid,609941,609941,610198,0,257,257,completed,1
10991,Rigid,609941,609941,610187,0,246,246,completed,1
10992,Rigid,609941,609941,610185,0,244,244,completed,1
10993,Rigid,609941,609941,610166,0,225,225,completed,1
10994,Rigid,609941,609941,610201,0,260,260,completed,1
10995,Rigid,609941,609941,610190,0,249,249,completed,1
10996,Rigid,609941,609941,610179,0,238,238,completed,1
10997,Rigid,609941,609941,610177,0,236,236,completed,1
10998,Rigid,609941,609941,610185,0,244,244,completed,1
10999,Rigid,609941,609941,610193,0,252,252,completed,1
11000,Rigid,609941,609941,610210,0,269,269,completed,1
11001,Rigid,609941,609941,610178,0,237,237,completed,1
11002,Rigid,609941,609941,610187,0,246,246,completed,1
11003,Rigid,609941,609941,610196,0,255,255,completed,1
11004,Rigid,609941,609941,610191,0,250,250,completed,1
11005,Rigid,609941,609941,610207,0,266,266,completed,1
11006,Rigid,609941,609941,610198,0,257,257,completed,1
11007,Rigid,609941,609941,610160,0,219,219,completed,1
11008,Rigid,609941,609941,610199,0,258,258,completed,1
11009,Rigid,609941,609941,610182,0,241,241,completed,1
11010,Rigid,609941,609941,610186,0,245,245,completed,1
11011,Rigid,609941,609941,610204,0,263,263,completed,1
11012,Rigid,609941,609941,610208,0,267,267,completed,1
11013,Rigid,609941,609941,610182,0,241,241,completed,1
11014,Rigid,609941,609941,610209,0,268,268,completed,1
11015,Rigid,609941,609941,610180,0,239,239,completed,1
11016,Rigid,609941,609941,610198,0,257,257,completed,1
11017,Rigid,609941,609941,610193,0,252,252,completed,1
11018,Rigid,609941,609941,610197,0,256,256,completed,1
11019,Rigid,609941,609941,610202,0,261,261,completed,1
11020,Rigid,609941,609941,610193,0,252,252,completed,1
11021,Rigid,609941,609941,610197,0,256,256,completed,1
11022,Rigid,609941,609941,610206,0,265,265,completed,1
11023,Rigid,609941,609941,610184,0,243,243,completed,1
11024,Rigid,609941,609941,610190,0,249,249,completed,1
11025,Rigid,609941,609941,610193,0,252,252,completed,1
11026,Rigid,609941,609941,610194,0,253,253,completed,1
11027,Rigid,609941,609941,610203,0,262,262,completed,1
11028,Rigid,609941,609941,610203,0,262,262,completed,1
11029,Rigid,609941,609941,610183,0,242,242,completed,1
11030,Rigid,609941,609941,610191,0,250,250,completed,1
11031,Rigid,609941,609941,610193,0,252,252,completed,1
11032,Rigid,609941,609941,610177,0,236,236,completed,1
11033,Rigid,609941,609941,610206,0,265,265,completed,1
11034,Rigid,609941,609941,610207,0,266,266,completed,1
11035,Rigid,609941,609943,610195,2,252,254,completed,1
11036,Rigid,609942,609943,610211,1,268,269,completed,1
11037,Rigid,609942,609943,610199,1,256,257,completed,1
11038,Rigid,609942,609943,610195,1,252,253,completed,1
11039,Rigid,609942,609943,610194,1,251,252,completed,1
11040,Rigid,609942,609943,610207,1,264,265,completed,1
11041,Rigid,609942,609943,610187,1,244,245,completed,1
11042,Rigid,609942,609943,610202,1,259,260,completed,1
11043,Rigid,609942,609943,610195,1,252,253,completed,1
11044,Rigid,609942,609943,610206,1,263,264,completed,1
11045,Rigid,609942,609943,610168,1,225,226,completed,1
11046,Rigid,609942,609943,610197,1,254,255,completed,1
11047,Rigid,609942,609943,610184,1,241,242,completed,1
11048,Rigid,609942,609943,610201,1,258,259,completed,1
11049,Rigid,609942,609943,610210,1,267,268,completed,1
11050,Rigid,609942,609943,610190,1,247,248,completed,1
11051,Rigid,609942,609943,610175,1,232,233,completed,1
11052,Rigid,609942,609943,610175,1,232,233,completed,1
11053,Rigid,609942,609943,610164,1,221,222,completed,1
11054,Rigid,609942,609943,610167,1,224,225,completed,1
11055,Rigid,609942,609943,610170,1,227,228,completed,1
11056,Rigid,609942,609943,610185,1,242,243,completed,1
11057,Rigid,609942,609943,610179,1,236,237,completed,1
11058,Rigid,609942,609943,610149,1,206,207,completed,1
11059,Rigid,609942,609943,610190,1,247,248,completed,1
11060,Rigid,609942,609943,610164,1,221,222,completed,1
11061,Rigid,609942,609943,610149,1,206,207,completed,1
11062,Rigid,609942,609943,610175,1,232,233,completed,1
11063,Rigid,609942,609943,610177,1,234,235,completed,1
11064,Rigid,609942,609943,610160,1,217,218,completed,1
11065,Rigid,609943,609943,610180,0,237,237,completed,1
11066,Rigid,609943,609943,610178,0,235,235,completed,1
11067,Rigid,609943,609943,610187,0,244,244,completed,1
11068,Rigid,609943,609943,610185,0,242,242,completed,1
11069,Rigid,609943,609943,610168,0,225,225,completed,1
11070,Rigid,609943,609943,610156,0,213,213,completed,1
11071,Rigid,609943,609943,610175,0,232,232,completed,1
11072,Rigid,609943,609943,610182,0,239,239,completed,1
11073,Rigid,609943,609943,610190,0,247,247,completed,1
11074,Rigid,609943,609943,610139,0,196,196,completed,1
11075,Rigid,609943,609943,610177,0,234,234,completed,1
11076,Rigid,609943,609943,610180,0,237,237,completed,1
11077,Rigid,609943,609943,610187,0,244,244,completed,1
11078,Rigid,609943,609943,610167,0,224,224,completed,1
11079,Rigid,609993,631670,762653,21677,130983,152660,completed,432
11080,Rigid,610423,610423,653627,0,43204,43204,completed,36
11081,Rigid,614206,614206,614211,0,5,5,completed,1
11082,Rigid,614226,614227,614228,1,1,2,completed,1
11083,Rigid,614226,614227,614228,1,1,2,completed,1
11084,Rigid,614226,614227,614234,1,7,8,completed,1
11085,Rigid,614226,614227,614230,1,3,4,completed,1
11086,Rigid,614226,614227,614234,1,7,8,completed,1
11087,Rigid,614497,644322,687535,29825,43213,73038,completed,288
11088,Rigid,614497,733393,776620,118896,43227,162123,completed,288
11089,Rigid,614497,781968,825196,167471,43228,210699,completed,288
11090,Rigid,614497,825207,868431,210710,43224,253934,completed,288
11091,Rigid,614497,868441,911664,253944,43223,297167,completed,288
11092,Rigid,614497,911675,954896,297178,43221,340399,completed,288
11093,Rigid,616403,616404,616410,1,6,7,completed,36
11094,Rigid,617665,617665,618295,0,630,630,completed,36
11095,Rigid,618531,618531,619291,0,760,760,completed,36
11096,Rigid,619445,619445,622749,0,3304,3304,completed,36
11097,Rigid,622977,622979,622992,2,13,15,completed,36
11098,Rigid,623685,623685,623701,0,16,16,completed,36
11099,Rigid,625355,625355,625363,0,8,8,completed,36
11100,Rigid,625739,625740,626279,1,539,540,completed,36
11101,Rigid,625901,625901,625911,0,10,10,completed,18
11102,Rigid,626196,626197,626199,1,2,3,completed,1
11103,Rigid,626196,626197,626201,1,4,5,completed,1
11104,Rigid,626197,626197,626204,0,7,7,completed,1
11105,Rigid,626197,626197,626199,0,2,2,completed,1
11106,Rigid,626197,626200,626204,3,4,7,completed,1
11107,Rigid,626261,626261,626262,0,1,1,completed,1
11108,Rigid,626261,626264,626265,3,1,4,completed,1
11109,Rigid,626261,626264,626265,3,1,4,completed,1
11110,Rigid,626261,626264,626265,3,1,4,completed,1
11111,Rigid,626261,626264,626275,3,11,14,completed,2
11112,Rigid,626261,626264,626275,3,11,14,completed,2
11113,Rigid,626261,626264,626275,3,11,14,completed,2
11114,Rigid,626262,626264,626265,2,1,3,completed,1
11115,Rigid,626262,626264,626265,2,1,3,completed,1
11116,Rigid,626263,626264,626269,1,5,6,completed,1
11117,Rigid,626263,626264,626275,1,11,12,completed,2
11118,Rigid,626263,626264,626275,1,11,12,completed,2
11119,Rigid,626263,626264,626383,1,119,120,completed,2
11120,Rigid,626264,626264,626265,0,1,1,completed,1
11121,Rigid,626264,626264,626265,0,1,1,completed,1
11122,Rigid,626264,626265,626268,1,3,4,completed,1
11123,Rigid,626264,626264,626275,0,11,11,completed,2
11124,Rigid,626264,626265,626275,1,10,11,completed,2
11125,Rigid,626264,626265,626275,1,10,11,completed,2
11126,Rigid,626264,626264,626382,0,118,118,completed,2
11127,Rigid,626265,626265,626266,0,1,1,completed,1
11128,Rigid,626265,626265,626266,0,1,1,completed,1
11129,Rigid,626265,626266,626275,1,9,10,completed,2
11130,Rigid,626265,626266,626275,1,9,10,completed,2
11131,Rigid,626265,626266,626268,1,2,3,completed,1
11132,Rigid,626265,626266,626386,1,120,121,completed,2
11133,Rigid,626266,626266,626275,0,9,9,completed,2
11134,Rigid,626266,626266,626267,0,1,1,completed,1
11135,Rigid,626266,626266,626268,0,2,2,completed,1
11136,Rigid,626266,626266,626268,0,2,2,completed,1
11137,Rigid,626266,626266,626269,0,3,3,completed,1
11138,Rigid,626266,626266,626268,0,2,2,completed,1
11139,Rigid,626266,626266,626275,0,9,9,completed,2
11140,Rigid,626266,626266,626364,0,98,98,completed,2
11141,Rigid,626266,626266,626385,0,119,119,completed,2
11142,Rigid,626267,626267,626268,0,1,1,completed,1
11143,Rigid,626267,626267,626268,0,1,1,completed,1
11144,Rigid,626267,626267,626269,0,2,2,completed,1
11145,Rigid,626267,626267,626268,0,1,1,completed,1
11146,Rigid,626267,626269,626275,2,6,8,completed,2
11147,Rigid,626267,626269,626270,2,1,3,completed,1
11148,Rigid,626268,626269,626270,1,1,2,completed,1
11149,Rigid,626268,626269,626271,1,2,3,completed,1
11150,Rigid,626268,626269,626270,1,1,2,completed,1
11151,Rigid,626268,626269,626275,1,6,7,completed,2
11152,Rigid,626268,626269,626270,1,1,2,completed,1
11153,Rigid,626269,626269,626270,0,1,1,completed,1
11154,Rigid,626269,626269,626275,0,6,6,completed,2
11155,Rigid,626269,626270,626271,1,1,2,completed,1
11156,Rigid,626269,626270,626271,1,1,2,completed,1
11157,Rigid,626269,626270,626271,1,1,2,completed,1
11158,Rigid,626269,626270,626271,1,1,2,completed,1
11159,Rigid,626270,626270,626275,0,5,5,completed,2
11160,Rigid,626270,626270,626271,0,1,1,completed,1
11161,Rigid,626270,626270,626271,0,1,1,completed,1
11162,Rigid,626270,626270,626271,0,1,1,completed,1
11163,Rigid,626270,626270,626273,0,3,3,completed,1
11164,Rigid,626270,626271,626275,1,4,5,completed,2
11165,Rigid,626271,626271,626276,0,5,5,completed,2
11166,Rigid,626271,626271,626272,0,1,1,completed,1
11167,Rigid,626271,626271,626276,0,5,5,completed,2
11168,Rigid,626271,626271,626272,0,1,1,completed,1
11169,Rigid,626271,626271,626272,0,1,1,completed,1
11170,Rigid,626271,626272,626273,1,1,2,completed,1
11171,Rigid,626271,626272,626276,1,4,5,completed,2
11172,Rigid,626271,626271,626481,0,210,210,completed,2
11173,Rigid,626272,626272,626273,0,1,1,completed,1
11174,Rigid,626272,626272,626274,0,2,2,completed,1
11175,Rigid,626272,626272,626276,0,4,4,completed,2
11176,Rigid,626272,626273,626277,1,4,5,completed,2
11177,Rigid,626272,626273,626277,1,4,5,completed,2
11178,Rigid,626272,626273,626275,1,2,3,completed,1
11179,Rigid,626272,626273,626277,1,4,5,completed,2
11180,Rigid,626272,626272,626364,0,92,92,completed,2
11181,Rigid,626272,626272,626345,0,73,73,completed,2
11182,Rigid,626273,626273,626277,0,4,4,completed,2
11183,Rigid,626273,626273,626275,0,2,2,completed,1
11184,Rigid,626273,626273,626275,0,2,2,completed,1
11185,Rigid,626273,626273,626275,0,2,2,completed,1
11186,Rigid,626273,626273,626277,0,4,4,completed,2
11187,Rigid,626273,626273,626277,0,4,4,completed,2
11188,Rigid,626273,626273,626339,0,66,66,completed,2
11189,Rigid,626273,626273,626363,0,90,90,completed,2
11190,Rigid,626273,626273,626363,0,90,90,completed,2
11191,Rigid,626273,626274,626338,1,64,65,completed,2
11192,Rigid,626274,626274,626278,0,4,4,completed,2
11193,Rigid,626274,626274,626279,0,5,5,completed,2
11194,Rigid,626274,626274,626279,0,5,5,completed,2
11195,Rigid,626274,626274,626279,0,5,5,completed,2
11196,Rigid,626274,626274,626279,0,5,5,completed,2
11197,Rigid,626274,626275,626364,1,89,90,completed,2
11198,Rigid,626275,626275,626276,0,1,1,completed,1
11199,Rigid,626275,626275,626277,0,2,2,completed,1
11200,Rigid,626275,626275,626277,0,2,2,completed,1
11201,Rigid,626275,626275,626277,0,2,2,completed,1
11202,Rigid,626275,626275,626277,0,2,2,completed,1
11203,Rigid,626275,626275,626281,0,6,6,completed,2
11204,Rigid,626275,626276,626280,1,4,5,completed,2
11205,Rigid,626275,626275,626363,0,88,88,completed,2
11206,Rigid,626275,626275,626341,0,66,66,completed,2
11207,Rigid,626275,626275,626368,0,93,93,completed,2
11208,Rigid,626276,626276,626369,0,93,93,completed,2
11209,Rigid,626316,626316,627036,0,720,720,completed,36
11210,Rigid,626810,626811,626815,1,4,5,completed,1
11211,Rigid,626810,626832,626834,22,2,24,completed,1
11212,Rigid,626901,626902,626905,1,3,4,completed,1
11213,Rigid,626901,626917,626920,16,3,19,completed,1
11214,Rigid,626914,626914,626966,0,52,52,completed,36
11215,Rigid,627381,627381,627406,0,25,25,completed,36
11216,Rigid,627573,627574,627640,1,66,67,completed,36
11217,Rigid,630100,644322,814389,14222,170067,184289,completed,22
11218,Rigid,631166,631167,631667,1,500,501,completed,36
11219,Rigid,631426,631426,631499,0,73,73,completed,36
11220,Rigid,631430,631431,631497,1,66,67,completed,36
11221,Rigid,631530,631531,631669,1,138,139,completed,36
11222,Rigid,631885,644323,644327,12438,4,12442,completed,22
11223,Rigid,632330,644328,814314,11998,169986,181984,completed,108
11224,Rigid,632965,647092,819912,14127,172820,186947,completed,24
11225,Rigid,633182,647980,820782,14798,172802,187600,completed,24
11226,Rigid,656895,656895,656896,0,1,1,completed,36
11227,Rigid,659766,659767,659769,1,2,3,completed,36
11228,Rigid,660080,660080,660283,0,203,203,completed,36
11229,Rigid,669810,669810,669812,0,2,2,completed,36
11230,Rigid,669859,669859,669860,0,1,1,completed,36
11231,Rigid,670617,670618,672466,1,1848,1849,completed,72
11232,Rigid,673441,673443,673446,2,3,5,completed,36
11233,Rigid,673441,673443,673446,2,3,5,completed,36
11234,Rigid,673441,673443,673446,2,3,5,completed,36
11235,Rigid,673500,673503,766126,3,92623,92626,completed,36
11236,Rigid,673500,673503,687859,3,14356,14359,completed,36
11237,Rigid,673500,673503,687374,3,13871,13874,completed,36
11238,Rigid,673605,673606,764043,1,90437,90438,completed,36
11239,Rigid,673605,673606,764551,1,90945,90946,completed,36
11240,Rigid,673605,673606,749592,1,75986,75987,completed,36
11241,Rigid,673637,673637,762613,0,88976,88976,completed,36
11242,Rigid,673637,673637,743713,0,70076,70076,completed,36
11243,Rigid,673637,673637,771835,0,98198,98198,completed,36
11244,Rigid,673713,673713,752388,0,78675,78675,completed,36
11245,Rigid,673713,673713,765771,0,92058,92058,completed,36
11246,Rigid,673713,673713,676703,0,2990,2990,completed,36
11247,Rigid,675326,675327,768696,1,93369,93370,completed,36
11248,Rigid,675326,675327,755141,1,79814,79815,completed,36
11249,Rigid,675326,675327,739683,1,64356,64357,completed,36
11250,Rigid,675397,675397,760861,0,85464,85464,completed,144
11251,Rigid,675397,675397,761355,0,85958,85958,completed,144
11252,Rigid,675397,675914,761135,517,85221,85738,completed,144
11253,Rigid,675397,689735,746688,14338,56953,71291,completed,216
11254,Rigid,675397,701849,758650,26452,56801,83253,completed,216
11255,Rigid,675397,702466,787858,27069,85392,112461,completed,144
11256,Rigid,675412,702989,772237,27577,69248,96825,completed,216
11257,Rigid,675412,703081,772268,27669,69187,96856,completed,216
11258,Rigid,675412,705363,774746,29951,69383,99334,completed,216
11259,Rigid,675412,772333,857725,96921,85392,182313,completed,144
11260,Rigid,675413,708190,766678,32777,58488,91265,completed,216
11261,Rigid,675413,777017,862425,101604,85408,187012,completed,144
11262,Rigid,675413,708190,773435,32777,65245,98022,completed,216
11263,Rigid,675413,709275,774153,33862,64878,98740,completed,216
11264,Rigid,675413,711579,776352,36166,64773,100939,completed,216
11265,Rigid,675503,734116,906924,58613,172808,231421,completed,36
11266,Rigid,675503,734146,849179,58643,115033,173676,completed,36
11267,Rigid,675503,734506,830335,59003,95829,154832,completed,36
11268,Rigid,675824,737842,910644,62018,172802,234820,completed,36
11269,Rigid,675824,738863,911664,63039,172801,235840,completed,36
11270,Rigid,675824,739704,912504,63880,172800,236680,completed,36
11271,Rigid,675981,743249,916074,67268,172825,240093,completed,36
11272,Rigid,675981,743249,916074,67268,172825,240093,completed,36
11273,Rigid,675981,745291,918115,69310,172824,242134,completed,36
11274,Rigid,676466,745291,918115,68825,172824,241649,completed,36
11275,Rigid,676466,748264,921085,71798,172821,244619,completed,36
11276,Rigid,676466,762785,935605,86319,172820,259139,completed,36
11277,Rigid,676596,765941,938755,89345,172814,262159,completed,36
11278,Rigid,676596,766542,939355,89946,172813,262759,completed,36
11279,Rigid,676596,766663,939475,90067,172812,262879,completed,36
11280,Rigid,676661,767835,940645,91174,172810,263984,completed,36
11281,Rigid,676661,767835,940645,91174,172810,263984,completed,36
11282,Rigid,676661,768076,940885,91415,172809,264224,completed,36
11283,Rigid,677081,677081,677084,0,3,3,completed,36
11284,Rigid,677148,677148,763570,0,86422,86422,completed,36
11285,Rigid,677735,682162,684171,4427,2009,6436,completed,36
11286,Rigid,677762,677837,721058,75,43221,43296,completed,36
11287,Rigid,677904,677904,677965,0,61,61,completed,36
11288,Rigid,678127,678143,678180,16,37,53,completed,72
11289,Rigid,678217,678234,678266,17,32,49,completed,72
11290,Rigid,678535,678564,678589,29,25,54,completed,72
11291,Rigid,678578,682184,820469,3606,138285,141891,completed,36
11292,Rigid,678578,682942,808059,4364,125117,129481,completed,36
11293,Rigid,678578,682942,683116,4364,174,4538,completed,36
11294,Rigid,678578,682942,705047,4364,22105,26469,completed,36
11295,Rigid,678578,683022,702595,4444,19573,24017,completed,36
11296,Rigid,678578,683022,704835,4444,21813,26257,completed,36
11297,Rigid,678578,683027,728190,4449,45163,49612,completed,36
11298,Rigid,678578,683027,703758,4449,20731,25180,completed,36
11299,Rigid,678578,683117,705319,4539,22202,26741,completed,36
11300,Rigid,678578,683911,884218,5333,200307,205640,completed,36
11301,Rigid,678578,683911,819032,5333,135121,140454,completed,36
11302,Rigid,678578,683911,694633,5333,10722,16055,completed,36
11303,Rigid,678578,683911,943135,5333,259224,264557,completed,36
11304,Rigid,678578,683911,857922,5333,174011,179344,completed,36
11305,Rigid,678578,683911,769300,5333,85389,90722,completed,36
11306,Rigid,678578,683911,856823,5333,172912,178245,completed,36
11307,Rigid,678578,683912,712101,5334,28189,33523,completed,36
11308,Rigid,678578,685185,753525,6607,68340,74947,completed,36
11309,Rigid,678578,685185,944395,6607,259210,265817,completed,36
11310,Rigid,678578,685185,763615,6607,78430,85037,completed,36
11311,Rigid,678578,685185,779235,6607,94050,100657,completed,36
11312,Rigid,678578,687390,701057,8812,13667,22479,completed,36
11313,Rigid,678578,687546,745289,8968,57743,66711,completed,36
11314,Rigid,678578,687546,691184,8968,3638,12606,completed,36
11315,Rigid,678578,687546,946766,8968,259220,268188,completed,36
11316,Rigid,678578,687546,694205,8968,6659,15627,completed,36
11317,Rigid,678578,687546,946766,8968,259220,268188,completed,36
11318,Rigid,678578,687563,705016,8985,17453,26438,completed,36
11319,Rigid,678578,687818,798403,9240,110585,119825,completed,36
11320,Rigid,678578,687818,705000,9240,17182,26422,completed,36
11321,Rigid,678578,687860,690370,9282,2510,11792,completed,36
11322,Rigid,678578,689760,948986,11182,259226,270408,completed,36
11323,Rigid,678578,689902,694539,11324,4637,15961,completed,36
11324,Rigid,678578,689962,715663,11384,25701,37085,completed,36
11325,Rigid,678578,690385,949586,11807,259201,271008,completed,36
11326,Rigid,678578,690566,949766,11988,259200,271188,completed,36
11327,Rigid,678578,690819,827287,12241,136468,148709,completed,36
11328,Rigid,678578,690819,950036,12241,259217,271458,completed,36
11329,Rigid,678578,690819,950036,12241,259217,271458,completed,36
11330,Rigid,678578,690819,827017,12241,136198,148439,completed,36
11331,Rigid,678578,690819,695064,12241,4245,16486,completed,36
11332,Rigid,678578,690819,715243,12241,24424,36665,completed,36
11333,Rigid,678578,690819,719486,12241,28667,40908,completed,36
11334,Rigid,678578,690836,702213,12258,11377,23635,completed,36
11335,Rigid,678578,690836,759617,12258,68781,81039,completed,36
11336,Rigid,678578,691865,753600,13287,61735,75022,completed,36
11337,Rigid,678578,691866,707785,13288,15919,29207,completed,36
11338,Rigid,678578,691866,706129,13288,14263,27551,completed,36
11339,Rigid,678578,691866,836786,13288,144920,158208,completed,36
11340,Rigid,678578,695031,730969,16453,35938,52391,completed,36
11341,Rigid,678578,695031,918766,16453,223735,240188,completed,36
11342,Rigid,678578,695031,785090,16453,90059,106512,completed,36
11343,Rigid,678578,695040,851371,16462,156331,172793,completed,36
11344,Rigid,678578,695040,836581,16462,141541,158003,completed,36
11345,Rigid,678578,695065,954266,16487,259201,275688,completed,36
11346,Rigid,678578,695073,954296,16495,259223,275718,completed,36
11347,Rigid,678578,695211,702153,16633,6942,23575,completed,36
11348,Rigid,678578,695211,756075,16633,60864,77497,completed,36
11349,Rigid,678578,695220,954446,16642,259226,275868,completed,36
11350,Rigid,678578,695220,954446,16642,259226,275868,completed,36
11351,Rigid,678578,695544,696373,16966,829,17795,completed,36
11352,Rigid,678578,695544,710382,16966,14838,31804,completed,36
11353,Rigid,678578,695544,710173,16966,14629,31595,completed,36
11354,Rigid,678578,695544,954746,16966,259202,276168,completed,36
11355,Rigid,678578,696064,955286,17486,259222,276708,completed,36
11356,Rigid,678578,696064,955286,17486,259222,276708,completed,36
11357,Rigid,678578,696093,955316,17515,259223,276738,completed,36
11358,Rigid,678578,696093,785920,17515,89827,107342,completed,36
11359,Rigid,678578,696164,955376,17586,259212,276798,completed,36
11360,Rigid,678578,696168,720952,17590,24784,42374,completed,36
11361,Rigid,678578,696193,732036,17615,35843,53458,completed,36
11362,Rigid,678578,696193,774283,17615,78090,95705,completed,36
11363,Rigid,678578,696404,746660,17826,50256,68082,completed,36
11364,Rigid,678578,697225,714959,18647,17734,36381,completed,36
11365,Rigid,678578,697225,780460,18647,83235,101882,completed,36
11366,Rigid,678578,697231,729160,18653,31929,50582,completed,36
11367,Rigid,678578,697232,768941,18654,71709,90363,completed,36
11368,Rigid,678578,697663,757564,19085,59901,78986,completed,36
11369,Rigid,678578,697663,721020,19085,23357,42442,completed,36
11370,Rigid,678578,697671,720178,19093,22507,41600,completed,36
11371,Rigid,678578,697671,730082,19093,32411,51504,completed,36
11372,Rigid,678578,699423,958646,20845,259223,280068,completed,36
11373,Rigid,678578,699423,901808,20845,202385,223230,completed,36
11374,Rigid,678578,699423,889329,20845,189906,210751,completed,36
11375,Rigid,678579,699495,780770,20916,81275,102191,completed,36
11376,Rigid,678579,699495,798728,20916,99233,120149,completed,36
11377,Rigid,678579,699495,798466,20916,98971,119887,completed,36
11378,Rigid,678579,699495,759543,20916,60048,80964,completed,36
11379,Rigid,678579,700064,745987,21485,45923,67408,completed,36
11380,Rigid,678579,700314,756433,21735,56119,77854,completed,36
11381,Rigid,678579,701232,722200,22653,20968,43621,completed,72
11382,Rigid,678579,701232,960446,22653,259214,281867,completed,72
11383,Rigid,678579,701737,960956,23158,259219,282377,completed,72
11384,Rigid,678579,704280,963506,25701,259226,284927,completed,72
11385,Rigid,678579,705050,765188,26471,60138,86609,completed,72
11386,Rigid,678579,706219,965426,27640,259207,286847,completed,72
11387,Rigid,678579,712103,971306,33524,259203,292727,completed,72
11388,Rigid,678579,722202,836052,43623,113850,157473,completed,72
11389,Rigid,678579,745721,778057,67142,32336,99478,completed,72
11390,Rigid,678579,746661,786668,68082,40007,108089,completed,72
11391,Rigid,678579,748081,1007309,69502,259228,328730,completed,72
11392,Rigid,678579,749795,1009020,71216,259225,330441,completed,72
11393,Rigid,678579,751506,927201,72927,175695,248622,completed,72
11394,Rigid,678579,753601,1012830,75022,259229,334251,completed,72
11395,Rigid,678579,757839,874150,79260,116311,195571,completed,72
11396,Rigid,678579,758299,822211,79720,63912,143632,completed,72
11397,Rigid,678579,760872,1020091,82293,259219,341512,completed,72
11398,Rigid,678579,763932,845905,85353,81973,167326,completed,72
11399,Rigid,678579,701737,703697,23158,1960,25118,completed,36
11400,Rigid,678579,702155,705434,23576,3279,26855,completed,36
11401,Rigid,678579,702215,704609,23636,2394,26030,completed,36
11402,Rigid,678579,702596,728470,24017,25874,49891,completed,36
11403,Rigid,678579,704611,730201,26032,25590,51622,completed,36
11404,Rigid,678579,704898,717342,26319,12444,38763,completed,36
11405,Rigid,678579,705002,705049,26423,47,26470,completed,36
11406,Rigid,678579,705017,705049,26438,32,26470,completed,36
11407,Rigid,678579,705048,705070,26469,22,26491,completed,36
11408,Rigid,678579,705071,846165,26492,141094,167586,completed,36
11409,Rigid,678579,705321,757838,26742,52517,79259,completed,36
11410,Rigid,678579,707787,967016,29208,259229,288437,completed,36
11411,Rigid,678579,712690,971906,34111,259216,293327,completed,36
11412,Rigid,678579,714960,833137,36381,118177,154558,completed,36
11413,Rigid,678579,715245,749794,36666,34549,71215,completed,36
11414,Rigid,678579,715664,751505,37085,35841,72926,completed,36
11415,Rigid,678579,717343,820841,38764,103498,142262,completed,36
11416,Rigid,678579,719488,978717,40909,259229,300138,completed,36
11417,Rigid,678579,720179,735095,41600,14916,56516,completed,36
11418,Rigid,678579,720954,748080,42375,27126,69501,completed,36
11419,Rigid,678579,721022,740115,42443,19093,61536,completed,36
11420,Rigid,678579,728191,747875,49612,19684,69296,completed,36
11421,Rigid,678579,728471,742165,49892,13694,63586,completed,36
11422,Rigid,678579,729161,988378,50582,259217,309799,completed,36
11423,Rigid,678579,730083,740275,51504,10192,61696,completed,36
11424,Rigid,678579,730203,793548,51624,63345,114969,completed,36
11425,Rigid,678579,730971,740390,52392,9419,61811,completed,36
11426,Rigid,678579,732037,732046,53458,9,53467,completed,36
11427,Rigid,678579,732047,740952,53468,8905,62373,completed,36
11428,Rigid,678579,735096,757390,56517,22294,78811,completed,36
11429,Rigid,678579,740117,748349,61538,8232,69770,completed,36
11430,Rigid,678579,740276,999478,61697,259202,320899,completed,36
11431,Rigid,678579,740391,745720,61812,5329,67141,completed,36
11432,Rigid,678579,740953,751498,62374,10545,72919,completed,36
11433,Rigid,678579,742166,1001368,63587,259202,322789,completed,36
11434,Rigid,679093,682162,690814,3069,8652,11721,completed,36
11435,Rigid,679200,681742,681758,2542,16,2558,completed,72
11436,Rigid,679237,682178,725378,2941,43200,46141,completed,36
11437,Rigid,679304,682178,725378,2874,43200,46074,completed,72
11438,Rigid,679565,682179,682183,2614,4,2618,completed,36
11439,Rigid,680043,682162,682177,2119,15,2134,completed,144
11440,Rigid,680769,681711,681715,942,4,946,completed,72
11441,Rigid,681880,703106,764309,21226,61203,82429,completed,36
11442,Rigid,681880,709280,757886,27400,48606,76006,completed,36
11443,Rigid,681880,709280,754917,27400,45637,73037,completed,36
11444,Rigid,682799,682942,683020,143,78,221,completed,144
11445,Rigid,682997,683022,683025,25,3,28,completed,72
11446,Rigid,683447,718759,728494,35312,9735,45047,completed,36
11447,Rigid,683447,718759,856353,35312,137594,172906,completed,36
11448,Rigid,683447,718759,763267,35312,44508,79820,completed,36
11449,Rigid,683675,718759,809970,35084,91211,126295,completed,36
11450,Rigid,683675,719122,811589,35447,92467,127914,completed,36
11451,Rigid,683675,719122,891922,35447,172800,208247,completed,36
11452,Rigid,683739,719122,766425,35383,47303,82686,completed,36
11453,Rigid,683739,719122,762757,35383,43635,79018,completed,36
11454,Rigid,683739,719172,775750,35433,56578,92011,completed,36
11455,Rigid,685159,685159,685161,0,2,2,completed,1
11456,Rigid,685193,685194,685196,1,2,3,completed,1
11457,Rigid,685218,685219,685441,1,222,223,completed,1
11458,Rigid,685609,685610,685789,1,179,180,completed,36
11459,Rigid,686165,687546,687811,1381,265,1646,completed,72
11460,Rigid,686426,686427,686456,1,29,30,completed,36
11461,Rigid,686710,686711,686740,1,29,30,completed,36
11462,Rigid,687409,687546,687562,137,16,153,completed,36
11463,Rigid,687880,689201,689394,1321,193,1514,completed,72
11464,Rigid,688894,688894,688899,0,5,5,completed,1
11465,Rigid,688894,688916,688920,22,4,26,completed,1
11466,Rigid,689454,689455,689471,1,16,17,completed,72
11467,Rigid,689648,689648,695072,0,5424,5424,completed,36
11468,Rigid,689694,689694,689711,0,17,17,completed,72
11469,Rigid,689768,690819,690835,1051,16,1067,completed,72
11470,Rigid,691137,691865,733970,728,42105,42833,completed,72
11471,Rigid,691275,691276,691657,1,381,382,completed,9
11472,Rigid,691298,691298,691304,0,6,6,completed,1
11473,Rigid,691318,691318,691325,0,7,7,completed,1
11474,Rigid,691318,691318,691319,0,1,1,completed,1
11475,Rigid,691318,691318,691320,0,2,2,completed,1
11476,Rigid,691318,691320,691321,2,1,3,completed,1
11477,Rigid,691318,691320,691325,2,5,7,completed,1
11478,Rigid,691401,691401,691681,0,280,280,completed,36
11479,Rigid,691558,691559,691614,1,55,56,completed,36
11480,Rigid,691583,691619,691734,36,115,151,completed,36
11481,Rigid,691597,691598,691605,1,7,8,completed,18
11482,Rigid,691657,691738,694405,81,2667,2748,completed,36
11483,Rigid,691810,710032,793258,18222,83226,101448,completed,36
11484,Rigid,691810,710032,780214,18222,70182,88404,completed,36
11485,Rigid,691810,713719,885652,21909,171933,193842,completed,36
11486,Rigid,691826,691865,702540,39,10675,10714,completed,36
11487,Rigid,691897,691898,691904,1,6,7,completed,1
11488,Rigid,691897,691898,691900,1,2,3,completed,1
11489,Rigid,691898,691898,691901,0,3,3,completed,1
11490,Rigid,691898,691898,691900,0,2,2,completed,1
11491,Rigid,691898,691898,691904,0,6,6,completed,1
11492,Rigid,691907,692147,712685,240,20538,20778,completed,36
11493,Rigid,691940,691940,691941,0,1,1,completed,1
11494,Rigid,691940,691940,691950,0,10,10,completed,2
11495,Rigid,691940,691940,691951,0,11,11,completed,2
11496,Rigid,691940,691940,692045,0,105,105,completed,2
11497,Rigid,691940,691940,692096,0,156,156,completed,2
11498,Rigid,691940,691940,692045,0,105,105,completed,2
11499,Rigid,691941,691942,691943,1,1,2,completed,1
11500,Rigid,691941,691942,691945,1,3,4,completed,1
11501,Rigid,691941,691942,691943,1,1,2,completed,1
11502,Rigid,691941,691942,691951,1,9,10,completed,2
11503,Rigid,691941,691942,691943,1,1,2,completed,1
11504,Rigid,691942,691942,691945,0,3,3,completed,1
11505,Rigid,691942,691942,691943,0,1,1,completed,1
11506,Rigid,691942,691942,691946,0,4,4,completed,1
11507,Rigid,691942,691942,691943,0,1,1,completed,1
11508,Rigid,691942,691942,691951,0,9,9,completed,2
11509,Rigid,691942,691942,691943,0,1,1,completed,1
11510,Rigid,691942,691942,691951,0,9,9,completed,2
11511,Rigid,691942,691942,691950,0,8,8,completed,1
11512,Rigid,691942,691942,691950,0,8,8,completed,2
11513,Rigid,691943,691944,691947,1,3,4,completed,1
11514,Rigid,691943,691944,691950,1,6,7,completed,2
11515,Rigid,691943,691944,691951,1,7,8,completed,2
11516,Rigid,691943,691944,691951,1,7,8,completed,2
11517,Rigid,691943,691944,691950,1,6,7,completed,2
11518,Rigid,691943,691944,691947,1,3,4,completed,1
11519,Rigid,691943,691944,691950,1,6,7,completed,2
11520,Rigid,691943,691944,692078,1,134,135,completed,2
11521,Rigid,691943,691944,692079,1,135,136,completed,2
11522,Rigid,691944,691944,691945,0,1,1,completed,1
11523,Rigid,691944,691944,691945,0,1,1,completed,1
11524,Rigid,691944,691944,691945,0,1,1,completed,1
11525,Rigid,691944,691944,691945,0,1,1,completed,1
11526,Rigid,691944,691944,691945,0,1,1,completed,1
11527,Rigid,691944,691944,691950,0,6,6,completed,2
11528,Rigid,691944,691944,692503,0,559,559,completed,2
11529,Rigid,692041,694415,737619,2374,43204,45578,completed,36
11530,Rigid,692077,694540,737769,2463,43229,45692,completed,36
11531,Rigid,692187,719669,721482,27482,1813,29295,completed,36
11532,Rigid,692187,719669,820155,27482,100486,127968,completed,36
11533,Rigid,692187,719669,792441,27482,72772,100254,completed,36
11534,Rigid,692226,719669,851459,27443,131790,159233,completed,36
11535,Rigid,692226,720075,809572,27849,89497,117346,completed,36
11536,Rigid,692226,720075,811498,27849,91423,119272,completed,36
11537,Rigid,692356,694410,694413,2054,3,2057,completed,36
11538,Rigid,692416,695031,695038,2615,7,2622,completed,72
11539,Rigid,692523,720075,805111,27552,85036,112588,completed,36
11540,Rigid,692523,720075,892882,27552,172807,200359,completed,36
11541,Rigid,692523,721091,785037,28568,63946,92514,completed,36
11542,Rigid,692553,721483,731379,28930,9896,38826,completed,36
11543,Rigid,692553,725388,789418,32835,64030,96865,completed,36
11544,Rigid,692553,725389,898193,32836,172804,205640,completed,36
11545,Rigid,692592,728495,823693,35903,95198,131101,completed,36
11546,Rigid,692592,731381,852892,38789,121511,160300,completed,36
11547,Rigid,692592,734103,858446,41511,124343,165854,completed,36
11548,Rigid,692758,768346,941155,75588,172809,248397,completed,36
11549,Rigid,692758,771173,943975,78415,172802,251217,completed,36
11550,Rigid,692758,772320,945146,79562,172826,252388,completed,36
11551,Rigid,692797,772320,945146,79523,172826,252349,completed,36
11552,Rigid,692797,772801,945626,80004,172825,252829,completed,36
11553,Rigid,692797,774304,947126,81507,172822,254329,completed,36
11554,Rigid,693575,694207,704887,632,10680,11312,completed,36
11555,Rigid,693735,693736,693741,1,5,6,completed,18
11556,Rigid,693999,693999,694006,0,7,7,completed,1
11557,Rigid,694051,694051,694060,0,9,9,completed,2
11558,Rigid,694051,694051,694053,0,2,2,completed,1
11559,Rigid,694051,694051,694053,0,2,2,completed,1
11560,Rigid,694051,694054,694055,3,1,4,completed,1
11561,Rigid,694051,694054,694060,3,6,9,completed,2
11562,Rigid,694051,694051,694061,0,10,10,completed,2
11563,Rigid,694051,694051,694061,0,10,10,completed,2
11564,Rigid,694052,694054,694061,2,7,9,completed,2
11565,Rigid,694052,694054,694060,2,6,8,completed,2
11566,Rigid,694052,694054,694056,2,2,4,completed,1
11567,Rigid,694052,694054,694056,2,2,4,completed,1
11568,Rigid,694052,694054,694058,2,4,6,completed,1
11569,Rigid,694052,694054,694061,2,7,9,completed,2
11570,Rigid,694052,694054,694056,2,2,4,completed,1
11571,Rigid,694052,694054,694151,2,97,99,completed,2
11572,Rigid,694052,694054,694208,2,154,156,completed,2
11573,Rigid,694053,694054,694055,1,1,2,completed,1
11574,Rigid,694053,694054,694058,1,4,5,completed,1
11575,Rigid,694053,694054,694061,1,7,8,completed,2
11576,Rigid,694053,694054,694058,1,4,5,completed,1
11577,Rigid,694053,694054,694061,1,7,8,completed,2
11578,Rigid,694053,694054,694153,1,99,100,completed,2
11579,Rigid,694053,694054,694176,1,122,123,completed,2
11580,Rigid,694054,694054,694060,0,6,6,completed,2
11581,Rigid,694054,694055,694060,1,5,6,completed,2
11582,Rigid,694054,694055,694056,1,1,2,completed,1
11583,Rigid,694054,694055,694061,1,6,7,completed,2
11584,Rigid,694054,694055,694151,1,96,97,completed,2
11585,Rigid,694055,694055,694057,0,2,2,completed,1
11586,Rigid,694055,694055,694060,0,5,5,completed,2
11587,Rigid,694055,694055,694159,0,104,104,completed,2
11588,Rigid,694055,694057,694308,2,251,253,completed,2
11589,Rigid,694056,694057,694060,1,3,4,completed,1
11590,Rigid,694056,694057,694064,1,7,8,completed,2
11591,Rigid,694056,694057,694200,1,143,144,completed,2
11592,Rigid,694057,694057,694059,0,2,2,completed,1
11593,Rigid,694057,694057,694059,0,2,2,completed,1
11594,Rigid,694057,694057,694060,0,3,3,completed,1
11595,Rigid,694057,694057,694059,0,2,2,completed,1
11596,Rigid,694057,694057,694059,0,2,2,completed,1
11597,Rigid,694057,694057,694200,0,143,143,completed,2
11598,Rigid,694058,694058,694060,0,2,2,completed,1
11599,Rigid,694058,694058,694061,0,3,3,completed,1
11600,Rigid,694058,694058,694059,0,1,1,completed,1
11601,Rigid,694058,694059,694061,1,2,3,completed,1
11602,Rigid,694058,694059,694061,1,2,3,completed,1
11603,Rigid,694058,694059,694063,1,4,5,completed,2
11604,Rigid,694058,694059,694061,1,2,3,completed,1
11605,Rigid,694058,694059,694061,1,2,3,completed,1
11606,Rigid,694058,694059,694062,1,3,4,completed,1
11607,Rigid,694059,694059,694062,0,3,3,completed,1
11608,Rigid,694059,694059,694064,0,5,5,completed,2
11609,Rigid,694059,694059,694064,0,5,5,completed,2
11610,Rigid,694059,694059,694062,0,3,3,completed,1
11611,Rigid,694059,694059,694064,0,5,5,completed,2
11612,Rigid,694059,694060,694063,1,3,4,completed,2
11613,Rigid,694059,694060,694061,1,1,2,completed,1
11614,Rigid,694059,694059,694203,0,144,144,completed,2
11615,Rigid,694060,694060,694061,0,1,1,completed,1
11616,Rigid,694060,694060,694065,0,5,5,completed,2
11617,Rigid,694632,694633,694637,1,4,5,completed,1
11618,Rigid,694632,694649,694653,17,4,21,completed,1
11619,Rigid,694746,694746,694749,0,3,3,completed,36
11620,Rigid,694789,694789,694794,0,5,5,completed,36
11621,Rigid,695125,695211,695219,86,8,94,completed,72
11622,Rigid,695427,695428,695441,1,13,14,completed,36
11623,Rigid,695568,695569,695583,1,14,15,completed,36
11624,Rigid,695762,696064,696092,302,28,330,completed,72
11625,Rigid,696042,696042,696046,0,4,4,completed,1
11626,Rigid,696042,696061,696065,19,4,23,completed,1
11627,Rigid,696095,696164,696167,69,3,72,completed,36
11628,Rigid,696097,696102,696106,5,4,9,completed,1
11629,Rigid,696097,696133,696136,36,3,39,completed,1
11630,Rigid,696134,696164,696192,30,28,58,completed,72
11631,Rigid,696147,696148,696151,1,3,4,completed,36
11632,Rigid,696193,696193,696196,0,3,3,completed,36
11633,Rigid,696319,697225,697230,906,5,911,completed,72
11634,Rigid,697576,697663,697670,87,7,94,completed,72
11635,Rigid,697737,734116,734132,36379,16,36395,completed,36
11636,Rigid,702375,879977,1028195,177602,148218,325820,completed,756
11637,Rigid,704644,704888,704916,244,28,272,completed,72
11638,Rigid,705430,706130,706212,700,82,782,completed,72
11639,Rigid,706397,707564,707571,1167,7,1174,completed,72
11640,Rigid,706400,707564,707571,1164,7,1171,completed,72
11641,Rigid,706403,707572,707579,1169,7,1176,completed,72
11642,Rigid,706406,707572,707579,1166,7,1173,completed,72
11643,Rigid,706438,707580,716192,1142,8612,9754,completed,72
11644,Rigid,709940,710030,715681,90,5651,5741,completed,72
11645,Rigid,709943,710030,716124,87,6094,6181,completed,72
11646,Rigid,709946,710030,716183,84,6153,6237,completed,72
11647,Rigid,709950,710030,716185,80,6155,6235,completed,72
11648,Rigid,713288,713288,713522,0,234,234,completed,36
11649,Rigid,713625,713626,713994,1,368,369,completed,36
11650,Rigid,714252,714253,714473,1,220,221,completed,36
11651,Rigid,714518,714519,714940,1,421,422,completed,36
11652,Rigid,714949,714950,715162,1,212,213,completed,36
11653,Rigid,715289,715289,715682,0,393,393,completed,36
11654,Rigid,715834,715835,715838,1,3,4,completed,36
11655,Rigid,715974,715975,716631,1,656,657,completed,36
11656,Rigid,716639,716640,716971,1,331,332,completed,36
11657,Rigid,716984,716985,717908,1,923,924,completed,36
11658,Rigid,718409,718410,718911,1,501,502,completed,36
11659,Rigid,718997,718997,719573,0,576,576,completed,36
11660,Rigid,719590,719590,719883,0,293,293,completed,36
11661,Rigid,719933,719933,720415,0,482,482,completed,36
11662,Rigid,720444,720444,721171,0,727,727,completed,36
11663,Rigid,721227,721227,721883,0,656,656,completed,36
11664,Rigid,722479,722480,722764,1,284,285,completed,36
11665,Rigid,722643,725381,725387,2738,6,2744,completed,72
11666,Rigid,722689,776837,949646,54148,172809,226957,completed,108
11667,Rigid,722863,779849,952676,56986,172827,229813,completed,144
11668,Rigid,722946,772018,944845,49072,172827,221899,completed,22
11669,Rigid,722973,722973,723539,0,566,566,completed,36
11670,Rigid,723207,772079,827505,48872,55426,104298,completed,22
11671,Rigid,723582,725381,768610,1799,43229,45028,completed,36
11672,Rigid,723618,724182,738842,564,14660,15224,completed,36
11673,Rigid,740757,740758,741669,1,911,912,completed,36
11674,Rigid,742130,742130,742449,0,319,319,completed,36
11675,Rigid,742894,742894,742896,0,2,2,completed,36
11676,Rigid,743248,743248,744153,0,905,905,completed,36
11677,Rigid,744224,744224,746928,0,2704,2704,completed,36
11678,Rigid,746688,746690,803596,2,56906,56908,completed,216
11679,Rigid,749000,749000,749081,0,81,81,completed,36
11680,Rigid,749251,749252,749359,1,107,108,completed,36
11681,Rigid,749903,749904,749925,1,21,22,completed,36
11682,Rigid,750226,750227,755239,1,5012,5013,completed,36
11683,Rigid,750564,750565,750568,1,3,4,completed,36
11684,Rigid,750951,750951,752301,0,1350,1350,completed,36
11685,Rigid,753157,753157,754986,0,1829,1829,completed,36
11686,Rigid,753273,753274,754199,1,925,926,completed,36
11687,Rigid,753623,753623,753747,0,124,124,completed,36
11688,Rigid,753641,753641,753768,0,127,127,completed,36
11689,Rigid,754034,754035,754160,1,125,126,completed,36
11690,Rigid,754115,754115,754242,0,127,127,completed,36
11691,Rigid,755535,755536,755820,1,284,285,completed,36
11692,Rigid,755731,755731,755817,0,86,86,completed,36
11693,Rigid,755737,755738,755813,1,75,76,completed,36
11694,Rigid,755926,756077,756080,151,3,154,completed,36
11695,Rigid,756330,756330,756346,0,16,16,completed,36
11696,Rigid,756366,756366,757195,0,829,829,completed,36
11697,Rigid,756442,762666,910023,6224,147357,153581,completed,36
11698,Rigid,756442,762666,848956,6224,86290,92514,completed,36
11699,Rigid,756442,762666,816619,6224,53953,60177,completed,36
11700,Rigid,756488,756490,758292,2,1802,1804,completed,36
11701,Rigid,756495,757565,758289,1070,724,1794,completed,36
11702,Rigid,756583,781969,792502,25386,10533,35919,completed,36
11703,Rigid,756583,781969,868370,25386,86401,111787,completed,36
11704,Rigid,756583,785945,835271,29362,49326,78688,completed,36
11705,Rigid,756867,757196,760510,329,3314,3643,completed,36
11706,Rigid,757345,757392,761620,47,4228,4275,completed,36
11707,Rigid,758271,758271,758359,0,88,88,completed,36
11708,Rigid,758339,760862,760870,2523,8,2531,completed,576
11709,Rigid,758650,763238,820109,4588,56871,61459,completed,216
11710,Rigid,759394,760872,1049728,1478,288856,290334,completed,252
11711,Rigid,759400,761136,1064135,1736,302999,304735,completed,252
11712,Rigid,759407,761385,1050837,1978,289452,291430,completed,252
11713,Rigid,759412,761829,1057805,2417,295976,298393,completed,252
11714,Rigid,759418,762666,1088108,3248,325442,328690,completed,252
11715,Rigid,759463,759464,761236,1,1772,1773,completed,72
11716,Rigid,760299,760300,760388,1,88,89,completed,36
11717,Rigid,760437,760437,760523,0,86,86,completed,36
11718,Rigid,760457,792351,965156,31894,172805,204699,completed,36
11719,Rigid,760457,792501,965306,32044,172805,204849,completed,36
11720,Rigid,760505,795377,968186,34872,172809,207681,completed,36
11721,Rigid,760505,795377,968186,34872,172809,207681,completed,36
11722,Rigid,760505,795377,968186,34872,172809,207681,completed,36
11723,Rigid,760541,795377,968186,34836,172809,207645,completed,36
11724,Rigid,760541,795377,968186,34836,172809,207645,completed,36
11725,Rigid,760541,817336,990148,56795,172812,229607,completed,36
11726,Rigid,760583,830337,1003138,69754,172801,242555,completed,36
11727,Rigid,760583,835273,1008089,74690,172816,247506,completed,36
11728,Rigid,760583,845634,1018441,85051,172807,257858,completed,36
11729,Rigid,760589,760589,760674,0,85,85,completed,36
11730,Rigid,760622,760622,760668,0,46,46,completed,36
11731,Rigid,760659,845635,895044,84976,49409,134385,completed,36
11732,Rigid,760659,849180,1021981,88521,172801,261322,completed,36
11733,Rigid,760659,868374,1041183,107715,172809,280524,completed,36
11734,Rigid,760749,760750,760795,1,45,46,completed,36
11735,Rigid,760751,760754,760799,3,45,48,completed,36
11736,Rigid,760814,760862,762038,48,1176,1224,completed,36
11737,Rigid,760821,760872,762035,51,1163,1214,completed,36
11738,Rigid,760829,760872,761656,43,784,827,completed,36
11739,Rigid,760861,763362,849770,2501,86408,88909,completed,144
11740,Rigid,760883,760883,760928,0,45,45,completed,36
11741,Rigid,760974,760974,761139,0,165,165,completed,36
11742,Rigid,761134,764350,849949,3216,85599,88815,completed,144
11743,Rigid,761214,761214,761379,0,165,165,completed,36
11744,Rigid,761215,761218,761384,3,166,169,completed,36
11745,Rigid,761254,761255,761465,1,210,211,completed,36
11746,Rigid,761300,761356,761367,56,11,67,completed,72
11747,Rigid,761355,765941,852350,4586,86409,90995,completed,144
11748,Rigid,761530,761531,761739,1,208,209,completed,36
11749,Rigid,761532,761623,761828,91,205,296,completed,36
11750,Rigid,761844,762040,762122,196,82,278,completed,36
11751,Rigid,761982,762043,766650,61,4607,4668,completed,36
11752,Rigid,762005,762088,765713,83,3625,3708,completed,36
11753,Rigid,762053,762654,762658,601,4,605,completed,216
11754,Rigid,762053,762123,762416,70,293,363,completed,144
11755,Rigid,762054,762057,762063,3,6,9,completed,1
11756,Rigid,762055,762057,762059,2,2,4,completed,1
11757,Rigid,762055,762057,762060,2,3,5,completed,1
11758,Rigid,762058,762087,762089,29,2,31,completed,1
11759,Rigid,762058,762087,762090,29,3,32,completed,1
11760,Rigid,762061,762087,762092,26,5,31,completed,1
11761,Rigid,762062,762087,762089,25,2,27,completed,1
11762,Rigid,762062,762087,762090,25,3,28,completed,1
11763,Rigid,762064,762513,762533,449,20,469,completed,36
11764,Rigid,762066,762117,762120,51,3,54,completed,2
11765,Rigid,762066,762117,762120,51,3,54,completed,2
11766,Rigid,762066,762544,762563,478,19,497,completed,36
11767,Rigid,762068,762087,762089,19,2,21,completed,1
11768,Rigid,762068,762087,762089,19,2,21,completed,1
11769,Rigid,762068,762087,762090,19,3,22,completed,1
11770,Rigid,762068,762087,762089,19,2,21,completed,1
11771,Rigid,762070,762087,762089,17,2,19,completed,1
11772,Rigid,762090,762659,762664,569,5,574,completed,16
11773,Rigid,762091,762117,762120,26,3,29,completed,1
11774,Rigid,762091,762117,762120,26,3,29,completed,1
11775,Rigid,762091,762659,762664,568,5,573,completed,8
11776,Rigid,762091,762659,762664,568,5,573,completed,16
11777,Rigid,762092,762659,762663,567,4,571,completed,8
11778,Rigid,762092,762117,762120,25,3,28,completed,1
11779,Rigid,762092,762117,762119,25,2,27,completed,1
11780,Rigid,762092,762117,762120,25,3,28,completed,1
11781,Rigid,762093,762574,762577,481,3,484,completed,4
11782,Rigid,762121,762604,762607,483,3,486,completed,36
11783,Rigid,762121,762659,762663,538,4,542,completed,36
11784,Rigid,762121,762664,762666,543,2,545,completed,18
11785,Rigid,762121,762666,762669,545,3,548,completed,18
11786,Rigid,762122,762574,762577,452,3,455,completed,4
11787,Rigid,762122,762147,762150,25,3,28,completed,2
11788,Rigid,762122,762147,762150,25,3,28,completed,2
11789,Rigid,762132,762666,785770,534,23104,23638,completed,36
11790,Rigid,762137,762666,1011351,529,248685,249214,completed,36
11791,Rigid,762142,762666,762960,524,294,818,completed,36
11792,Rigid,762152,762178,762365,26,187,213,completed,2
11793,Rigid,762152,762178,762365,26,187,213,completed,2
11794,Rigid,762165,762418,762499,253,81,334,completed,36
11795,Rigid,762167,762418,762500,251,82,333,completed,36
11796,Rigid,762192,762501,762640,309,139,448,completed,36
11797,Rigid,762307,762418,763166,111,748,859,completed,72
11798,Rigid,762371,762392,762398,21,6,27,completed,2
11799,Rigid,762371,762392,762399,21,7,28,completed,2
11800,Rigid,762728,762730,762896,2,166,168,completed,36
11801,Rigid,762954,762954,763118,0,164,164,completed,36
11802,Rigid,762954,762958,763119,4,161,165,completed,36
11803,Rigid,763114,763114,763361,0,247,247,completed,36
11804,Rigid,763423,763574,765349,151,1775,1926,completed,72
11805,Rigid,763432,763918,763931,486,13,499,completed,36
11806,Rigid,763579,763616,763871,37,255,292,completed,36
11807,Rigid,763580,763872,764123,292,251,543,completed,36
11808,Rigid,763675,763678,763684,3,6,9,completed,1
11809,Rigid,763676,763678,763681,2,3,5,completed,1
11810,Rigid,763676,763678,763680,2,2,4,completed,1
11811,Rigid,763678,763681,763686,3,5,8,completed,1
11812,Rigid,763679,763681,763684,2,3,5,completed,1
11813,Rigid,763679,763681,763684,2,3,5,completed,1
11814,Rigid,763681,763682,763684,1,2,3,completed,1
11815,Rigid,763682,763682,763684,0,2,2,completed,1
11816,Rigid,763683,763685,763705,2,20,22,completed,36
11817,Rigid,763683,763687,763707,4,20,24,completed,36
11818,Rigid,763684,763708,763710,24,2,26,completed,2
11819,Rigid,763684,763708,763711,24,3,27,completed,2
11820,Rigid,763684,763708,763710,24,2,26,completed,1
11821,Rigid,763686,763708,763710,22,2,24,completed,1
11822,Rigid,763686,763708,763711,22,3,25,completed,1
11823,Rigid,763687,763708,763711,21,3,24,completed,1
11824,Rigid,763687,763708,763711,21,3,24,completed,1
11825,Rigid,763687,763708,763711,21,3,24,completed,1
11826,Rigid,763687,763708,763710,21,2,23,completed,1
11827,Rigid,763687,763708,763711,21,3,24,completed,1
11828,Rigid,763690,763708,763711,18,3,21,completed,1
11829,Rigid,763690,763708,763710,18,2,20,completed,1
11830,Rigid,763691,763712,763715,21,3,24,completed,36
11831,Rigid,763691,763713,763715,22,2,24,completed,36
11832,Rigid,763706,763716,763718,10,2,12,completed,18
11833,Rigid,763708,763717,763719,9,2,11,completed,18
11834,Rigid,763713,763717,763719,4,2,6,completed,2
11835,Rigid,763713,763717,763719,4,2,6,completed,2
11836,Rigid,763713,763717,763919,4,202,206,completed,2
11837,Rigid,763714,763717,763726,3,9,12,completed,2
11838,Rigid,763714,763717,763920,3,203,206,completed,2
11839,Rigid,763715,763717,763726,2,9,11,completed,2
11840,Rigid,763746,763918,764255,172,337,509,completed,36
11841,Rigid,763794,763918,764348,124,430,554,completed,36
11842,Rigid,764092,764092,1011415,0,247323,247323,completed,36
11843,Rigid,765067,772292,772330,7225,38,7263,completed,576
11844,Rigid,765153,765154,765158,1,4,5,completed,1
11845,Rigid,765154,765156,765158,2,2,4,completed,1
11846,Rigid,765154,765156,765159,2,3,5,completed,1
11847,Rigid,765157,765159,765164,2,5,7,completed,1
11848,Rigid,765158,765159,765162,1,3,4,completed,1
11849,Rigid,765158,765159,765161,1,2,3,completed,1
11850,Rigid,765160,765162,765165,2,3,5,completed,1
11851,Rigid,765160,765162,765164,2,2,4,completed,1
11852,Rigid,765165,765187,765190,22,3,25,completed,2
11853,Rigid,765165,765166,765185,1,19,20,completed,36
11854,Rigid,765165,765167,765186,2,19,21,completed,36
11855,Rigid,765166,765187,765190,21,3,24,completed,2
11856,Rigid,765166,765187,765191,21,4,25,completed,1
11857,Rigid,765168,765187,765190,19,3,22,completed,1
11858,Rigid,765168,765187,765189,19,2,21,completed,1
11859,Rigid,765168,765187,765190,19,3,22,completed,1
11860,Rigid,765168,765187,765189,19,2,21,completed,1
11861,Rigid,765170,765187,765190,17,3,20,completed,1
11862,Rigid,765170,765187,765190,17,3,20,completed,1
11863,Rigid,765170,765187,765190,17,3,20,completed,1
11864,Rigid,765170,765187,765190,17,3,20,completed,1
11865,Rigid,765171,765187,765189,16,2,18,completed,1
11866,Rigid,765171,765191,765194,20,3,23,completed,36
11867,Rigid,765172,765192,765195,20,3,23,completed,36
11868,Rigid,765186,765195,765197,9,2,11,completed,18
11869,Rigid,765187,765196,765198,9,2,11,completed,18
11870,Rigid,765194,765196,765199,2,3,5,completed,2
11871,Rigid,765194,765196,765199,2,3,5,completed,2
11872,Rigid,765194,765196,765403,2,207,209,completed,2
11873,Rigid,765194,765196,765403,2,207,209,completed,2
11874,Rigid,765195,765196,765207,1,11,12,completed,2
11875,Rigid,765195,765196,765207,1,11,12,completed,2
11876,Rigid,765936,765936,766539,0,603,603,completed,36
11877,Rigid,766497,766512,809712,15,43200,43215,completed,36
11878,Rigid,766678,772199,830939,5521,58740,64261,completed,216
11879,Rigid,767094,774906,780213,7812,5307,13119,completed,36
11880,Rigid,767094,776169,779204,9075,3035,12110,completed,36
11881,Rigid,767094,777588,780099,10494,2511,13005,completed,36
11882,Rigid,767094,779243,780213,12149,970,13119,completed,36
11883,Rigid,767094,780066,780213,12972,147,13119,completed,36
11884,Rigid,767094,780100,780213,13006,113,13119,completed,36
11885,Rigid,767105,767106,767111,1,5,6,completed,1
11886,Rigid,767106,767110,767112,4,2,6,completed,1
11887,Rigid,767106,767110,767112,4,2,6,completed,1
11888,Rigid,767109,767110,767112,1,2,3,completed,1
11889,Rigid,767109,767110,767112,1,2,3,completed,1
11890,Rigid,767112,767112,767117,0,5,5,completed,1
11891,Rigid,767112,767113,767115,1,2,3,completed,1
11892,Rigid,767112,767113,767115,1,2,3,completed,1
11893,Rigid,767114,767117,767136,3,19,22,completed,36
11894,Rigid,767114,767118,767137,4,19,23,completed,36
11895,Rigid,767115,767139,767141,24,2,26,completed,2
11896,Rigid,767115,767139,767141,24,2,26,completed,2
11897,Rigid,767115,767139,767141,24,2,26,completed,1
11898,Rigid,767117,767139,767141,22,2,24,completed,1
11899,Rigid,767117,767139,767141,22,2,24,completed,1
11900,Rigid,767118,767139,767141,21,2,23,completed,1
11901,Rigid,767118,767139,767141,21,2,23,completed,1
11902,Rigid,767118,767139,767142,21,3,24,completed,1
11903,Rigid,767118,767139,767141,21,2,23,completed,1
11904,Rigid,767118,767139,767141,21,2,23,completed,1
11905,Rigid,767121,767139,767141,18,2,20,completed,1
11906,Rigid,767122,767139,767141,17,2,19,completed,1
11907,Rigid,767122,767142,767145,20,3,23,completed,36
11908,Rigid,767123,767143,767146,20,3,23,completed,36
11909,Rigid,767136,767147,767148,11,1,12,completed,18
11910,Rigid,767138,767147,767150,9,3,12,completed,18
11911,Rigid,767144,767147,767151,3,4,7,completed,2
11912,Rigid,767145,767147,767150,2,3,5,completed,2
11913,Rigid,767145,767147,767354,2,207,209,completed,2
11914,Rigid,767146,767147,767158,1,11,12,completed,2
11915,Rigid,767146,767147,767354,1,207,208,completed,2
11916,Rigid,767147,767147,767157,0,10,10,completed,2
11917,Rigid,767398,780236,934828,12838,154592,167430,completed,36
11918,Rigid,767398,780236,795172,12838,14936,27774,completed,36
11919,Rigid,767398,780326,789607,12928,9281,22209,completed,36
11920,Rigid,767468,780426,953246,12958,172820,185778,completed,36
11921,Rigid,767468,780427,901351,12959,120924,133883,completed,36
11922,Rigid,767468,780461,874520,12993,94059,107052,completed,36
11923,Rigid,767492,780867,842634,13375,61767,75142,completed,36
11924,Rigid,767492,780867,883858,13375,102991,116366,completed,36
11925,Rigid,767492,780988,794605,13496,13617,27113,completed,36
11926,Rigid,767598,767598,771143,0,3545,3545,completed,72
11927,Rigid,767603,767604,767958,1,354,355,completed,36
11928,Rigid,767606,767608,767957,2,349,351,completed,36
11929,Rigid,767642,767643,768090,1,447,448,completed,36
11930,Rigid,767643,767646,768072,3,426,429,completed,36
11931,Rigid,767934,1148879,1300302,380945,151423,532368,completed,756
11932,Rigid,769032,781529,904306,12497,122777,135274,completed,36
11933,Rigid,769032,781860,831494,12828,49634,62462,completed,36
11934,Rigid,769032,781860,850101,12828,68241,81069,completed,36
11935,Rigid,769635,769635,769661,0,26,26,completed,72
11936,Rigid,769842,769843,769869,1,26,27,completed,72
11937,Rigid,769844,769847,769872,3,25,28,completed,72
11938,Rigid,769866,769870,769916,4,46,50,completed,72
11939,Rigid,769990,769990,770038,0,48,48,completed,72
11940,Rigid,769990,769990,770035,0,45,45,completed,72
11941,Rigid,770034,770035,770103,1,68,69,completed,72
11942,Rigid,770130,770130,770198,0,68,68,completed,72
11943,Rigid,770130,770134,770198,4,64,68,completed,72
11944,Rigid,770236,770236,770322,0,86,86,completed,72
11945,Rigid,770397,770397,770486,0,89,89,completed,72
11946,Rigid,770398,770401,770487,3,86,89,completed,72
11947,Rigid,770439,770439,770545,0,106,106,completed,72
11948,Rigid,770612,770612,770718,0,106,106,completed,72
11949,Rigid,770613,770616,770727,3,111,114,completed,72
11950,Rigid,770659,770659,770679,0,20,20,completed,108
11951,Rigid,770827,770830,770849,3,19,22,completed,108
11952,Rigid,770828,770830,770850,2,20,22,completed,108
11953,Rigid,770859,770859,770893,0,34,34,completed,108
11954,Rigid,770942,770942,770975,0,33,33,completed,108
11955,Rigid,770943,770946,770979,3,33,36,completed,108
11956,Rigid,770961,770962,771010,1,48,49,completed,108
11957,Rigid,770993,770993,771694,0,701,701,completed,36
11958,Rigid,771244,771245,771294,1,49,50,completed,108
11959,Rigid,771245,771246,771292,1,46,47,completed,108
11960,Rigid,771275,771275,771335,0,60,60,completed,108
11961,Rigid,771452,771453,771511,1,58,59,completed,108
11962,Rigid,771454,771457,771518,3,61,64,completed,108
11963,Rigid,771585,771585,771659,0,74,74,completed,108
11964,Rigid,771687,771806,772069,119,263,382,completed,1
11965,Rigid,771687,771806,772012,119,206,325,completed,1
11966,Rigid,771687,771715,776148,28,4433,4461,completed,1
11967,Rigid,771687,771806,772003,119,197,316,completed,1
11968,Rigid,771687,771806,772353,119,547,666,completed,1
11969,Rigid,771687,771806,772174,119,368,487,completed,1
11970,Rigid,771687,771806,772017,119,211,330,completed,1
11971,Rigid,771687,771806,772365,119,559,678,completed,1
11972,Rigid,771687,771806,772133,119,327,446,completed,1
11973,Rigid,771687,771806,772176,119,370,489,completed,1
11974,Rigid,771687,771806,772017,119,211,330,completed,1
11975,Rigid,771687,771806,772009,119,203,322,completed,1
11976,Rigid,771687,771806,772181,119,375,494,completed,1
11977,Rigid,771687,771715,776148,28,4433,4461,completed,1
11978,Rigid,771687,771714,776148,27,4434,4461,completed,1
11979,Rigid,771687,771806,771977,119,171,290,completed,1
11980,Rigid,771687,771806,772007,119,201,320,completed,1
11981,Rigid,771687,771806,772003,119,197,316,completed,1
11982,Rigid,771687,771806,772301,119,495,614,completed,1
11983,Rigid,771687,771806,772438,119,632,751,completed,1
11984,Rigid,771687,771806,772005,119,199,318,completed,1
11985,Rigid,771687,771806,772004,119,198,317,completed,1
11986,Rigid,771687,771806,772006,119,200,319,completed,1
11987,Rigid,771687,771806,772166,119,360,479,completed,1
11988,Rigid,771687,771806,772136,119,330,449,completed,1
11989,Rigid,771687,771715,776148,28,4433,4461,completed,1
11990,Rigid,771687,771806,772476,119,670,789,completed,1
11991,Rigid,771687,771806,772010,119,204,323,completed,1
11992,Rigid,771687,771806,772180,119,374,493,completed,1
11993,Rigid,771687,771806,772004,119,198,317,completed,1
11994,Rigid,771687,771806,772645,119,839,958,completed,1
11995,Rigid,771687,771806,772593,119,787,906,completed,1
11996,Rigid,771687,771806,772661,119,855,974,completed,1
11997,Rigid,771687,771806,772714,119,908,1027,completed,1
11998,Rigid,771687,771807,772756,120,949,1069,completed,1
11999,Rigid,771687,771807,772605,120,798,918,completed,1
12000,Rigid,771687,771715,776148,28,4433,4461,completed,1
12001,Rigid,771687,771807,772744,120,937,1057,completed,1
12002,Rigid,771687,771807,772737,120,930,1050,completed,1
12003,Rigid,771687,771807,772754,120,947,1067,completed,1
12004,Rigid,771687,771807,772736,120,929,1049,completed,1
12005,Rigid,771687,771807,772698,120,891,1011,completed,1
12006,Rigid,771687,771807,772695,120,888,1008,completed,1
12007,Rigid,771687,771807,772739,120,932,1052,completed,1
12008,Rigid,771687,771807,772699,120,892,1012,completed,1
12009,Rigid,771687,771807,772692,120,885,1005,completed,1
12010,Rigid,771687,771807,772672,120,865,985,completed,1
12011,Rigid,771687,771715,776148,28,4433,4461,completed,1
12012,Rigid,771687,771807,772665,120,858,978,completed,1
12013,Rigid,771687,771807,772688,120,881,1001,completed,1
12014,Rigid,771687,771807,772737,120,930,1050,completed,1
12015,Rigid,771687,771807,772688,120,881,1001,completed,1
12016,Rigid,771687,771807,772631,120,824,944,completed,1
12017,Rigid,771687,771837,772774,150,937,1087,completed,1
12018,Rigid,771687,771837,772777,150,940,1090,completed,1
12019,Rigid,771687,771837,772719,150,882,1032,completed,1
12020,Rigid,771687,771837,772718,150,881,1031,completed,1
12021,Rigid,771687,771837,772719,150,882,1032,completed,1
12022,Rigid,771687,771715,776148,28,4433,4461,completed,1
12023,Rigid,771687,771837,772714,150,877,1027,completed,1
12024,Rigid,771687,771837,772717,150,880,1030,completed,1
12025,Rigid,771687,771837,772717,150,880,1030,completed,1
12026,Rigid,771687,771837,772702,150,865,1015,completed,1
12027,Rigid,771687,771837,772707,150,870,1020,completed,1
12028,Rigid,771687,771837,772707,150,870,1020,completed,1
12029,Rigid,771687,771837,772707,150,870,1020,completed,1
12030,Rigid,771687,771837,772729,150,892,1042,completed,1
12031,Rigid,771687,771837,772727,150,890,1040,completed,1
12032,Rigid,771687,771837,772527,150,690,840,completed,1
12033,Rigid,771687,771715,776148,28,4433,4461,completed,1
12034,Rigid,771687,771837,772703,150,866,1016,completed,1
12035,Rigid,771687,771837,772703,150,866,1016,completed,1
12036,Rigid,771687,771837,772734,150,897,1047,completed,1
12037,Rigid,771687,771837,772747,150,910,1060,completed,1
12038,Rigid,771687,771837,772716,150,879,1029,completed,1
12039,Rigid,771687,771837,772657,150,820,970,completed,1
12040,Rigid,771687,771837,772712,150,875,1025,completed,1
12041,Rigid,771687,771837,772701,150,864,1014,completed,1
12042,Rigid,771687,771837,772717,150,880,1030,completed,1
12043,Rigid,771687,771837,772705,150,868,1018,completed,1
12044,Rigid,771687,771715,776148,28,4433,4461,completed,1
12045,Rigid,771687,771837,772719,150,882,1032,completed,1
12046,Rigid,771687,771837,772700,150,863,1013,completed,1
12047,Rigid,771687,771837,772701,150,864,1014,completed,1
12048,Rigid,771687,771837,772698,150,861,1011,completed,1
12049,Rigid,771687,771837,772035,150,198,348,completed,1
12050,Rigid,771687,771837,772039,150,202,352,completed,1
12051,Rigid,771687,771837,772042,150,205,355,completed,1
12052,Rigid,771687,771837,772035,150,198,348,completed,1
12053,Rigid,771687,771837,772037,150,200,350,completed,1
12054,Rigid,771687,771837,772034,150,197,347,completed,1
12055,Rigid,771687,771715,776148,28,4433,4461,completed,1
12056,Rigid,771687,771837,772041,150,204,354,completed,1
12057,Rigid,771687,771928,772129,241,201,442,completed,1
12058,Rigid,771687,771928,772129,241,201,442,completed,1
12059,Rigid,771687,771928,772125,241,197,438,completed,1
12060,Rigid,771687,771928,772122,241,194,435,completed,1
12061,Rigid,771687,771928,772126,241,198,439,completed,1
12062,Rigid,771687,771928,772131,241,203,444,completed,1
12063,Rigid,771687,771928,772126,241,198,439,completed,1
12064,Rigid,771687,771928,772125,241,197,438,completed,1
12065,Rigid,771687,771928,772125,241,197,438,completed,1
12066,Rigid,771687,771715,776148,28,4433,4461,completed,1
12067,Rigid,771687,771928,772125,241,197,438,completed,1
12068,Rigid,771687,771928,772126,241,198,439,completed,1
12069,Rigid,771687,771928,772125,241,197,438,completed,1
12070,Rigid,771687,771928,772129,241,201,442,completed,1
12071,Rigid,771687,771928,772129,241,201,442,completed,1
12072,Rigid,771687,771928,772127,241,199,440,completed,1
12073,Rigid,771687,771928,772126,241,198,439,completed,1
12074,Rigid,771687,771928,772123,241,195,436,completed,1
12075,Rigid,771687,771928,772129,241,201,442,completed,1
12076,Rigid,771687,771715,776148,28,4433,4461,completed,1
12077,Rigid,771687,771715,776148,28,4433,4461,completed,1
12078,Rigid,771687,771714,776148,27,4434,4461,completed,1
12079,Rigid,771687,771715,776148,28,4433,4461,completed,1
12080,Rigid,771687,771715,776148,28,4433,4461,completed,1
12081,Rigid,771687,771715,776148,28,4433,4461,completed,1
12082,Rigid,771687,771715,776148,28,4433,4461,completed,1
12083,Rigid,771687,771715,771989,28,274,302,completed,1
12084,Rigid,771687,771715,771985,28,270,298,completed,1
12085,Rigid,771687,771715,771984,28,269,297,completed,1
12086,Rigid,771687,771715,771986,28,271,299,completed,1
12087,Rigid,771687,771715,771991,28,276,304,completed,1
12088,Rigid,771687,771715,771991,28,276,304,completed,1
12089,Rigid,771687,771714,776148,27,4434,4461,completed,1
12090,Rigid,771687,771715,771983,28,268,296,completed,1
12091,Rigid,771687,771715,771985,28,270,298,completed,1
12092,Rigid,771687,771715,771983,28,268,296,completed,1
12093,Rigid,771687,771715,771984,28,269,297,completed,1
12094,Rigid,771687,771715,771984,28,269,297,completed,1
12095,Rigid,771687,771715,771984,28,269,297,completed,1
12096,Rigid,771687,771715,771982,28,267,295,completed,1
12097,Rigid,771687,771715,771983,28,268,296,completed,1
12098,Rigid,771687,771715,771981,28,266,294,completed,1
12099,Rigid,771687,771715,771983,28,268,296,completed,1
12100,Rigid,771687,771714,776148,27,4434,4461,completed,1
12101,Rigid,771687,771715,771982,28,267,295,completed,1
12102,Rigid,771687,771715,771987,28,272,300,completed,1
12103,Rigid,771687,771715,771985,28,270,298,completed,1
12104,Rigid,771687,771715,771984,28,269,297,completed,1
12105,Rigid,771687,771715,771982,28,267,295,completed,1
12106,Rigid,771687,771715,771982,28,267,295,completed,1
12107,Rigid,771687,771715,771987,28,272,300,completed,1
12108,Rigid,771687,771715,771987,28,272,300,completed,1
12109,Rigid,771687,771715,771987,28,272,300,completed,1
12110,Rigid,771687,771715,772054,28,339,367,completed,1
12111,Rigid,771687,771714,776148,27,4434,4461,completed,1
12112,Rigid,771687,771715,772056,28,341,369,completed,1
12113,Rigid,771687,771715,772021,28,306,334,completed,1
12114,Rigid,771687,771715,772010,28,295,323,completed,1
12115,Rigid,771687,771715,772026,28,311,339,completed,1
12116,Rigid,771687,771715,772060,28,345,373,completed,1
12117,Rigid,771687,771715,772072,28,357,385,completed,1
12118,Rigid,771687,771715,772039,28,324,352,completed,1
12119,Rigid,771687,771715,772007,28,292,320,completed,1
12120,Rigid,771687,771715,772063,28,348,376,completed,1
12121,Rigid,771687,771715,772051,28,336,364,completed,1
12122,Rigid,771687,771714,776148,27,4434,4461,completed,1
12123,Rigid,771687,771715,772071,28,356,384,completed,1
12124,Rigid,771687,771715,772088,28,373,401,completed,1
12125,Rigid,771687,771715,772032,28,317,345,completed,1
12126,Rigid,771687,771715,772047,28,332,360,completed,1
12127,Rigid,771687,771715,772028,28,313,341,completed,1
12128,Rigid,771687,771715,772065,28,350,378,completed,1
12129,Rigid,771687,771715,772015,28,300,328,completed,1
12130,Rigid,771687,771715,772021,28,306,334,completed,1
12131,Rigid,771687,771715,772069,28,354,382,completed,1
12132,Rigid,771687,771715,772030,28,315,343,completed,1
12133,Rigid,771687,771714,776148,27,4434,4461,completed,1
12134,Rigid,771687,771715,772014,28,299,327,completed,1
12135,Rigid,771687,771715,772039,28,324,352,completed,1
12136,Rigid,771687,771715,772038,28,323,351,completed,1
12137,Rigid,771687,771806,772069,119,263,382,completed,1
12138,Rigid,771687,771806,772070,119,264,383,completed,1
12139,Rigid,771687,771806,772071,119,265,384,completed,1
12140,Rigid,771687,771806,772068,119,262,381,completed,1
12141,Rigid,771687,771806,772068,119,262,381,completed,1
12142,Rigid,771687,771806,772072,119,266,385,completed,1
12143,Rigid,771687,771806,772071,119,265,384,completed,1
12144,Rigid,771687,771715,776148,28,4433,4461,completed,1
12145,Rigid,771687,771806,772068,119,262,381,completed,1
12146,Rigid,771687,771806,772069,119,263,382,completed,1
12147,Rigid,771687,771806,772067,119,261,380,completed,1
12148,Rigid,771687,771806,772070,119,264,383,completed,1
12149,Rigid,771687,771806,772067,119,261,380,completed,1
12150,Rigid,771687,771806,772075,119,269,388,completed,1
12151,Rigid,771687,771806,772075,119,269,388,completed,1
12152,Rigid,771687,771806,772067,119,261,380,completed,1
12153,Rigid,771687,771806,772069,119,263,382,completed,1
12154,Rigid,771687,771806,772075,119,269,388,completed,1
12155,Rigid,771687,771715,776148,28,4433,4461,completed,1
12156,Rigid,771687,771806,772077,119,271,390,completed,1
12157,Rigid,771687,771806,772086,119,280,399,completed,1
12158,Rigid,771687,771806,772073,119,267,386,completed,1
12159,Rigid,771687,771806,772067,119,261,380,completed,1
12160,Rigid,771687,771806,772068,119,262,381,completed,1
12161,Rigid,771687,771806,772069,119,263,382,completed,1
12162,Rigid,771687,771806,772072,119,266,385,completed,1
12163,Rigid,771687,771806,772076,119,270,389,completed,1
12164,Rigid,771694,771695,771767,1,72,73,completed,108
12165,Rigid,771695,771698,771774,3,76,79,completed,108
12166,Rigid,771747,771748,771764,1,16,17,completed,144
12167,Rigid,771760,771766,771782,6,16,22,completed,144
12168,Rigid,771872,771872,771888,0,16,16,completed,144
12169,Rigid,771896,771896,771922,0,26,26,completed,144
12170,Rigid,771979,771980,772006,1,26,27,completed,144
12171,Rigid,771980,771982,772008,2,26,28,completed,144
12172,Rigid,772011,772012,772048,1,36,37,completed,144
12173,Rigid,772131,772132,772170,1,38,39,completed,144
12174,Rigid,772132,772132,772169,0,37,37,completed,144
12175,Rigid,772176,772176,772223,0,47,47,completed,144
12176,Rigid,772237,772333,841709,96,69376,69472,completed,216
12177,Rigid,772241,772242,772291,1,49,50,completed,144
12178,Rigid,772242,772242,772291,0,49,49,completed,144
12179,Rigid,772268,772333,841531,65,69198,69263,completed,216
12180,Rigid,772350,773436,773497,1086,61,1147,completed,144
12181,Rigid,772528,772757,772870,229,113,342,completed,36
12182,Rigid,772616,781860,830468,9244,48608,57852,completed,36
12183,Rigid,772616,781968,845935,9352,63967,73319,completed,36
12184,Rigid,772616,781968,889786,9352,107818,117170,completed,36
12185,Rigid,772805,773498,773559,693,61,754,completed,144
12186,Rigid,772806,773561,773616,755,55,810,completed,144
12187,Rigid,772832,773618,773632,786,14,800,completed,180
12188,Rigid,773342,773342,776367,0,3025,3025,completed,36
12189,Rigid,773435,773633,838484,198,64851,65049,completed,216
12190,Rigid,773591,820349,969689,46758,149340,196098,completed,756
12191,Rigid,773693,774154,774169,461,15,476,completed,180
12192,Rigid,773694,774170,774185,476,15,491,completed,180
12193,Rigid,773715,774186,774209,471,23,494,completed,180
12194,Rigid,773729,774210,774241,481,31,512,completed,180
12195,Rigid,773749,774242,774283,493,41,534,completed,180
12196,Rigid,773772,774284,774332,512,48,560,completed,180
12197,Rigid,774153,774333,839370,180,65037,65217,completed,216
12198,Rigid,774531,774747,774761,216,14,230,completed,216
12199,Rigid,774555,774763,774783,208,20,228,completed,216
12200,Rigid,774573,774785,774811,212,26,238,completed,216
12201,Rigid,774577,774892,841273,315,66381,66696,completed,36
12202,Rigid,774577,774892,947696,315,172804,173119,completed,36
12203,Rigid,774577,774892,819252,315,44360,44675,completed,36
12204,Rigid,774591,774813,774846,222,33,255,completed,216
12205,Rigid,774609,774848,774890,239,42,281,completed,216
12206,Rigid,774746,776818,846079,2072,69261,71333,completed,216
12207,Rigid,775145,775146,775152,1,6,7,completed,36
12208,Rigid,775250,776354,776468,1104,114,1218,completed,252
12209,Rigid,775262,776470,776571,1208,101,1309,completed,288
12210,Rigid,775424,776631,776726,1207,95,1302,completed,324
12211,Rigid,775433,776728,776816,1295,88,1383,completed,360
12212,Rigid,775468,775468,778782,0,3314,3314,completed,36
12213,Rigid,776244,776244,778753,0,2509,2509,completed,36
12214,Rigid,776352,779849,844781,3497,64932,68429,completed,216
12215,Rigid,776640,776654,776941,14,287,301,completed,1
12216,Rigid,776640,776654,776891,14,237,251,completed,1
12217,Rigid,776640,776651,784413,11,7762,7773,completed,1
12218,Rigid,776640,776654,776880,14,226,240,completed,1
12219,Rigid,776640,776654,777243,14,589,603,completed,1
12220,Rigid,776640,776654,777061,14,407,421,completed,1
12221,Rigid,776640,776654,776888,14,234,248,completed,1
12222,Rigid,776640,776654,777243,14,589,603,completed,1
12223,Rigid,776640,776654,777032,14,378,392,completed,1
12224,Rigid,776640,776654,777076,14,422,436,completed,1
12225,Rigid,776640,776654,776889,14,235,249,completed,1
12226,Rigid,776640,776654,776879,14,225,239,completed,1
12227,Rigid,776640,776654,777059,14,405,419,completed,1
12228,Rigid,776640,776651,783820,11,7169,7180,completed,1
12229,Rigid,776640,776651,784444,11,7793,7804,completed,1
12230,Rigid,776640,776654,776854,14,200,214,completed,1
12231,Rigid,776640,776655,776884,15,229,244,completed,1
12232,Rigid,776640,776655,776879,15,224,239,completed,1
12233,Rigid,776640,776655,777205,15,550,565,completed,1
12234,Rigid,776640,776655,777340,15,685,700,completed,1
12235,Rigid,776640,776655,776880,15,225,240,completed,1
12236,Rigid,776640,776655,776881,15,226,241,completed,1
12237,Rigid,776640,776655,776884,15,229,244,completed,1
12238,Rigid,776640,776655,777060,15,405,420,completed,1
12239,Rigid,776640,776655,777021,15,366,381,completed,1
12240,Rigid,776640,776651,783909,11,7258,7269,completed,1
12241,Rigid,776640,776655,777376,15,721,736,completed,1
12242,Rigid,776640,776655,776882,15,227,242,completed,1
12243,Rigid,776640,776655,777073,15,418,433,completed,1
12244,Rigid,776640,776655,776881,15,226,241,completed,1
12245,Rigid,776640,776655,777588,15,933,948,completed,1
12246,Rigid,776640,776655,777482,15,827,842,completed,1
12247,Rigid,776640,776655,777575,15,920,935,completed,1
12248,Rigid,776640,776655,777534,15,879,894,completed,1
12249,Rigid,776640,776655,777639,15,984,999,completed,1
12250,Rigid,776640,776655,777501,15,846,861,completed,1
12251,Rigid,776640,776651,784085,11,7434,7445,completed,1
12252,Rigid,776640,776655,777625,15,970,985,completed,1
12253,Rigid,776640,776655,777633,15,978,993,completed,1
12254,Rigid,776640,776655,777617,15,962,977,completed,1
12255,Rigid,776640,776655,777626,15,971,986,completed,1
12256,Rigid,776640,776655,777573,15,918,933,completed,1
12257,Rigid,776640,776655,777605,15,950,965,completed,1
12258,Rigid,776640,776655,777641,15,986,1001,completed,1
12259,Rigid,776640,776655,777581,15,926,941,completed,1
12260,Rigid,776640,776655,777570,15,915,930,completed,1
12261,Rigid,776640,776655,777559,15,904,919,completed,1
12262,Rigid,776640,776651,784066,11,7415,7426,completed,1
12263,Rigid,776640,776655,777557,15,902,917,completed,1
12264,Rigid,776640,776655,777638,15,983,998,completed,1
12265,Rigid,776640,776655,777639,15,984,999,completed,1
12266,Rigid,776640,776655,777586,15,931,946,completed,1
12267,Rigid,776640,776655,777488,15,833,848,completed,1
12268,Rigid,776640,776655,777627,15,972,987,completed,1
12269,Rigid,776640,776655,777636,15,981,996,completed,1
12270,Rigid,776640,776655,777587,15,932,947,completed,1
12271,Rigid,776640,776655,777577,15,922,937,completed,1
12272,Rigid,776640,776655,777583,15,928,943,completed,1
12273,Rigid,776640,776651,783940,11,7289,7300,completed,1
12274,Rigid,776640,776655,777561,15,906,921,completed,1
12275,Rigid,776640,776655,777574,15,919,934,completed,1
12276,Rigid,776640,776656,777593,16,937,953,completed,1
12277,Rigid,776640,776656,777601,16,945,961,completed,1
12278,Rigid,776640,776656,777593,16,937,953,completed,1
12279,Rigid,776640,776656,777575,16,919,935,completed,1
12280,Rigid,776640,776656,777579,16,923,939,completed,1
12281,Rigid,776640,776656,777585,16,929,945,completed,1
12282,Rigid,776640,776656,777588,16,932,948,completed,1
12283,Rigid,776640,776656,777392,16,736,752,completed,1
12284,Rigid,776640,776651,784191,11,7540,7551,completed,1
12285,Rigid,776640,776656,777577,16,921,937,completed,1
12286,Rigid,776640,776656,777563,16,907,923,completed,1
12287,Rigid,776640,776656,777576,16,920,936,completed,1
12288,Rigid,776640,776656,777559,16,903,919,completed,1
12289,Rigid,776640,776656,777579,16,923,939,completed,1
12290,Rigid,776640,776656,777530,16,874,890,completed,1
12291,Rigid,776640,776656,777579,16,923,939,completed,1
12292,Rigid,776640,776656,777573,16,917,933,completed,1
12293,Rigid,776640,776656,777566,16,910,926,completed,1
12294,Rigid,776640,776656,777574,16,918,934,completed,1
12295,Rigid,776640,776651,783706,11,7055,7066,completed,1
12296,Rigid,776640,776656,777579,16,923,939,completed,1
12297,Rigid,776640,776656,777587,16,931,947,completed,1
12298,Rigid,776640,776656,777583,16,927,943,completed,1
12299,Rigid,776640,776656,777561,16,905,921,completed,1
12300,Rigid,776640,776656,776869,16,213,229,completed,1
12301,Rigid,776640,776656,776872,16,216,232,completed,1
12302,Rigid,776640,776656,776873,16,217,233,completed,1
12303,Rigid,776640,776656,776876,16,220,236,completed,1
12304,Rigid,776640,776656,776871,16,215,231,completed,1
12305,Rigid,776640,776656,776869,16,213,229,completed,1
12306,Rigid,776640,776651,783697,11,7046,7057,completed,1
12307,Rigid,776640,776656,776869,16,213,229,completed,1
12308,Rigid,776640,776656,776869,16,213,229,completed,1
12309,Rigid,776640,776656,776871,16,215,231,completed,1
12310,Rigid,776640,776656,776872,16,216,232,completed,1
12311,Rigid,776640,776656,776865,16,209,225,completed,1
12312,Rigid,776640,776656,776869,16,213,229,completed,1
12313,Rigid,776640,776656,776872,16,216,232,completed,1
12314,Rigid,776640,776656,776869,16,213,229,completed,1
12315,Rigid,776640,776656,776869,16,213,229,completed,1
12316,Rigid,776640,776656,776872,16,216,232,completed,1
12317,Rigid,776640,776651,784195,11,7544,7555,completed,1
12318,Rigid,776640,776656,776871,16,215,231,completed,1
12319,Rigid,776640,776656,776870,16,214,230,completed,1
12320,Rigid,776640,776656,776868,16,212,228,completed,1
12321,Rigid,776640,776656,776872,16,216,232,completed,1
12322,Rigid,776640,776656,776872,16,216,232,completed,1
12323,Rigid,776640,776656,776849,16,193,209,completed,1
12324,Rigid,776640,776656,776847,16,191,207,completed,1
12325,Rigid,776640,776656,776844,16,188,204,completed,1
12326,Rigid,776640,776656,776846,16,190,206,completed,1
12327,Rigid,776640,776651,784127,11,7476,7487,completed,1
12328,Rigid,776640,776651,783714,11,7063,7074,completed,1
12329,Rigid,776640,776651,783962,11,7311,7322,completed,1
12330,Rigid,776640,776651,783719,11,7068,7079,completed,1
12331,Rigid,776640,776651,784241,11,7590,7601,completed,1
12332,Rigid,776640,776651,783748,11,7097,7108,completed,1
12333,Rigid,776640,776651,784124,11,7473,7484,completed,1
12334,Rigid,776640,776651,776899,11,248,259,completed,1
12335,Rigid,776640,776651,776901,11,250,261,completed,1
12336,Rigid,776640,776651,776902,11,251,262,completed,1
12337,Rigid,776640,776651,776902,11,251,262,completed,1
12338,Rigid,776640,776651,776901,11,250,261,completed,1
12339,Rigid,776640,776652,776898,12,246,258,completed,1
12340,Rigid,776640,776651,784399,11,7748,7759,completed,1
12341,Rigid,776640,776652,776897,12,245,257,completed,1
12342,Rigid,776640,776652,776898,12,246,258,completed,1
12343,Rigid,776640,776652,776900,12,248,260,completed,1
12344,Rigid,776640,776652,776899,12,247,259,completed,1
12345,Rigid,776640,776652,776897,12,245,257,completed,1
12346,Rigid,776640,776652,776899,12,247,259,completed,1
12347,Rigid,776640,776652,776897,12,245,257,completed,1
12348,Rigid,776640,776652,776899,12,247,259,completed,1
12349,Rigid,776640,776652,776896,12,244,256,completed,1
12350,Rigid,776640,776652,776901,12,249,261,completed,1
12351,Rigid,776640,776651,784411,11,7760,7771,completed,1
12352,Rigid,776640,776652,776900,12,248,260,completed,1
12353,Rigid,776640,776652,776898,12,246,258,completed,1
12354,Rigid,776640,776652,776897,12,245,257,completed,1
12355,Rigid,776640,776652,776897,12,245,257,completed,1
12356,Rigid,776640,776652,776901,12,249,261,completed,1
12357,Rigid,776640,776652,776905,12,253,265,completed,1
12358,Rigid,776640,776652,776900,12,248,260,completed,1
12359,Rigid,776640,776652,776894,12,242,254,completed,1
12360,Rigid,776640,776652,776896,12,244,256,completed,1
12361,Rigid,776640,776652,776967,12,315,327,completed,1
12362,Rigid,776640,776651,783927,11,7276,7287,completed,1
12363,Rigid,776640,776652,776976,12,324,336,completed,1
12364,Rigid,776640,776652,776936,12,284,296,completed,1
12365,Rigid,776640,776652,776920,12,268,280,completed,1
12366,Rigid,776640,776652,776936,12,284,296,completed,1
12367,Rigid,776640,776652,776968,12,316,328,completed,1
12368,Rigid,776640,776652,776986,12,334,346,completed,1
12369,Rigid,776640,776652,776953,12,301,313,completed,1
12370,Rigid,776640,776652,776929,12,277,289,completed,1
12371,Rigid,776640,776653,776980,13,327,340,completed,1
12372,Rigid,776640,776653,776967,13,314,327,completed,1
12373,Rigid,776640,776651,783951,11,7300,7311,completed,1
12374,Rigid,776640,776653,776986,13,333,346,completed,1
12375,Rigid,776640,776653,776998,13,345,358,completed,1
12376,Rigid,776640,776653,776960,13,307,320,completed,1
12377,Rigid,776640,776653,776974,13,321,334,completed,1
12378,Rigid,776640,776653,776955,13,302,315,completed,1
12379,Rigid,776640,776653,776981,13,328,341,completed,1
12380,Rigid,776640,776653,776936,13,283,296,completed,1
12381,Rigid,776640,776654,776934,14,280,294,completed,1
12382,Rigid,776640,776654,776986,14,332,346,completed,1
12383,Rigid,776640,776654,776951,14,297,311,completed,1
12384,Rigid,776640,776651,782973,11,6322,6333,completed,1
12385,Rigid,776640,776654,776936,14,282,296,completed,1
12386,Rigid,776640,776654,776949,14,295,309,completed,1
12387,Rigid,776640,776654,776951,14,297,311,completed,1
12388,Rigid,776640,776654,776936,14,282,296,completed,1
12389,Rigid,776640,776654,776933,14,279,293,completed,1
12390,Rigid,776640,776654,776945,14,291,305,completed,1
12391,Rigid,776640,776654,776945,14,291,305,completed,1
12392,Rigid,776640,776654,776933,14,279,293,completed,1
12393,Rigid,776640,776654,776936,14,282,296,completed,1
12394,Rigid,776640,776654,776934,14,280,294,completed,1
12395,Rigid,776640,776651,783980,11,7329,7340,completed,1
12396,Rigid,776640,776654,776945,14,291,305,completed,1
12397,Rigid,776640,776654,776953,14,299,313,completed,1
12398,Rigid,776640,776654,776942,14,288,302,completed,1
12399,Rigid,776640,776654,776935,14,281,295,completed,1
12400,Rigid,776640,776654,776936,14,282,296,completed,1
12401,Rigid,776640,776654,776934,14,280,294,completed,1
12402,Rigid,776640,776654,776941,14,287,301,completed,1
12403,Rigid,776640,776654,776939,14,285,299,completed,1
12404,Rigid,776640,776654,776937,14,283,297,completed,1
12405,Rigid,776640,776654,776936,14,282,296,completed,1
12406,Rigid,776640,776651,783519,11,6868,6879,completed,1
12407,Rigid,776640,776654,776933,14,279,293,completed,1
12408,Rigid,776640,776654,776934,14,280,294,completed,1
12409,Rigid,776640,776654,776935,14,281,295,completed,1
12410,Rigid,776640,776654,776944,14,290,304,completed,1
12411,Rigid,776640,776654,776942,14,288,302,completed,1
12412,Rigid,776640,776654,776936,14,282,296,completed,1
12413,Rigid,776640,776654,776938,14,284,298,completed,1
12414,Rigid,776640,776654,776946,14,292,306,completed,1
12415,Rigid,776810,895046,1067856,118236,172810,291046,completed,36
12416,Rigid,776810,906928,1079732,130118,172804,302922,completed,36
12417,Rigid,776810,910648,1083461,133838,172813,306651,completed,36
12418,Rigid,777144,781968,845756,4824,63788,68612,completed,36
12419,Rigid,777144,781969,843897,4825,61928,66753,completed,36
12420,Rigid,777144,781969,900237,4825,118268,123093,completed,36
12421,Rigid,777976,777977,792185,1,14208,14209,completed,36
12422,Rigid,777976,777977,792030,1,14053,14054,completed,36
12423,Rigid,777976,778058,792051,82,13993,14075,completed,36
12424,Rigid,777976,778058,792033,82,13975,14057,completed,36
12425,Rigid,777976,778371,792477,395,14106,14501,completed,36
12426,Rigid,777976,778371,792482,395,14111,14506,completed,36
12427,Rigid,777977,778755,781699,778,2944,3722,completed,36
12428,Rigid,777977,778783,781509,806,2726,3532,completed,36
12429,Rigid,777977,778371,792533,394,14162,14556,completed,36
12430,Rigid,777977,778371,792306,394,13935,14329,completed,36
12431,Rigid,777977,778371,792361,394,13990,14384,completed,36
12432,Rigid,777977,778371,792263,394,13892,14286,completed,36
12433,Rigid,777977,778371,792306,394,13935,14329,completed,36
12434,Rigid,777977,778371,792343,394,13972,14366,completed,36
12435,Rigid,777977,778371,792306,394,13935,14329,completed,36
12436,Rigid,777977,778371,792564,394,14193,14587,completed,36
12437,Rigid,780662,780863,780959,201,96,297,completed,324
12438,Rigid,780732,780961,781062,229,101,330,completed,288
12439,Rigid,780846,781063,781175,217,112,329,completed,252
12440,Rigid,780861,780861,1140889,0,360028,360028,completed,36
12441,Rigid,780888,781744,781836,856,92,948,completed,360
12442,Rigid,780989,781838,781912,849,74,923,completed,540
12443,Rigid,781216,781228,781370,12,142,154,completed,180
12444,Rigid,781278,798789,815296,17511,16507,34018,completed,36
12445,Rigid,781278,800577,803705,19299,3128,22427,completed,36
12446,Rigid,781278,801395,868407,20117,67012,87129,completed,36
12447,Rigid,781278,803706,848377,22428,44671,67099,completed,36
12448,Rigid,781278,781969,793680,691,11711,12402,completed,36
12449,Rigid,781278,805112,809758,23834,4646,28480,completed,36
12450,Rigid,781278,809573,852289,28295,42716,71011,completed,36
12451,Rigid,781278,809759,814999,28481,5240,33721,completed,36
12452,Rigid,781278,809971,861275,28693,51304,79997,completed,36
12453,Rigid,781278,811499,840426,30221,28927,59148,completed,36
12454,Rigid,781278,811590,812466,30312,876,31188,completed,36
12455,Rigid,781278,812466,864659,31188,52193,83381,completed,36
12456,Rigid,781278,785795,795406,4517,9611,14128,completed,36
12457,Rigid,781278,792050,801394,10772,9344,20116,completed,36
12458,Rigid,781278,792321,815429,11043,23108,34151,completed,36
12459,Rigid,781278,792501,818138,11223,25637,36860,completed,36
12460,Rigid,781278,793703,814010,12425,20307,32732,completed,36
12461,Rigid,781278,794634,798787,13356,4153,17509,completed,36
12462,Rigid,781278,795174,800577,13896,5403,19299,completed,36
12463,Rigid,781278,795408,824962,14130,29554,43684,completed,36
12464,Rigid,781636,781913,781967,277,54,331,completed,576
12465,Rigid,782033,793259,795372,11226,2113,13339,completed,576
12466,Rigid,785730,787860,1017584,2130,229724,231854,completed,216
12467,Rigid,787858,795377,879823,7519,84446,91965,completed,144
12468,Rigid,789007,789010,789040,3,30,33,completed,36
12469,Rigid,789312,789312,790751,0,1439,1439,completed,36
12470,Rigid,790303,795377,816199,5074,20822,25896,completed,144
12471,Rigid,790388,795377,815670,4989,20293,25282,completed,144
12472,Rigid,799195,799195,799197,0,2,2,completed,16
12473,Rigid,799834,799835,799888,1,53,54,completed,36
12474,Rigid,800013,800014,800024,1,10,11,completed,36
12475,Rigid,803595,803597,860392,2,56795,56797,completed,216
12476,Rigid,809034,809035,852260,1,43225,43226,completed,36
12477,Rigid,809082,809083,809088,1,5,6,completed,36
12478,Rigid,811191,811192,854420,1,43228,43229,completed,36
12479,Rigid,813699,813699,813701,0,2,2,completed,1
12480,Rigid,813709,813709,813713,0,4,4,completed,1
12481,Rigid,813709,813709,813713,0,4,4,completed,1
12482,Rigid,813709,813709,813713,0,4,4,completed,1
12483,Rigid,813709,813709,813713,0,4,4,completed,1
12484,Rigid,813740,813740,813743,0,3,3,completed,1
12485,Rigid,813740,813740,813743,0,3,3,completed,1
12486,Rigid,813740,813740,813743,0,3,3,completed,1
12487,Rigid,813740,813740,813743,0,3,3,completed,1
12488,Rigid,813760,813761,813763,1,2,3,completed,1
12489,Rigid,813760,813761,813767,1,6,7,completed,1
12490,Rigid,813760,813761,813763,1,2,3,completed,1
12491,Rigid,813760,813761,813769,1,8,9,completed,1
12492,Rigid,813760,813761,813774,1,13,14,completed,1
12493,Rigid,814348,814354,979005,6,164651,164657,completed,108
12494,Rigid,814511,814534,968714,23,154180,154203,completed,22
12495,Rigid,814561,814561,814564,0,3,3,completed,1
12496,Rigid,816504,816505,816507,1,2,3,completed,1
12497,Rigid,816524,816525,816527,1,2,3,completed,1
12498,Rigid,816543,816544,816546,1,2,3,completed,1
12499,Rigid,816759,816760,816762,1,2,3,completed,1
12500,Rigid,817259,817260,817264,1,4,5,completed,1
12501,Rigid,817320,817320,817323,0,3,3,completed,1
12502,Rigid,817371,817372,817400,1,28,29,completed,1
12503,Rigid,817435,817436,817438,1,2,3,completed,1
12504,Rigid,819010,819011,819189,1,178,179,completed,1
12505,Rigid,820109,820110,876860,1,56750,56751,completed,216
12506,Rigid,821470,821471,821478,1,7,8,completed,1
12507,Rigid,821758,821759,821776,1,17,18,completed,1
12508,Rigid,822398,822399,822400,1,1,2,completed,1
12509,Rigid,822408,822409,824211,1,1802,1803,completed,1
12510,Rigid,822408,822409,824240,1,1831,1832,completed,1
12511,Rigid,824272,824272,824275,0,3,3,completed,1
12512,Rigid,824272,824272,824275,0,3,3,completed,1
12513,Rigid,824272,824272,824279,0,7,7,completed,1
12514,Rigid,824272,824272,824284,0,12,12,completed,1
12515,Rigid,824272,824272,824295,0,23,23,completed,1
12516,Rigid,826924,826925,826978,1,53,54,completed,1
12517,Rigid,827068,827068,827077,0,9,9,completed,1
12518,Rigid,830939,830940,889445,1,58505,58506,completed,216
12519,Rigid,834280,834281,834284,1,3,4,completed,36
12520,Rigid,835170,835171,835174,1,3,4,completed,36
12521,Rigid,836592,836593,836596,1,3,4,completed,36
12522,Rigid,836820,836820,836823,0,3,3,completed,36
12523,Rigid,837198,837199,837202,1,3,4,completed,36
12524,Rigid,838484,838484,903642,0,65158,65158,completed,216
12525,Rigid,839370,839370,904240,0,64870,64870,completed,216
12526,Rigid,840349,840349,840353,0,4,4,completed,36
12527,Rigid,840842,840843,840846,1,3,4,completed,36
12528,Rigid,841376,841376,841379,0,3,3,completed,36
12529,Rigid,841531,841531,910736,0,69205,69205,completed,216
12530,Rigid,841709,841710,910798,1,69088,69089,completed,216
12531,Rigid,841842,841843,841846,1,3,4,completed,36
12532,Rigid,842101,842101,842105,0,4,4,completed,36
12533,Rigid,842426,842426,842429,0,3,3,completed,36
12534,Rigid,842718,842718,842721,0,3,3,completed,36
12535,Rigid,843094,843095,843098,1,3,4,completed,36
12536,Rigid,844781,844782,910170,1,65388,65389,completed,216
12537,Rigid,846079,846080,915382,1,69302,69303,completed,216
12538,Rigid,849949,849950,936355,1,86405,86406,completed,144
12539,Rigid,851142,851143,852569,1,1426,1427,completed,180
12540,Rigid,851739,851739,894952,0,43213,43213,completed,36
12541,Rigid,853021,853022,853178,1,156,157,completed,180
12542,Rigid,853195,853195,853264,0,69,69,completed,180
12543,Rigid,853677,853677,976480,0,122803,122803,completed,22
12544,Rigid,854675,854676,854783,1,107,108,completed,180
12545,Rigid,854981,854981,855021,0,40,40,completed,36
12546,Rigid,855544,855544,855560,0,16,16,completed,36
12547,Rigid,855595,855595,855626,0,31,31,completed,36
12548,Rigid,855940,855940,856014,0,74,74,completed,180
12549,Rigid,857725,857725,943923,0,86198,86198,completed,144
12550,Rigid,858327,858327,858405,0,78,78,completed,180
12551,Rigid,858758,858759,858802,1,43,44,completed,180
12552,Rigid,859038,859038,859081,0,43,43,completed,180
12553,Rigid,859153,859153,859196,0,43,43,completed,180
12554,Rigid,859271,859271,859314,0,43,43,completed,180
12555,Rigid,859347,859348,859394,1,46,47,completed,180
12556,Rigid,859854,859855,859929,1,74,75,completed,180
12557,Rigid,860392,860393,917432,1,57039,57040,completed,216
12558,Rigid,860845,860846,1277665,1,416819,416820,completed,180
12559,Rigid,861576,861577,869018,1,7441,7442,completed,36
12560,Rigid,861801,861802,872485,1,10683,10684,completed,36
12561,Rigid,862296,862296,875812,0,13516,13516,completed,36
12562,Rigid,862306,862306,862767,0,461,461,completed,36
12563,Rigid,862425,862426,948092,1,85666,85667,completed,144
12564,Rigid,862542,862542,862601,0,59,59,completed,36
12565,Rigid,862546,862546,862601,0,55,55,completed,36
12566,Rigid,862622,862623,862760,1,137,138,completed,36
12567,Rigid,870020,870021,870127,1,106,107,completed,36
12568,Rigid,874656,874657,1277669,1,403012,403013,completed,216
12569,Rigid,875569,875569,876214,0,645,645,completed,144
12570,Rigid,875969,875970,876539,1,569,570,completed,144
12571,Rigid,876256,876256,876631,0,375,375,completed,144
12572,Rigid,876650,876650,1218676,0,342026,342026,completed,216
12573,Rigid,876669,876672,876675,3,3,6,completed,72
12574,Rigid,876718,876718,876726,0,8,8,completed,72
12575,Rigid,876860,876860,933678,0,56818,56818,completed,216
12576,Rigid,876922,876923,876934,1,11,12,completed,72
12577,Rigid,877038,877039,877050,1,11,12,completed,72
12578,Rigid,877042,877043,1218508,1,341465,341466,completed,180
12579,Rigid,877348,877349,877381,1,32,33,completed,36
12580,Rigid,877430,877430,877462,0,32,32,completed,36
12581,Rigid,877443,877443,877445,0,2,2,completed,36
12582,Rigid,877452,877453,877470,1,17,18,completed,36
12583,Rigid,877903,877903,883256,0,5353,5353,completed,144
12584,Rigid,877981,877982,877984,1,2,3,completed,72
12585,Rigid,878015,878015,1233850,0,355835,355835,completed,216
12586,Rigid,878025,878025,878034,0,9,9,completed,72
12587,Rigid,878607,878608,1224217,1,345609,345610,completed,180
12588,Rigid,879823,879823,966236,0,86413,86413,completed,144
12589,Rigid,882353,882353,882928,0,575,575,completed,9
12590,Rigid,883404,883404,883446,0,42,42,completed,144
12591,Rigid,883462,883462,1056277,0,172815,172815,completed,144
12592,Rigid,884337,884337,884389,0,52,52,completed,36
12593,Rigid,884398,884398,884403,0,5,5,completed,36
12594,Rigid,885850,885852,1058654,2,172802,172804,completed,24
12595,Rigid,885956,885957,1058774,1,172817,172818,completed,22
12596,Rigid,886037,886037,886039,0,2,2,completed,36
12597,Rigid,886096,886096,886185,0,89,89,completed,36
12598,Rigid,886319,886320,891030,1,4710,4711,completed,36
12599,Rigid,886987,886988,1059799,1,172811,172812,completed,24
12600,Rigid,889445,889445,947753,0,58308,58308,completed,216
12601,Rigid,889801,889802,903423,1,13621,13622,completed,36
12602,Rigid,889809,889812,900718,3,10906,10909,completed,36
12603,Rigid,889816,889817,897219,1,7402,7403,completed,36
12604,Rigid,890786,890787,891228,1,441,442,completed,36
12605,Rigid,890999,890999,891059,0,60,60,completed,36
12606,Rigid,891003,891003,891059,0,56,56,completed,36
12607,Rigid,891080,891080,891219,0,139,139,completed,36
12608,Rigid,896812,896815,896818,3,3,6,completed,1
12609,Rigid,896812,896815,896818,3,3,6,completed,1
12610,Rigid,896813,896815,897107,2,292,294,completed,144
12611,Rigid,896813,896815,897160,2,345,347,completed,216
12612,Rigid,896813,896815,897154,2,339,341,completed,216
12613,Rigid,896815,896815,896818,0,3,3,completed,1
12614,Rigid,896815,896815,896820,0,5,5,completed,1
12615,Rigid,896815,896815,896818,0,3,3,completed,1
12616,Rigid,896815,896819,896822,4,3,7,completed,1
12617,Rigid,896818,896819,896822,1,3,4,completed,1
12618,Rigid,896818,896819,896825,1,6,7,completed,1
12619,Rigid,896818,896819,896822,1,3,4,completed,1
12620,Rigid,896819,896819,896821,0,2,2,completed,1
12621,Rigid,896819,896821,896823,2,2,4,completed,2
12622,Rigid,896819,896819,896838,0,19,19,completed,36
12623,Rigid,896819,896819,896838,0,19,19,completed,36
12624,Rigid,896820,896821,896823,1,2,3,completed,1
12625,Rigid,896822,896822,896824,0,2,2,completed,1
12626,Rigid,896822,896823,896826,1,3,4,completed,2
12627,Rigid,896822,896823,896826,1,3,4,completed,1
12628,Rigid,896822,896823,896826,1,3,4,completed,1
12629,Rigid,896823,896823,896825,0,2,2,completed,1
12630,Rigid,896823,896823,896826,0,3,3,completed,1
12631,Rigid,896823,896824,896826,1,2,3,completed,1
12632,Rigid,896825,896826,896828,1,2,3,completed,2
12633,Rigid,896825,896826,896828,1,2,3,completed,1
12634,Rigid,896825,896826,896828,1,2,3,completed,2
12635,Rigid,896825,896826,896828,1,2,3,completed,1
12636,Rigid,896825,896825,896844,0,19,19,completed,36
12637,Rigid,896825,896825,896844,0,19,19,completed,36
12638,Rigid,896826,896826,896828,0,2,2,completed,1
12639,Rigid,896826,896826,896828,0,2,2,completed,1
12640,Rigid,896826,896826,896829,0,3,3,completed,1
12641,Rigid,896826,896826,896828,0,2,2,completed,1
12642,Rigid,896826,896827,896829,1,2,3,completed,1
12643,Rigid,896827,896827,896830,0,3,3,completed,36
12644,Rigid,896827,896828,896831,1,3,4,completed,36
12645,Rigid,896828,896829,896833,1,4,5,completed,18
12646,Rigid,896829,896829,896831,0,2,2,completed,1
12647,Rigid,896830,896830,896832,0,2,2,completed,1
12648,Rigid,896831,896831,896833,0,2,2,completed,1
12649,Rigid,896831,896832,896834,1,2,3,completed,1
12650,Rigid,896831,896831,896833,0,2,2,completed,18
12651,Rigid,896832,896832,896833,0,1,1,completed,1
12652,Rigid,896832,896832,896834,0,2,2,completed,1
12653,Rigid,896832,896833,896835,1,2,3,completed,36
12654,Rigid,896832,896833,896835,1,2,3,completed,36
12655,Rigid,896833,896834,896836,1,2,3,completed,18
12656,Rigid,896833,896834,896836,1,2,3,completed,18
12657,Rigid,903642,903642,968615,0,64973,64973,completed,216
12658,Rigid,904240,904241,969379,1,65138,65139,completed,216
12659,Rigid,910170,910170,975351,0,65181,65181,completed,216
12660,Rigid,910736,910736,980361,0,69625,69625,completed,216
12661,Rigid,910798,910798,980502,0,69704,69704,completed,216
12662,Rigid,915381,915382,984647,1,69265,69266,completed,216
12663,Rigid,935485,935486,936111,1,625,626,completed,1080
12664,Rigid,936689,936689,977071,0,40382,40382,completed,1080
12665,Rigid,938024,938025,938035,1,10,11,completed,72
12666,Rigid,938068,938068,938114,0,46,46,completed,72
12667,Rigid,938364,938364,988485,0,50121,50121,completed,144
12668,Rigid,938364,938364,988992,0,50628,50628,completed,144
12669,Rigid,938364,938364,989325,0,50961,50961,completed,144
12670,Rigid,938364,938368,989059,4,50691,50695,completed,144
12671,Rigid,938364,938368,989279,4,50911,50915,completed,144
12672,Rigid,938364,938368,989484,4,51116,51120,completed,144
12673,Rigid,938364,938368,990200,4,51832,51836,completed,144
12674,Rigid,938364,938758,990148,394,51390,51784,completed,144
12675,Rigid,938364,940649,992128,2285,51479,53764,completed,144
12676,Rigid,938364,943924,996080,5560,52156,57716,completed,144
12677,Rigid,938364,947755,999281,9391,51526,60917,completed,144
12678,Rigid,941368,941369,948792,1,7423,7424,completed,36
12679,Rigid,941373,941373,952058,0,10685,10685,completed,36
12680,Rigid,941381,943139,956824,1758,13685,15443,completed,36
12681,Rigid,943923,945150,1030685,1227,85535,86762,completed,144
12682,Rigid,948092,948093,1033560,1,85467,85468,completed,144
12683,Rigid,957182,957182,957821,0,639,639,completed,36
12684,Rigid,957887,957888,958331,1,443,444,completed,36
12685,Rigid,958465,958466,959666,1,1200,1201,completed,36
12686,Rigid,958639,958639,958641,0,2,2,completed,1
12687,Rigid,958641,958642,958781,1,139,140,completed,10
12688,Rigid,958708,958709,958717,1,8,9,completed,4
12689,Rigid,958875,958875,958877,0,2,2,completed,1
12690,Rigid,958877,958878,964209,1,5331,5332,completed,10
12691,Rigid,960038,960038,961856,0,1818,1818,completed,36
12692,Rigid,960077,960078,960079,1,1,2,completed,1
12693,Rigid,960137,960138,960140,1,2,3,completed,1
12694,Rigid,960144,960144,960146,0,2,2,completed,1
12695,Rigid,960209,960209,960211,0,2,2,completed,1
12696,Rigid,960293,960293,960294,0,1,1,completed,1
12697,Rigid,961998,961999,962616,1,617,618,completed,36
12698,Rigid,963089,963089,963537,0,448,448,completed,36
12699,Rigid,963902,963903,964255,1,352,353,completed,72
12700,Rigid,964158,964159,964161,1,2,3,completed,1
12701,Rigid,966531,966532,966536,1,4,5,completed,1
12702,Rigid,966534,966536,971853,2,5317,5319,completed,10
12703,Rigid,966534,966536,972193,2,5657,5659,completed,10
12704,Rigid,966534,966536,972442,2,5906,5908,completed,10
12705,Rigid,966534,966536,972409,2,5873,5875,completed,10
12706,Rigid,966534,966536,971670,2,5134,5136,completed,10
12707,Rigid,966534,966536,971792,2,5256,5258,completed,10
12708,Rigid,966534,966536,971976,2,5440,5442,completed,10
12709,Rigid,966534,966536,972855,2,6319,6321,completed,10
12710,Rigid,966534,966536,971409,2,4873,4875,completed,10
12711,Rigid,966534,966536,971410,2,4874,4876,completed,10
12712,Rigid,966534,966536,972863,2,6327,6329,completed,10
12713,Rigid,966534,966536,971811,2,5275,5277,completed,10
12714,Rigid,966534,966536,971921,2,5385,5387,completed,10
12715,Rigid,966534,966536,972256,2,5720,5722,completed,10
12716,Rigid,966535,966536,972259,1,5723,5724,completed,10
12717,Rigid,966535,966536,972196,1,5660,5661,completed,10
12718,Rigid,966535,966536,972480,1,5944,5945,completed,10
12719,Rigid,966535,966536,973157,1,6621,6622,completed,10
12720,Rigid,966535,966536,972070,1,5534,5535,completed,10
12721,Rigid,966535,966536,972393,1,5857,5858,completed,10
12722,Rigid,966535,966536,972946,1,6410,6411,completed,10
12723,Rigid,966535,966536,972364,1,5828,5829,completed,10
12724,Rigid,966535,966536,972263,1,5727,5728,completed,10
12725,Rigid,966535,966536,972522,1,5986,5987,completed,10
12726,Rigid,966535,966536,972251,1,5715,5716,completed,10
12727,Rigid,966535,966536,972450,1,5914,5915,completed,10
12728,Rigid,966535,966536,972869,1,6333,6334,completed,10
12729,Rigid,966535,966536,972419,1,5883,5884,completed,10
12730,Rigid,966535,966536,972498,1,5962,5963,completed,10
12731,Rigid,966535,966536,973175,1,6639,6640,completed,10
12732,Rigid,966535,966536,973986,1,7450,7451,completed,10
12733,Rigid,966535,966536,971883,1,5347,5348,completed,10
12734,Rigid,966535,966536,973233,1,6697,6698,completed,10
12735,Rigid,966535,966536,973116,1,6580,6581,completed,10
12736,Rigid,966535,966536,973029,1,6493,6494,completed,10
12737,Rigid,966535,966536,973537,1,7001,7002,completed,10
12738,Rigid,966535,966536,973711,1,7175,7176,completed,10
12739,Rigid,966535,966536,973657,1,7121,7122,completed,10
12740,Rigid,966535,966536,972961,1,6425,6426,completed,10
12741,Rigid,966535,966536,973016,1,6480,6481,completed,10
12742,Rigid,966535,966536,973369,1,6833,6834,completed,10
12743,Rigid,966536,966536,973606,0,7070,7070,completed,10
12744,Rigid,966536,966536,973372,0,6836,6836,completed,10
12745,Rigid,966536,966536,974544,0,8008,8008,completed,10
12746,Rigid,966536,966536,975225,0,8689,8689,completed,10
12747,Rigid,966536,966536,975330,0,8794,8794,completed,10
12748,Rigid,966536,966536,974992,0,8456,8456,completed,10
12749,Rigid,966536,966536,974892,0,8356,8356,completed,10
12750,Rigid,966536,966536,976202,0,9666,9666,completed,10
12751,Rigid,966536,966536,975764,0,9228,9228,completed,10
12752,Rigid,966536,966536,976191,0,9655,9655,completed,10
12753,Rigid,966536,966536,976191,0,9655,9655,completed,10
12754,Rigid,966536,966536,976281,0,9745,9745,completed,10
12755,Rigid,966536,966536,976368,0,9832,9832,completed,10
12756,Rigid,966536,966536,975174,0,8638,8638,completed,10
12757,Rigid,966536,966536,976853,0,10317,10317,completed,10
12758,Rigid,966536,966536,977931,0,11395,11395,completed,10
12759,Rigid,966536,966536,976976,0,10440,10440,completed,10
12760,Rigid,966536,966536,976569,0,10033,10033,completed,10
12761,Rigid,966536,966536,977787,0,11251,11251,completed,10
12762,Rigid,966571,966572,966576,1,4,5,completed,1
12763,Rigid,967271,967274,967382,3,108,111,completed,36
12764,Rigid,967275,967278,967386,3,108,111,completed,36
12765,Rigid,967280,967281,967395,1,114,115,completed,36
12766,Rigid,967284,967286,967399,2,113,115,completed,36
12767,Rigid,967288,967290,967410,2,120,122,completed,36
12768,Rigid,967293,967294,967412,1,118,119,completed,36
12769,Rigid,967297,967298,967424,1,126,127,completed,36
12770,Rigid,967301,967302,967431,1,129,130,completed,36
12771,Rigid,967305,967306,967433,1,127,128,completed,36
12772,Rigid,967309,967310,967443,1,133,134,completed,36
12773,Rigid,967313,967314,967454,1,140,141,completed,36
12774,Rigid,967317,967318,967454,1,136,137,completed,36
12775,Rigid,967322,967322,967469,0,147,147,completed,36
12776,Rigid,967327,967327,967474,0,147,147,completed,36
12777,Rigid,967331,967336,967499,5,163,168,completed,36
12778,Rigid,967336,967336,967496,0,160,160,completed,36
12779,Rigid,967340,967341,967499,1,158,159,completed,36
12780,Rigid,967345,967345,967501,0,156,156,completed,36
12781,Rigid,967349,967349,967525,0,176,176,completed,36
12782,Rigid,967353,967354,967533,1,179,180,completed,36
12783,Rigid,967358,967358,967536,0,178,178,completed,36
12784,Rigid,967362,967362,967541,0,179,179,completed,36
12785,Rigid,967367,967367,967566,0,199,199,completed,36
12786,Rigid,967372,967372,967570,0,198,198,completed,36
12787,Rigid,967376,967377,967573,1,196,197,completed,36
12788,Rigid,967381,967381,967589,0,208,208,completed,36
12789,Rigid,967385,967386,967583,1,197,198,completed,36
12790,Rigid,967390,967390,967598,0,208,208,completed,36
12791,Rigid,967395,967395,967598,0,203,203,completed,36
12792,Rigid,967399,967400,967620,1,220,221,completed,36
12793,Rigid,967404,967404,967618,0,214,214,completed,36
12794,Rigid,967408,967408,967626,0,218,218,completed,36
12795,Rigid,967412,967413,967647,1,234,235,completed,36
12796,Rigid,967418,967418,967660,0,242,242,completed,36
12797,Rigid,967422,967422,967671,0,249,249,completed,36
12798,Rigid,967426,967426,967681,0,255,255,completed,36
12799,Rigid,967430,967430,967690,0,260,260,completed,36
12800,Rigid,967434,967434,967702,0,268,268,completed,36
12801,Rigid,967440,967440,967694,0,254,254,completed,36
12802,Rigid,967444,967445,967722,1,277,278,completed,36
12803,Rigid,968319,968319,1141129,0,172810,172810,completed,144
12804,Rigid,968438,968438,1141249,0,172811,172811,completed,108
12805,Rigid,968615,968616,1033677,1,65061,65062,completed,216
12806,Rigid,969379,969379,1034367,0,64988,64988,completed,216
12807,Rigid,969688,969689,1118143,1,148454,148455,completed,756
12808,Rigid,970046,970046,970049,0,3,3,completed,36
12809,Rigid,970981,970982,970985,1,3,4,completed,36
12810,Rigid,971886,971886,971891,0,5,5,completed,36
12811,Rigid,972041,972042,972045,1,3,4,completed,36
12812,Rigid,972143,972143,972147,0,4,4,completed,36
12813,Rigid,972401,972402,972404,1,2,3,completed,36
12814,Rigid,972474,972475,972527,1,52,53,completed,36
12815,Rigid,975373,975374,976682,1,1308,1309,completed,36
12816,Rigid,975466,975467,1047042,1,71575,71576,completed,8
12817,Rigid,975662,975662,1047019,0,71357,71357,completed,72
12818,Rigid,976380,976380,1133778,0,157398,157398,completed,108
12819,Rigid,976533,976534,1127319,1,150785,150786,completed,22
12820,Rigid,976754,976755,1149562,1,172807,172808,completed,108
12821,Rigid,977106,977107,977109,1,2,3,completed,36
12822,Rigid,977180,977181,977764,1,583,584,completed,36
12823,Rigid,977804,977805,977907,1,102,103,completed,36
12824,Rigid,977963,977963,977981,0,18,18,completed,36
12825,Rigid,978681,978682,978727,1,45,46,completed,36
12826,Rigid,978772,978772,978839,0,67,67,completed,36
12827,Rigid,978882,978882,981797,0,2915,2915,completed,36
12828,Rigid,979033,979035,1148872,2,169837,169839,completed,108
12829,Rigid,980361,980362,1049606,1,69244,69245,completed,216
12830,Rigid,980502,980503,1049698,1,69195,69196,completed,216
12831,Rigid,984141,984142,1156945,1,172803,172804,completed,108
12832,Rigid,984647,984647,1054051,0,69404,69404,completed,216
12833,Rigid,988485,988485,1038764,0,50279,50279,completed,144
12834,Rigid,988992,988993,1039532,1,50539,50540,completed,144
12835,Rigid,989059,989059,1039714,0,50655,50655,completed,144
12836,Rigid,989279,989280,1039990,1,50710,50711,completed,144
12837,Rigid,989325,989326,1039764,1,50438,50439,completed,144
12838,Rigid,989484,989484,1040222,0,50738,50738,completed,144
12839,Rigid,990148,990148,1041551,0,51403,51403,completed,144
12840,Rigid,990200,990200,1041012,0,50812,50812,completed,144
12841,Rigid,992127,992128,1043467,1,51339,51340,completed,144
12842,Rigid,996080,996081,1047932,1,51851,51852,completed,144
12843,Rigid,999281,999281,1050822,0,51541,51541,completed,144
12844,Rigid,1011838,1011839,1037566,1,25727,25728,completed,36
12845,Rigid,1011848,1011849,1357455,1,345606,345607,completed,36
12846,Rigid,1011860,1011861,1357485,1,345624,345625,completed,36
12847,Rigid,1012109,1012110,1014381,1,2271,2272,completed,36
12848,Rigid,1014688,1014689,1113968,1,99279,99280,completed,36
12849,Rigid,1014688,1014689,1074513,1,59824,59825,completed,36
12850,Rigid,1014688,1014689,1071035,1,56346,56347,completed,36
12851,Rigid,1014779,1014779,1074521,0,59742,59742,completed,36
12852,Rigid,1014779,1014779,1058920,0,44141,44141,completed,36
12853,Rigid,1014779,1014779,1095900,0,81121,81121,completed,36
12854,Rigid,1015011,1015011,1020150,0,5139,5139,completed,36
12855,Rigid,1015011,1015011,1026460,0,11449,11449,completed,36
12856,Rigid,1015011,1015011,1031744,0,16733,16733,completed,36
12857,Rigid,1015057,1015058,1105031,1,89973,89974,completed,36
12858,Rigid,1015057,1015058,1039785,1,24727,24728,completed,36
12859,Rigid,1015057,1015058,1054148,1,39090,39091,completed,36
12860,Rigid,1015181,1015181,1157797,0,142616,142616,completed,36
12861,Rigid,1015181,1015181,1041595,0,26414,26414,completed,36
12862,Rigid,1015181,1015181,1027325,0,12144,12144,completed,36
12863,Rigid,1015208,1015208,1116575,0,101367,101367,completed,36
12864,Rigid,1015208,1015208,1132947,0,117739,117739,completed,36
12865,Rigid,1015208,1015208,1039346,0,24138,24138,completed,36
12866,Rigid,1015255,1015255,1111813,0,96558,96558,completed,36
12867,Rigid,1015255,1015255,1111189,0,95934,95934,completed,36
12868,Rigid,1015255,1015255,1138231,0,122976,122976,completed,36
12869,Rigid,1015283,1015283,1102367,0,87084,87084,completed,36
12870,Rigid,1015283,1015283,1063984,0,48701,48701,completed,36
12871,Rigid,1015283,1015283,1095470,0,80187,80187,completed,36
12872,Rigid,1015310,1015310,1079139,0,63829,63829,completed,36
12873,Rigid,1015310,1015310,1118705,0,103395,103395,completed,36
12874,Rigid,1015310,1015310,1090320,0,75010,75010,completed,36
12875,Rigid,1015343,1015343,1132411,0,117068,117068,completed,36
12876,Rigid,1015343,1015343,1078531,0,63188,63188,completed,36
12877,Rigid,1015343,1015343,1093995,0,78652,78652,completed,36
12878,Rigid,1015375,1015376,1018523,1,3147,3148,completed,36
12879,Rigid,1015376,1015376,1130979,0,115603,115603,completed,36
12880,Rigid,1015376,1015376,1066254,0,50878,50878,completed,36
12881,Rigid,1015376,1015377,1057373,1,41996,41997,completed,36
12882,Rigid,1015415,1015415,1188239,0,172824,172824,completed,36
12883,Rigid,1015415,1015415,1134200,0,118785,118785,completed,36
12884,Rigid,1015415,1015415,1077945,0,62530,62530,completed,36
12885,Rigid,1015440,1015440,1133327,0,117887,117887,completed,36
12886,Rigid,1015440,1015441,1143074,1,127633,127634,completed,36
12887,Rigid,1015440,1015441,1154986,1,139545,139546,completed,36
12888,Rigid,1015465,1015466,1077643,1,62177,62178,completed,36
12889,Rigid,1015465,1015466,1107226,1,91760,91761,completed,36
12890,Rigid,1015465,1015466,1135533,1,120067,120068,completed,36
12891,Rigid,1015495,1015495,1066160,0,50665,50665,completed,36
12892,Rigid,1015495,1015495,1110738,0,95243,95243,completed,36
12893,Rigid,1015495,1015495,1145326,0,129831,129831,completed,36
12894,Rigid,1017207,1017207,1017216,0,9,9,completed,36
12895,Rigid,1017305,1017305,1017567,0,262,262,completed,36
12896,Rigid,1017953,1017954,1064376,1,46422,46423,completed,216
12897,Rigid,1018124,1018127,1061917,3,43790,43793,completed,216
12898,Rigid,1018171,1018173,1076937,2,58764,58766,completed,216
12899,Rigid,1018182,1018183,1089768,1,71585,71586,completed,216
12900,Rigid,1018195,1018195,1088033,0,69838,69838,completed,216
12901,Rigid,1018207,1018208,1080001,1,61793,61794,completed,216
12902,Rigid,1018221,1018221,1072780,0,54559,54559,completed,216
12903,Rigid,1018232,1018232,1070976,0,52744,52744,completed,216
12904,Rigid,1018245,1018245,1059005,0,40760,40760,completed,216
12905,Rigid,1018259,1020482,1058920,2223,38438,40661,completed,216
12906,Rigid,1018276,1033678,1068244,15402,34566,49968,completed,216
12907,Rigid,1018287,1034372,1066412,16085,32040,48125,completed,216
12908,Rigid,1019286,1019286,1019291,0,5,5,completed,1
12909,Rigid,1019286,1019314,1019318,28,4,32,completed,1
12910,Rigid,1019410,1019411,1019414,1,3,4,completed,1
12911,Rigid,1019411,1019424,1019428,13,4,17,completed,1
12912,Rigid,1019500,1019501,1019504,1,3,4,completed,1
12913,Rigid,1019500,1019522,1019526,22,4,26,completed,1
12914,Rigid,1019523,1019524,1019540,1,16,17,completed,36
12915,Rigid,1019880,1019881,1020376,1,495,496,completed,36
12916,Rigid,1020018,1020018,1020022,0,4,4,completed,1
12917,Rigid,1020018,1020039,1020042,21,3,24,completed,1
12918,Rigid,1020129,1020130,1020133,1,3,4,completed,1
12919,Rigid,1020129,1020143,1020146,14,3,17,completed,1
12920,Rigid,1020204,1020205,1020208,1,3,4,completed,1
12921,Rigid,1020204,1020219,1020222,15,3,18,completed,1
12922,Rigid,1020781,1028196,1032910,7415,4714,12129,completed,36
12923,Rigid,1020801,1031770,1054233,10969,22463,33432,completed,36
12924,Rigid,1020814,1021985,1051670,1171,29685,30856,completed,36
12925,Rigid,1020818,1028196,1029800,7378,1604,8982,completed,144
12926,Rigid,1021164,1050991,1190435,29827,139444,169271,completed,144
12927,Rigid,1021234,1051151,1179390,29917,128239,158156,completed,144
12928,Rigid,1021311,1051235,1196320,29924,145085,175009,completed,144
12929,Rigid,1021322,1021322,1021454,0,132,132,completed,36
12930,Rigid,1021466,1021467,1021771,1,304,305,completed,36
12931,Rigid,1021855,1021855,1022461,0,606,606,completed,36
12932,Rigid,1022015,1022042,1022044,27,2,29,completed,2
12933,Rigid,1022094,1022102,1022148,8,46,54,completed,2
12934,Rigid,1022132,1039765,1041162,17633,1397,19030,completed,360
12935,Rigid,1022150,1035113,1036814,12963,1701,14664,completed,144
12936,Rigid,1022206,1038783,1041094,16577,2311,18888,completed,144
12937,Rigid,1022214,1040223,1193957,18009,153734,171743,completed,360
12938,Rigid,1022234,1050749,1051248,28515,499,29014,completed,144
12939,Rigid,1022304,1088139,1090387,65835,2248,68083,completed,144
12940,Rigid,1022323,1088139,1088836,65816,697,66513,completed,144
12941,Rigid,1022343,1088842,1091254,66499,2412,68911,completed,144
12942,Rigid,1022396,1041164,1155332,18768,114168,132936,completed,360
12943,Rigid,1022419,1050838,1174731,28419,123893,152312,completed,360
12944,Rigid,1022439,1050906,1200424,28467,149518,177985,completed,360
12945,Rigid,1022513,1022523,1022537,10,14,24,completed,2
12946,Rigid,1022638,1026461,1026467,3823,6,3829,completed,36
12947,Rigid,1023035,1023063,1023075,28,12,40,completed,2
12948,Rigid,1023366,1023394,1023405,28,11,39,completed,2
12949,Rigid,1023615,1037461,1210266,13846,172805,186651,completed,36
12950,Rigid,1023615,1037461,1210266,13846,172805,186651,completed,36
12951,Rigid,1023615,1080346,1253171,56731,172825,229556,completed,36
12952,Rigid,1023656,1088109,1260911,64453,172802,237255,completed,36
12953,Rigid,1023656,1089784,1262592,66128,172808,238936,completed,36
12954,Rigid,1023656,1089784,1262592,66128,172808,238936,completed,36
12955,Rigid,1023714,1089784,1262592,66070,172808,238878,completed,36
12956,Rigid,1023714,1089784,1262592,66070,172808,238878,completed,36
12957,Rigid,1023714,1089784,1245893,66070,156109,222179,completed,36
12958,Rigid,1023762,1089784,1262592,66022,172808,238830,completed,36
12959,Rigid,1023762,1090330,1263132,66568,172802,239370,completed,36
12960,Rigid,1023762,1090391,1227802,66629,137411,204040,completed,36
12961,Rigid,1023843,1090391,1263192,66548,172801,239349,completed,36
12962,Rigid,1023843,1090391,1235206,66548,144815,211363,completed,36
12963,Rigid,1023843,1090391,1263192,66548,172801,239349,completed,36
12964,Rigid,1023907,1028197,1049843,4290,21646,25936,completed,144
12965,Rigid,1023915,1028197,1049959,4282,21762,26044,completed,144
12966,Rigid,1023922,1091274,1264093,67352,172819,240171,completed,36
12967,Rigid,1023922,1092915,1265743,68993,172828,241821,completed,36
12968,Rigid,1023922,1097473,1099010,73551,1537,75088,completed,36
12969,Rigid,1023959,1102419,1275223,78460,172804,251264,completed,36
12970,Rigid,1023959,1132465,1305292,108506,172827,281333,completed,36
12971,Rigid,1023959,1133346,1306162,109387,172816,282203,completed,36
12972,Rigid,1024046,1133922,1220347,109876,86425,196301,completed,36
12973,Rigid,1024046,1133922,1220347,109876,86425,196301,completed,36
12974,Rigid,1024046,1134316,1220737,110270,86421,196691,completed,36
12975,Rigid,1024126,1135739,1308543,111613,172804,284417,completed,36
12976,Rigid,1024126,1135739,1308543,111613,172804,284417,completed,36
12977,Rigid,1024126,1136345,1309150,112219,172805,285024,completed,36
12978,Rigid,1024151,1028197,1049270,4046,21073,25119,completed,144
12979,Rigid,1024161,1028231,1049111,4070,20880,24950,completed,144
12980,Rigid,1024293,1136345,1238363,112052,102018,214070,completed,36
12981,Rigid,1024293,1136345,1309150,112052,172805,284857,completed,36
12982,Rigid,1024293,1136526,1309330,112233,172804,285037,completed,36
12983,Rigid,1024527,1024528,1024531,1,3,4,completed,36
12984,Rigid,1025319,1030686,1030690,5367,4,5371,completed,144
12985,Rigid,1025633,1030691,1051958,5058,21267,26325,completed,144
12986,Rigid,1025641,1032171,1053585,6530,21414,27944,completed,144
12987,Rigid,1025863,1028196,1028230,2333,34,2367,completed,144
12988,Rigid,1026983,1026983,1026986,0,3,3,completed,36
12989,Rigid,1027006,1027006,1027017,0,11,11,completed,1
12990,Rigid,1027035,1095501,1097425,68466,1924,70390,completed,144
12991,Rigid,1027042,1097442,1099941,70400,2499,72899,completed,144
12992,Rigid,1027053,1099960,1100578,72907,618,73525,completed,144
12993,Rigid,1027096,1027096,1033569,0,6473,6473,completed,18
12994,Rigid,1027307,1027308,1027317,1,9,10,completed,1
12995,Rigid,1027388,1027388,1029950,0,2562,2562,completed,18
12996,Rigid,1027388,1027388,1028927,0,1539,1539,completed,18
12997,Rigid,1027626,1028196,1028215,570,19,589,completed,36
12998,Rigid,1027699,1027700,1028904,1,1204,1205,completed,36
12999,Rigid,1028095,1033577,1033699,5482,122,5604,completed,36
13000,Rigid,1028235,1028236,1028918,1,682,683,completed,36
13001,Rigid,1028289,1033728,1035619,5439,1891,7330,completed,36
13002,Rigid,1028933,1028933,1029043,0,110,110,completed,36
13003,Rigid,1029051,1029052,1031585,1,2533,2534,completed,36
13004,Rigid,1029516,1029802,1032170,286,2368,2654,completed,144
13005,Rigid,1029950,1029951,1029967,1,16,17,completed,36
13006,Rigid,1030005,1030006,1030021,1,15,16,completed,1
13007,Rigid,1030006,1030006,1030015,0,9,9,completed,1
13008,Rigid,1030006,1030006,1030008,0,2,2,completed,1
13009,Rigid,1030006,1030009,1030015,3,6,9,completed,1
13010,Rigid,1030007,1030009,1030010,2,1,3,completed,1
13011,Rigid,1030114,1030115,1030873,1,758,759,completed,2
13012,Rigid,1030114,1030115,1030645,1,530,531,completed,2
13013,Rigid,1030115,1030119,1030128,4,9,13,completed,1
13014,Rigid,1030115,1030119,1030123,4,4,8,completed,1
13015,Rigid,1030115,1030119,1030136,4,17,21,completed,1
13016,Rigid,1030115,1030119,1030141,4,22,26,completed,1
13017,Rigid,1030115,1030115,1031058,0,943,943,completed,2
13018,Rigid,1030115,1030119,1030597,4,478,482,completed,2
13019,Rigid,1030115,1030119,1031405,4,1286,1290,completed,2
13020,Rigid,1030116,1030119,1030167,3,48,51,completed,1
13021,Rigid,1030116,1030119,1030525,3,406,409,completed,1
13022,Rigid,1030116,1030119,1031107,3,988,991,completed,2
13023,Rigid,1030116,1030119,1030604,3,485,488,completed,2
13024,Rigid,1030116,1030119,1031436,3,1317,1320,completed,2
13025,Rigid,1030116,1030119,1032115,3,1996,1999,completed,1
13026,Rigid,1030117,1030119,1030167,2,48,50,completed,1
13027,Rigid,1030117,1030119,1030163,2,44,46,completed,1
13028,Rigid,1030117,1030119,1030870,2,751,753,completed,2
13029,Rigid,1030117,1030119,1030242,2,123,125,completed,2
13030,Rigid,1030117,1030119,1030566,2,447,449,completed,2
13031,Rigid,1030117,1030119,1031628,2,1509,1511,completed,1
13032,Rigid,1030117,1030119,1032536,2,2417,2419,completed,1
13033,Rigid,1030118,1030119,1030160,1,41,42,completed,1
13034,Rigid,1030118,1030119,1030151,1,32,33,completed,1
13035,Rigid,1030118,1030119,1030158,1,39,40,completed,1
13036,Rigid,1030118,1030119,1030682,1,563,564,completed,2
13037,Rigid,1030118,1030119,1031253,1,1134,1135,completed,2
13038,Rigid,1030118,1030119,1032004,1,1885,1886,completed,1
13039,Rigid,1030118,1030119,1031399,1,1280,1281,completed,2
13040,Rigid,1030119,1030123,1030168,4,45,49,completed,1
13041,Rigid,1030119,1030123,1030156,4,33,37,completed,1
13042,Rigid,1030119,1030123,1030243,4,120,124,completed,2
13043,Rigid,1030119,1030123,1030660,4,537,541,completed,2
13044,Rigid,1030119,1030119,1031279,0,1160,1160,completed,2
13045,Rigid,1030119,1030123,1031298,4,1175,1179,completed,2
13046,Rigid,1030119,1030123,1031262,4,1139,1143,completed,2
13047,Rigid,1030119,1030123,1031184,4,1061,1065,completed,2
13048,Rigid,1030119,1030123,1033805,4,3682,3686,completed,1
13049,Rigid,1030120,1030123,1030167,3,44,47,completed,1
13050,Rigid,1030120,1030123,1030159,3,36,39,completed,1
13051,Rigid,1030120,1030123,1031116,3,993,996,completed,2
13052,Rigid,1030120,1030123,1030263,3,140,143,completed,2
13053,Rigid,1030120,1030123,1030597,3,474,477,completed,2
13054,Rigid,1030120,1030123,1033387,3,3264,3267,completed,1
13055,Rigid,1030121,1030123,1030162,2,39,41,completed,1
13056,Rigid,1030121,1030123,1030141,2,18,20,completed,1
13057,Rigid,1030121,1030123,1030694,2,571,573,completed,2
13058,Rigid,1030121,1030123,1031038,2,915,917,completed,2
13059,Rigid,1030121,1030123,1030625,2,502,504,completed,2
13060,Rigid,1030121,1030123,1030601,2,478,480,completed,1
13061,Rigid,1030122,1030123,1030150,1,27,28,completed,1
13062,Rigid,1030122,1030123,1030165,1,42,43,completed,1
13063,Rigid,1030122,1030123,1031060,1,937,938,completed,2
13064,Rigid,1030122,1030123,1031108,1,985,986,completed,2
13065,Rigid,1030122,1030123,1031870,1,1747,1748,completed,1
13066,Rigid,1030123,1030124,1030135,1,11,12,completed,1
13067,Rigid,1030123,1030123,1030265,0,142,142,completed,2
13068,Rigid,1030123,1030123,1031926,0,1803,1803,completed,1
13069,Rigid,1030123,1030124,1033372,1,3248,3249,completed,1
13070,Rigid,1030123,1030124,1031270,1,1146,1147,completed,2
13071,Rigid,1030123,1030124,1031219,1,1095,1096,completed,2
13072,Rigid,1030124,1030124,1030143,0,19,19,completed,1
13073,Rigid,1030124,1030124,1030147,0,23,23,completed,1
13074,Rigid,1030124,1030124,1030148,0,24,24,completed,1
13075,Rigid,1030124,1030124,1030515,0,391,391,completed,2
13076,Rigid,1030124,1030127,1031054,3,927,930,completed,2
13077,Rigid,1030305,1030305,1031547,0,1242,1242,completed,36
13078,Rigid,1030772,1031551,1034687,779,3136,3915,completed,36
13079,Rigid,1030830,1030831,1031655,1,824,825,completed,36
13080,Rigid,1031106,1031586,1031589,480,3,483,completed,36
13081,Rigid,1031255,1031591,1031594,336,3,339,completed,36
13082,Rigid,1032011,1032012,1032014,1,2,3,completed,36
13083,Rigid,1032032,1032033,1032035,1,2,3,completed,36
13084,Rigid,1032255,1032257,1032260,2,3,5,completed,36
13085,Rigid,1032496,1032497,1032500,1,3,4,completed,36
13086,Rigid,1032810,1033561,1035085,751,1524,2275,completed,144
13087,Rigid,1032836,1032836,1032839,0,3,3,completed,36
13088,Rigid,1033000,1033005,1033008,5,3,8,completed,36
13089,Rigid,1033098,1033561,1033584,463,23,486,completed,36
13090,Rigid,1033133,1033156,1033158,23,2,25,completed,36
13091,Rigid,1033681,1033682,1033702,1,20,21,completed,36
13092,Rigid,1033776,1033776,1036446,0,2670,2670,completed,36
13093,Rigid,1034032,1034368,1034371,336,3,339,completed,36
13094,Rigid,1034050,1034059,1034061,9,2,11,completed,1
13095,Rigid,1034411,1034411,1034413,0,2,2,completed,1
13096,Rigid,1034724,1034725,1034726,1,1,2,completed,1
13097,Rigid,1034813,1034813,1034821,0,8,8,completed,1
13098,Rigid,1034872,1034872,1035068,0,196,196,completed,36
13099,Rigid,1034890,1034890,1041589,0,6699,6699,completed,18
13100,Rigid,1034890,1034890,1041611,0,6721,6721,completed,18
13101,Rigid,1035114,1035114,1035124,0,10,10,completed,2
13102,Rigid,1035114,1035118,1035151,4,33,37,completed,2
13103,Rigid,1035122,1035122,1035152,0,30,30,completed,2
13104,Rigid,1035122,1035125,1035146,3,21,24,completed,2
13105,Rigid,1035122,1035125,1035147,3,22,25,completed,2
13106,Rigid,1035255,1035257,1036890,2,1633,1635,completed,36
13107,Rigid,1035396,1035397,1035399,1,2,3,completed,1
13108,Rigid,1035484,1035484,1035486,0,2,2,completed,1
13109,Rigid,1035570,1035571,1035573,1,2,3,completed,1
13110,Rigid,1035643,1035643,1035645,0,2,2,completed,1
13111,Rigid,1035774,1317944,1461228,282170,143284,425454,completed,756
13112,Rigid,1035787,1035787,1035795,0,8,8,completed,2
13113,Rigid,1035787,1035791,1035828,4,37,41,completed,2
13114,Rigid,1035787,1035791,1035819,4,28,32,completed,2
13115,Rigid,1035787,1035791,1035843,4,52,56,completed,2
13116,Rigid,1035791,1035793,1035830,2,37,39,completed,2
13117,Rigid,1035798,1035799,1035834,1,35,36,completed,2
13118,Rigid,1035798,1035799,1035831,1,32,33,completed,2
13119,Rigid,1035798,1035799,1035824,1,25,26,completed,2
13120,Rigid,1035799,1035799,1035830,0,31,31,completed,2
13121,Rigid,1035799,1461230,1609584,425431,148354,573785,completed,756
13122,Rigid,1035803,1035803,1035830,0,27,27,completed,2
13123,Rigid,1035803,1035806,1035840,3,34,37,completed,2
13124,Rigid,1035803,1035806,1035832,3,26,29,completed,2
13125,Rigid,1035803,1035806,1035838,3,32,35,completed,2
13126,Rigid,1035803,1035806,1035837,3,31,34,completed,2
13127,Rigid,1035804,1035806,1035840,2,34,36,completed,2
13128,Rigid,1035807,1035807,1035834,0,27,27,completed,2
13129,Rigid,1035810,1035811,1035816,1,5,6,completed,2
13130,Rigid,1035813,1035815,1035845,2,30,32,completed,2
13131,Rigid,1035813,1035815,1035849,2,34,36,completed,2
13132,Rigid,1035814,1035815,1035841,1,26,27,completed,2
13133,Rigid,1035814,1035815,1035846,1,31,32,completed,2
13134,Rigid,1035817,1035817,1035853,0,36,36,completed,2
13135,Rigid,1035820,1035821,1035847,1,26,27,completed,2
13136,Rigid,1035824,1035826,1035857,2,31,33,completed,2
13137,Rigid,1035824,1035826,1035860,2,34,36,completed,2
13138,Rigid,1035824,1035826,1035844,2,18,20,completed,2
13139,Rigid,1035824,1035826,1035852,2,26,28,completed,2
13140,Rigid,1035825,1035826,1035856,1,30,31,completed,2
13141,Rigid,1035825,1035826,1035860,1,34,35,completed,2
13142,Rigid,1035828,1035829,1035854,1,25,26,completed,2
13143,Rigid,1035828,1035829,1035850,1,21,22,completed,2
13144,Rigid,1035871,1035871,1035874,0,3,3,completed,36
13145,Rigid,1035981,1036816,1061938,835,25122,25957,completed,144
13146,Rigid,1036959,1036960,1036968,1,8,9,completed,1
13147,Rigid,1036974,1036975,1036982,1,7,8,completed,2
13148,Rigid,1036974,1036975,1037002,1,27,28,completed,2
13149,Rigid,1036977,1036979,1036985,2,6,8,completed,2
13150,Rigid,1036977,1036979,1037002,2,23,25,completed,2
13151,Rigid,1036980,1036980,1037002,0,22,22,completed,2
13152,Rigid,1036980,1036980,1037002,0,22,22,completed,2
13153,Rigid,1036983,1036984,1036989,1,5,6,completed,2
13154,Rigid,1036983,1036984,1036989,1,5,6,completed,2
13155,Rigid,1036983,1036984,1036989,1,5,6,completed,2
13156,Rigid,1036983,1036984,1036989,1,5,6,completed,2
13157,Rigid,1036983,1036984,1037003,1,19,20,completed,2
13158,Rigid,1036983,1036984,1037003,1,19,20,completed,2
13159,Rigid,1036984,1036984,1036989,0,5,5,completed,2
13160,Rigid,1036984,1036986,1036991,2,5,7,completed,2
13161,Rigid,1036984,1036986,1036991,2,5,7,completed,2
13162,Rigid,1036984,1036986,1036991,2,5,7,completed,2
13163,Rigid,1036984,1036986,1037005,2,19,21,completed,2
13164,Rigid,1036985,1036986,1037015,1,29,30,completed,2
13165,Rigid,1036985,1036986,1037005,1,19,20,completed,2
13166,Rigid,1036987,1036987,1037005,0,18,18,completed,2
13167,Rigid,1036990,1036990,1036995,0,5,5,completed,2
13168,Rigid,1036990,1036991,1036995,1,4,5,completed,2
13169,Rigid,1036990,1036991,1036995,1,4,5,completed,2
13170,Rigid,1036990,1036990,1037009,0,19,19,completed,2
13171,Rigid,1036990,1036991,1037010,1,19,20,completed,2
13172,Rigid,1036990,1036991,1037020,1,29,30,completed,2
13173,Rigid,1036990,1036991,1037009,1,18,19,completed,2
13174,Rigid,1036991,1036991,1036995,0,4,4,completed,2
13175,Rigid,1036991,1036991,1036995,0,4,4,completed,2
13176,Rigid,1036991,1036992,1036997,1,5,6,completed,2
13177,Rigid,1036991,1036992,1036997,1,5,6,completed,2
13178,Rigid,1036991,1036992,1036997,1,5,6,completed,2
13179,Rigid,1036991,1036992,1037011,1,19,20,completed,2
13180,Rigid,1036991,1036992,1037011,1,19,20,completed,2
13181,Rigid,1036991,1036992,1037010,1,18,19,completed,2
13182,Rigid,1036991,1036992,1037011,1,19,20,completed,2
13183,Rigid,1036991,1036992,1037011,1,19,20,completed,2
13184,Rigid,1036991,1036992,1037011,1,19,20,completed,2
13185,Rigid,1036994,1036996,1037001,2,5,7,completed,2
13186,Rigid,1036994,1036996,1037001,2,5,7,completed,2
13187,Rigid,1036997,1036998,1037016,1,18,19,completed,2
13188,Rigid,1036998,1036998,1037003,0,5,5,completed,2
13189,Rigid,1036998,1036998,1037003,0,5,5,completed,2
13190,Rigid,1036998,1036998,1037004,0,6,6,completed,2
13191,Rigid,1036998,1037001,1037006,3,5,8,completed,2
13192,Rigid,1036998,1037001,1037006,3,5,8,completed,2
13193,Rigid,1036998,1037001,1037006,3,5,8,completed,2
13194,Rigid,1036998,1036998,1037026,0,28,28,completed,2
13195,Rigid,1036998,1036998,1037016,0,18,18,completed,2
13196,Rigid,1036998,1036998,1037016,0,18,18,completed,2
13197,Rigid,1036998,1037001,1037019,3,18,21,completed,2
13198,Rigid,1036998,1037001,1037019,3,18,21,completed,2
13199,Rigid,1036998,1037001,1037019,3,18,21,completed,2
13200,Rigid,1036998,1037001,1037019,3,18,21,completed,2
13201,Rigid,1037058,1037059,1037070,1,11,12,completed,1
13202,Rigid,1037282,1037283,1037289,1,6,7,completed,2
13203,Rigid,1037282,1037283,1037326,1,43,44,completed,2
13204,Rigid,1037282,1037283,1037320,1,37,38,completed,2
13205,Rigid,1037282,1037283,1037320,1,37,38,completed,2
13206,Rigid,1037282,1037283,1037320,1,37,38,completed,2
13207,Rigid,1037282,1037283,1037320,1,37,38,completed,2
13208,Rigid,1037282,1037283,1037320,1,37,38,completed,2
13209,Rigid,1037282,1037283,1037321,1,38,39,completed,2
13210,Rigid,1037282,1037283,1037322,1,39,40,completed,2
13211,Rigid,1037282,1037283,1037320,1,37,38,completed,2
13212,Rigid,1037282,1037283,1037321,1,38,39,completed,2
13213,Rigid,1037282,1037283,1037320,1,37,38,completed,2
13214,Rigid,1037282,1037283,1037320,1,37,38,completed,2
13215,Rigid,1037282,1037283,1037324,1,41,42,completed,2
13216,Rigid,1037282,1037283,1037321,1,38,39,completed,2
13217,Rigid,1037283,1037287,1037292,4,5,9,completed,2
13218,Rigid,1037283,1037287,1037320,4,33,37,completed,2
13219,Rigid,1037283,1037287,1037324,4,37,41,completed,2
13220,Rigid,1037283,1037287,1037326,4,39,43,completed,2
13221,Rigid,1037283,1037287,1037329,4,42,46,completed,2
13222,Rigid,1037283,1037287,1037323,4,36,40,completed,2
13223,Rigid,1037283,1037287,1037326,4,39,43,completed,2
13224,Rigid,1037283,1037287,1037322,4,35,39,completed,2
13225,Rigid,1037283,1037287,1037323,4,36,40,completed,2
13226,Rigid,1037283,1037287,1037321,4,34,38,completed,2
13227,Rigid,1037283,1037287,1037322,4,35,39,completed,2
13228,Rigid,1037284,1037287,1037292,3,5,8,completed,2
13229,Rigid,1037284,1037287,1037292,3,5,8,completed,2
13230,Rigid,1037284,1037287,1037292,3,5,8,completed,2
13231,Rigid,1037284,1037287,1037292,3,5,8,completed,2
13232,Rigid,1037284,1037287,1037292,3,5,8,completed,2
13233,Rigid,1037284,1037287,1037292,3,5,8,completed,2
13234,Rigid,1037284,1037287,1037292,3,5,8,completed,2
13235,Rigid,1037287,1037290,1037295,3,5,8,completed,2
13236,Rigid,1037287,1037290,1037294,3,4,7,completed,2
13237,Rigid,1037287,1037290,1037294,3,4,7,completed,2
13238,Rigid,1037287,1037290,1037294,3,4,7,completed,2
13239,Rigid,1037287,1037290,1037294,3,4,7,completed,2
13240,Rigid,1037287,1037290,1037294,3,4,7,completed,2
13241,Rigid,1037287,1037290,1037295,3,5,8,completed,2
13242,Rigid,1037287,1037290,1037294,3,4,7,completed,2
13243,Rigid,1037287,1037290,1037295,3,5,8,completed,2
13244,Rigid,1037287,1037290,1037295,3,5,8,completed,2
13245,Rigid,1037287,1037290,1037295,3,5,8,completed,2
13246,Rigid,1037287,1037290,1037294,3,4,7,completed,2
13247,Rigid,1037287,1037290,1037295,3,5,8,completed,2
13248,Rigid,1037288,1037290,1037294,2,4,6,completed,2
13249,Rigid,1037288,1037290,1037294,2,4,6,completed,2
13250,Rigid,1037288,1037290,1037294,2,4,6,completed,2
13251,Rigid,1037288,1037290,1037294,2,4,6,completed,2
13252,Rigid,1037345,1037346,1382959,1,345613,345614,completed,1
13253,Rigid,1037455,1037456,1383079,1,345623,345624,completed,1
13254,Rigid,1037455,1037456,1383079,1,345623,345624,completed,1
13255,Rigid,1037455,1037456,1383079,1,345623,345624,completed,1
13256,Rigid,1037455,1037456,1383079,1,345623,345624,completed,1
13257,Rigid,1037455,1037456,1383079,1,345623,345624,completed,1
13258,Rigid,1037455,1037456,1383079,1,345623,345624,completed,1
13259,Rigid,1037455,1037456,1383079,1,345623,345624,completed,1
13260,Rigid,1037455,1037456,1383079,1,345623,345624,completed,1
13261,Rigid,1037455,1037456,1383079,1,345623,345624,completed,1
13262,Rigid,1037455,1037456,1383079,1,345623,345624,completed,1
13263,Rigid,1037455,1037456,1383079,1,345623,345624,completed,1
13264,Rigid,1037455,1037456,1383079,1,345623,345624,completed,1
13265,Rigid,1037455,1037456,1383079,1,345623,345624,completed,1
13266,Rigid,1037455,1037456,1383079,1,345623,345624,completed,1
13267,Rigid,1037455,1037456,1383079,1,345623,345624,completed,1
13268,Rigid,1037455,1037456,1383079,1,345623,345624,completed,1
13269,Rigid,1037455,1037456,1383079,1,345623,345624,completed,1
13270,Rigid,1037455,1037456,1383079,1,345623,345624,completed,1
13271,Rigid,1037455,1037456,1383079,1,345623,345624,completed,1
13272,Rigid,1037455,1037456,1383079,1,345623,345624,completed,1
13273,Rigid,1037455,1037456,1383079,1,345623,345624,completed,1
13274,Rigid,1037455,1037456,1383079,1,345623,345624,completed,1
13275,Rigid,1037455,1037456,1383079,1,345623,345624,completed,1
13276,Rigid,1037455,1037456,1383079,1,345623,345624,completed,1
13277,Rigid,1037455,1037456,1383079,1,345623,345624,completed,1
13278,Rigid,1037455,1037456,1383079,1,345623,345624,completed,1
13279,Rigid,1037455,1037456,1383079,1,345623,345624,completed,1
13280,Rigid,1037455,1037456,1383079,1,345623,345624,completed,1
13281,Rigid,1037455,1037456,1383079,1,345623,345624,completed,1
13282,Rigid,1037455,1037456,1383079,1,345623,345624,completed,1
13283,Rigid,1037455,1037456,1383079,1,345623,345624,completed,1
13284,Rigid,1037455,1037456,1383079,1,345623,345624,completed,1
13285,Rigid,1037455,1037456,1383079,1,345623,345624,completed,1
13286,Rigid,1037455,1037456,1383079,1,345623,345624,completed,1
13287,Rigid,1037455,1037456,1383079,1,345623,345624,completed,1
13288,Rigid,1037455,1037456,1383079,1,345623,345624,completed,1
13289,Rigid,1037455,1037456,1383079,1,345623,345624,completed,1
13290,Rigid,1037455,1037456,1383079,1,345623,345624,completed,1
13291,Rigid,1037455,1037456,1383079,1,345623,345624,completed,1
13292,Rigid,1037455,1037456,1383079,1,345623,345624,completed,1
13293,Rigid,1037455,1037456,1383079,1,345623,345624,completed,1
13294,Rigid,1037455,1037456,1383079,1,345623,345624,completed,1
13295,Rigid,1037455,1037456,1383079,1,345623,345624,completed,1
13296,Rigid,1037455,1037456,1383079,1,345623,345624,completed,1
13297,Rigid,1037455,1037456,1383079,1,345623,345624,completed,1
13298,Rigid,1037455,1037456,1383079,1,345623,345624,completed,1
13299,Rigid,1037455,1037456,1383079,1,345623,345624,completed,1
13300,Rigid,1037455,1037456,1383079,1,345623,345624,completed,1
13301,Rigid,1037455,1037456,1383079,1,345623,345624,completed,1
13302,Rigid,1037455,1037456,1383079,1,345623,345624,completed,1
13303,Rigid,1037455,1037456,1383079,1,345623,345624,completed,1
13304,Rigid,1037455,1037456,1383079,1,345623,345624,completed,1
13305,Rigid,1037455,1037456,1383079,1,345623,345624,completed,1
13306,Rigid,1037455,1037456,1383079,1,345623,345624,completed,1
13307,Rigid,1037455,1037456,1383079,1,345623,345624,completed,1
13308,Rigid,1037455,1037456,1383079,1,345623,345624,completed,1
13309,Rigid,1037455,1037456,1383079,1,345623,345624,completed,1
13310,Rigid,1037455,1037456,1383079,1,345623,345624,completed,1
13311,Rigid,1037455,1037456,1383079,1,345623,345624,completed,1
13312,Rigid,1037503,1038766,1038769,1263,3,1266,completed,144
13313,Rigid,1037586,1037587,1038820,1,1233,1234,completed,36
13314,Rigid,1037664,1037664,1383289,0,345625,345625,completed,1
13315,Rigid,1037770,1037773,1037778,3,5,8,completed,2
13316,Rigid,1037770,1037773,1037778,3,5,8,completed,2
13317,Rigid,1037770,1037773,1037778,3,5,8,completed,2
13318,Rigid,1037770,1037773,1037778,3,5,8,completed,2
13319,Rigid,1037770,1037773,1037781,3,8,11,completed,2
13320,Rigid,1037770,1037770,1037787,0,17,17,completed,2
13321,Rigid,1037770,1037770,1037829,0,59,59,completed,2
13322,Rigid,1037770,1037770,1037789,0,19,19,completed,2
13323,Rigid,1037770,1037773,1037787,3,14,17,completed,2
13324,Rigid,1037770,1037773,1037829,3,56,59,completed,2
13325,Rigid,1037771,1037773,1037787,2,14,16,completed,2
13326,Rigid,1037771,1037773,1037829,2,56,58,completed,2
13327,Rigid,1037771,1037773,1037789,2,16,18,completed,2
13328,Rigid,1037773,1037777,1383379,4,345602,345606,completed,1
13329,Rigid,1037773,1037777,1383379,4,345602,345606,completed,1
13330,Rigid,1037773,1037777,1383379,4,345602,345606,completed,1
13331,Rigid,1037773,1037777,1383379,4,345602,345606,completed,1
13332,Rigid,1037773,1037777,1037782,4,5,9,completed,2
13333,Rigid,1037773,1037777,1037782,4,5,9,completed,2
13334,Rigid,1037773,1037777,1037793,4,16,20,completed,2
13335,Rigid,1037773,1037777,1037787,4,10,14,completed,2
13336,Rigid,1037773,1037777,1037829,4,52,56,completed,2
13337,Rigid,1037774,1037777,1037782,3,5,8,completed,2
13338,Rigid,1037774,1037777,1037782,3,5,8,completed,2
13339,Rigid,1037774,1037777,1037787,3,10,13,completed,2
13340,Rigid,1037777,1037780,1037784,3,4,7,completed,2
13341,Rigid,1037777,1037780,1037784,3,4,7,completed,2
13342,Rigid,1037777,1037780,1037829,3,49,52,completed,2
13343,Rigid,1037777,1037780,1037795,3,15,18,completed,2
13344,Rigid,1037781,1037781,1037790,0,9,9,completed,2
13345,Rigid,1037781,1037782,1037787,1,5,6,completed,2
13346,Rigid,1037781,1037782,1037787,1,5,6,completed,2
13347,Rigid,1037781,1037782,1037787,1,5,6,completed,2
13348,Rigid,1037781,1037781,1037800,0,19,19,completed,2
13349,Rigid,1037781,1037781,1037830,0,49,49,completed,2
13350,Rigid,1037781,1037781,1037796,0,15,15,completed,2
13351,Rigid,1037781,1037782,1037801,1,19,20,completed,2
13352,Rigid,1037781,1037782,1037792,1,10,11,completed,2
13353,Rigid,1037781,1037782,1037829,1,47,48,completed,2
13354,Rigid,1037781,1037782,1037801,1,19,20,completed,2
13355,Rigid,1037782,1037782,1037787,0,5,5,completed,2
13356,Rigid,1037782,1037782,1037791,0,9,9,completed,2
13357,Rigid,1037782,1037782,1037792,0,10,10,completed,2
13358,Rigid,1037782,1037782,1037835,0,53,53,completed,2
13359,Rigid,1037782,1037782,1037830,0,48,48,completed,2
13360,Rigid,1037782,1037782,1037798,0,16,16,completed,2
13361,Rigid,1037782,1037782,1037801,0,19,19,completed,2
13362,Rigid,1037782,1037782,1037792,0,10,10,completed,2
13363,Rigid,1037782,1037783,1037835,1,52,53,completed,2
13364,Rigid,1037785,1037785,1037791,0,6,6,completed,2
13365,Rigid,1037785,1037785,1037835,0,50,50,completed,2
13366,Rigid,1037785,1037785,1037805,0,20,20,completed,2
13367,Rigid,1037785,1037785,1037795,0,10,10,completed,2
13368,Rigid,1037785,1037785,1037795,0,10,10,completed,2
13369,Rigid,1037786,1037788,1037793,2,5,7,completed,2
13370,Rigid,1037786,1037788,1037793,2,5,7,completed,2
13371,Rigid,1037786,1037788,1037839,2,51,53,completed,2
13372,Rigid,1037786,1037788,1037835,2,47,49,completed,2
13373,Rigid,1037786,1037788,1037804,2,16,18,completed,2
13374,Rigid,1037786,1037788,1037807,2,19,21,completed,2
13375,Rigid,1037786,1037788,1037798,2,10,12,completed,2
13376,Rigid,1037786,1037788,1037798,2,10,12,completed,2
13377,Rigid,1037786,1037788,1037838,2,50,52,completed,2
13378,Rigid,1037786,1037788,1037830,2,42,44,completed,2
13379,Rigid,1037787,1037788,1037807,1,19,20,completed,2
13380,Rigid,1037787,1037788,1037798,1,10,11,completed,2
13381,Rigid,1037792,1037792,1037801,0,9,9,completed,2
13382,Rigid,1037792,1037793,1037797,1,4,5,completed,2
13383,Rigid,1037792,1037792,1037844,0,52,52,completed,2
13384,Rigid,1037792,1037792,1037837,0,45,45,completed,2
13385,Rigid,1037792,1037793,1037808,1,15,16,completed,2
13386,Rigid,1037794,1037796,1037815,2,19,21,completed,2
13387,Rigid,1037794,1037796,1037806,2,10,12,completed,2
13388,Rigid,1037794,1037796,1037806,2,10,12,completed,2
13389,Rigid,1037794,1037796,1037846,2,50,52,completed,2
13390,Rigid,1037795,1037796,1037801,1,5,6,completed,2
13391,Rigid,1037795,1037796,1037802,1,6,7,completed,2
13392,Rigid,1037795,1037796,1037838,1,42,43,completed,2
13393,Rigid,1037795,1037796,1037815,1,19,20,completed,2
13394,Rigid,1037795,1037796,1037806,1,10,11,completed,2
13395,Rigid,1037795,1037796,1037806,1,10,11,completed,2
13396,Rigid,1037795,1037796,1037847,1,51,52,completed,2
13397,Rigid,1037795,1037796,1037840,1,44,45,completed,2
13398,Rigid,1037795,1037796,1037813,1,17,18,completed,2
13399,Rigid,1037795,1037796,1037816,1,20,21,completed,2
13400,Rigid,1037795,1037796,1037806,1,10,11,completed,2
13401,Rigid,1037795,1037796,1037806,1,10,11,completed,2
13402,Rigid,1037796,1037796,1037802,0,6,6,completed,2
13403,Rigid,1037796,1037796,1037849,0,53,53,completed,2
13404,Rigid,1037796,1037796,1037840,0,44,44,completed,2
13405,Rigid,1037796,1037796,1037815,0,19,19,completed,2
13406,Rigid,1037796,1037796,1037806,0,10,10,completed,2
13407,Rigid,1037796,1037796,1037846,0,50,50,completed,2
13408,Rigid,1037796,1037797,1037849,1,52,53,completed,2
13409,Rigid,1037796,1037797,1037839,1,42,43,completed,2
13410,Rigid,1037796,1037797,1037839,1,42,43,completed,2
13411,Rigid,1037797,1037797,1037812,0,15,15,completed,2
13412,Rigid,1037797,1037797,1037844,0,47,47,completed,2
13413,Rigid,1037799,1037799,1037808,0,9,9,completed,2
13414,Rigid,1037799,1037799,1037818,0,19,19,completed,2
13415,Rigid,1037802,1037803,1037854,1,51,52,completed,2
13416,Rigid,1037803,1037803,1037846,0,43,43,completed,2
13417,Rigid,1037803,1037803,1037846,0,43,43,completed,2
13418,Rigid,1037803,1037803,1037818,0,15,15,completed,2
13419,Rigid,1037803,1037803,1037822,0,19,19,completed,2
13420,Rigid,1037806,1037806,1037858,0,52,52,completed,2
13421,Rigid,1037810,1037813,1037859,3,46,49,completed,2
13422,Rigid,1037810,1037813,1037857,3,44,47,completed,2
13423,Rigid,1037810,1037813,1037857,3,44,47,completed,2
13424,Rigid,1037813,1037814,1037830,1,16,17,completed,2
13425,Rigid,1037813,1037814,1037832,1,18,19,completed,2
13426,Rigid,1037813,1037814,1037864,1,50,51,completed,2
13427,Rigid,1037813,1037814,1037859,1,45,46,completed,2
13428,Rigid,1037814,1037814,1037855,0,41,41,completed,2
13429,Rigid,1037814,1037814,1037855,0,41,41,completed,2
13430,Rigid,1037814,1037814,1037829,0,15,15,completed,2
13431,Rigid,1037814,1037814,1037861,0,47,47,completed,2
13432,Rigid,1037814,1037814,1037833,0,19,19,completed,2
13433,Rigid,1037814,1037814,1037831,0,17,17,completed,2
13434,Rigid,1037814,1037814,1037866,0,52,52,completed,2
13435,Rigid,1037817,1037817,1037860,0,43,43,completed,2
13436,Rigid,1037817,1037817,1037833,0,16,16,completed,2
13437,Rigid,1037817,1037817,1037836,0,19,19,completed,2
13438,Rigid,1037819,1037819,1037871,0,52,52,completed,2
13439,Rigid,1037819,1037821,1037868,2,47,49,completed,2
13440,Rigid,1037819,1037821,1037866,2,45,47,completed,2
13441,Rigid,1037819,1037821,1037837,2,16,18,completed,2
13442,Rigid,1037819,1037821,1037866,2,45,47,completed,2
13443,Rigid,1037820,1037821,1037841,1,20,21,completed,2
13444,Rigid,1037820,1037821,1037870,1,49,50,completed,2
13445,Rigid,1037820,1037821,1037862,1,41,42,completed,2
13446,Rigid,1037820,1037821,1037838,1,17,18,completed,2
13447,Rigid,1037820,1037821,1037872,1,51,52,completed,2
13448,Rigid,1037820,1037821,1037866,1,45,46,completed,2
13449,Rigid,1037820,1037821,1037840,1,19,20,completed,2
13450,Rigid,1037824,1037825,1037867,1,42,43,completed,2
13451,Rigid,1037824,1037825,1037841,1,16,17,completed,2
13452,Rigid,1037826,1037829,1037845,3,16,19,completed,2
13453,Rigid,1037826,1037829,1037849,3,20,23,completed,2
13454,Rigid,1037827,1037829,1037882,2,53,55,completed,2
13455,Rigid,1037827,1037829,1037878,2,49,51,completed,2
13456,Rigid,1037827,1037829,1037873,2,44,46,completed,2
13457,Rigid,1037827,1037829,1037846,2,17,19,completed,2
13458,Rigid,1037827,1037829,1037849,2,20,22,completed,2
13459,Rigid,1037827,1037829,1037880,2,51,53,completed,2
13460,Rigid,1037827,1037829,1037877,2,48,50,completed,2
13461,Rigid,1037827,1037829,1037872,2,43,45,completed,2
13462,Rigid,1037827,1037829,1037846,2,17,19,completed,2
13463,Rigid,1037827,1037829,1037850,2,21,23,completed,2
13464,Rigid,1037827,1037829,1037882,2,53,55,completed,2
13465,Rigid,1037827,1037829,1037877,2,48,50,completed,2
13466,Rigid,1037828,1037829,1037835,1,6,7,completed,2
13467,Rigid,1037828,1037829,1037835,1,6,7,completed,2
13468,Rigid,1037828,1037829,1037874,1,45,46,completed,2
13469,Rigid,1037828,1037829,1037846,1,17,18,completed,2
13470,Rigid,1037828,1037829,1037849,1,20,21,completed,2
13471,Rigid,1037828,1037829,1037883,1,54,55,completed,2
13472,Rigid,1037828,1037829,1037878,1,49,50,completed,2
13473,Rigid,1037828,1037829,1037874,1,45,46,completed,2
13474,Rigid,1037828,1037829,1037846,1,17,18,completed,2
13475,Rigid,1037828,1037829,1037849,1,20,21,completed,2
13476,Rigid,1037828,1037829,1037881,1,52,53,completed,2
13477,Rigid,1037829,1037829,1037835,0,6,6,completed,2
13478,Rigid,1037829,1037830,1037835,1,5,6,completed,2
13479,Rigid,1037829,1037829,1037876,0,47,47,completed,2
13480,Rigid,1037829,1037829,1037872,0,43,43,completed,2
13481,Rigid,1037829,1037829,1037846,0,17,17,completed,2
13482,Rigid,1037829,1037829,1037849,0,20,20,completed,2
13483,Rigid,1037829,1037829,1037882,0,53,53,completed,2
13484,Rigid,1037829,1037829,1037877,0,48,48,completed,2
13485,Rigid,1037829,1037829,1037873,0,44,44,completed,2
13486,Rigid,1037829,1037829,1037847,0,18,18,completed,2
13487,Rigid,1037829,1037830,1037882,1,52,53,completed,2
13488,Rigid,1037829,1037830,1037872,1,42,43,completed,2
13489,Rigid,1037830,1037830,1037869,0,39,39,completed,2
13490,Rigid,1037832,1037832,1037837,0,5,5,completed,2
13491,Rigid,1037832,1037832,1037849,0,17,17,completed,2
13492,Rigid,1038334,1038334,1038337,0,3,3,completed,1
13493,Rigid,1038397,1038397,1038399,0,2,2,completed,1
13494,Rigid,1038463,1038464,1038466,1,2,3,completed,1
13495,Rigid,1038628,1051349,1051360,12721,11,12732,completed,216
13496,Rigid,1038764,1051356,1057499,12592,6143,18735,completed,144
13497,Rigid,1038805,1038806,1038807,1,1,2,completed,1
13498,Rigid,1038889,1038890,1038998,1,108,109,completed,36
13499,Rigid,1038931,1038931,1039115,0,184,184,completed,36
13500,Rigid,1039011,1039032,1040033,21,1001,1022,completed,36
13501,Rigid,1039156,1039157,1039161,1,4,5,completed,1
13502,Rigid,1039156,1039157,1039170,1,13,14,completed,1
13503,Rigid,1039176,1039177,1039186,1,9,10,completed,1
13504,Rigid,1039176,1039177,1039193,1,16,17,completed,1
13505,Rigid,1039176,1039177,1039258,1,81,82,completed,2
13506,Rigid,1039176,1039177,1040484,1,1307,1308,completed,2
13507,Rigid,1039176,1039177,1039655,1,478,479,completed,12
13508,Rigid,1039176,1039177,1039871,1,694,695,completed,12
13509,Rigid,1039176,1039177,1040723,1,1546,1547,completed,2
13510,Rigid,1039343,1039344,1056968,1,17624,17625,completed,36
13511,Rigid,1039532,1051362,1057499,11830,6137,17967,completed,144
13512,Rigid,1039687,1039687,1039689,0,2,2,completed,1
13513,Rigid,1039714,1051362,1057499,11648,6137,17785,completed,144
13514,Rigid,1039764,1051380,1057499,11616,6119,17735,completed,144
13515,Rigid,1039880,1039881,1039889,1,8,9,completed,1
13516,Rigid,1039960,1039960,1056985,0,17025,17025,completed,36
13517,Rigid,1039989,1051388,1057499,11399,6111,17510,completed,144
13518,Rigid,1040072,1040072,1040171,0,99,99,completed,36
13519,Rigid,1040184,1040185,1040635,1,450,451,completed,36
13520,Rigid,1040222,1051497,1057499,11275,6002,17277,completed,144
13521,Rigid,1040275,1040678,1040891,403,213,616,completed,36
13522,Rigid,1040275,1040275,1385899,0,345624,345624,completed,1
13523,Rigid,1040275,1040275,1385899,0,345624,345624,completed,1
13524,Rigid,1040275,1040275,1385899,0,345624,345624,completed,1
13525,Rigid,1040275,1040275,1385899,0,345624,345624,completed,1
13526,Rigid,1040275,1040275,1385899,0,345624,345624,completed,1
13527,Rigid,1040394,1040394,1386019,0,345625,345625,completed,1
13528,Rigid,1040394,1040394,1386019,0,345625,345625,completed,1
13529,Rigid,1040394,1040394,1386019,0,345625,345625,completed,1
13530,Rigid,1040394,1040394,1386019,0,345625,345625,completed,1
13531,Rigid,1040394,1040394,1386019,0,345625,345625,completed,1
13532,Rigid,1040400,1040400,1040402,0,2,2,completed,1
13533,Rigid,1040486,1040487,1040489,1,2,3,completed,1
13534,Rigid,1040654,1040668,1040674,14,6,20,completed,36
13535,Rigid,1040760,1040761,1040774,1,13,14,completed,2
13536,Rigid,1040760,1040761,1040774,1,13,14,completed,2
13537,Rigid,1040761,1040765,1040772,4,7,11,completed,2
13538,Rigid,1040761,1040765,1040774,4,9,13,completed,2
13539,Rigid,1040761,1040765,1040774,4,9,13,completed,2
13540,Rigid,1040761,1040765,1040773,4,8,12,completed,2
13541,Rigid,1040761,1040765,1040772,4,7,11,completed,2
13542,Rigid,1040761,1040765,1040774,4,9,13,completed,2
13543,Rigid,1040761,1040765,1040772,4,7,11,completed,2
13544,Rigid,1040761,1040765,1040772,4,7,11,completed,2
13545,Rigid,1040761,1040765,1040774,4,9,13,completed,2
13546,Rigid,1040761,1040765,1040774,4,9,13,completed,2
13547,Rigid,1040761,1040765,1040772,4,7,11,completed,2
13548,Rigid,1040761,1040761,1040772,0,11,11,completed,2
13549,Rigid,1040761,1040761,1040772,0,11,11,completed,2
13550,Rigid,1040761,1040761,1040774,0,13,13,completed,2
13551,Rigid,1040762,1040765,1040772,3,7,10,completed,2
13552,Rigid,1040762,1040765,1040774,3,9,12,completed,2
13553,Rigid,1040762,1040765,1040772,3,7,10,completed,2
13554,Rigid,1040762,1040765,1040774,3,9,12,completed,2
13555,Rigid,1040762,1040765,1040774,3,9,12,completed,2
13556,Rigid,1040762,1040765,1040774,3,9,12,completed,2
13557,Rigid,1040762,1040765,1040772,3,7,10,completed,2
13558,Rigid,1040762,1040765,1040772,3,7,10,completed,2
13559,Rigid,1040763,1040765,1040774,2,9,11,completed,2
13560,Rigid,1040763,1040765,1040771,2,6,8,completed,2
13561,Rigid,1040763,1040765,1040772,2,7,9,completed,2
13562,Rigid,1040763,1040765,1040772,2,7,9,completed,2
13563,Rigid,1040763,1040765,1040772,2,7,9,completed,2
13564,Rigid,1040763,1040765,1040774,2,9,11,completed,2
13565,Rigid,1040763,1040765,1040774,2,9,11,completed,2
13566,Rigid,1040763,1040765,1040772,2,7,9,completed,2
13567,Rigid,1040763,1040765,1040772,2,7,9,completed,2
13568,Rigid,1040763,1040765,1040774,2,9,11,completed,2
13569,Rigid,1040763,1040765,1040772,2,7,9,completed,2
13570,Rigid,1040763,1040765,1040772,2,7,9,completed,2
13571,Rigid,1040763,1040765,1040774,2,9,11,completed,2
13572,Rigid,1040763,1040765,1040774,2,9,11,completed,2
13573,Rigid,1040763,1040765,1040785,2,20,22,completed,2
13574,Rigid,1040764,1040765,1040772,1,7,8,completed,2
13575,Rigid,1040764,1040765,1040774,1,9,10,completed,2
13576,Rigid,1040764,1040765,1040772,1,7,8,completed,2
13577,Rigid,1040764,1040765,1040772,1,7,8,completed,2
13578,Rigid,1040764,1040765,1040772,1,7,8,completed,2
13579,Rigid,1040764,1040765,1040774,1,9,10,completed,2
13580,Rigid,1040764,1040765,1040774,1,9,10,completed,2
13581,Rigid,1040764,1040765,1040772,1,7,8,completed,2
13582,Rigid,1040764,1040765,1040774,1,9,10,completed,2
13583,Rigid,1040764,1040765,1040774,1,9,10,completed,2
13584,Rigid,1040764,1040765,1040772,1,7,8,completed,2
13585,Rigid,1040764,1040765,1040772,1,7,8,completed,2
13586,Rigid,1040764,1040765,1040774,1,9,10,completed,2
13587,Rigid,1040799,1040799,1040801,0,2,2,completed,1
13588,Rigid,1040818,1040892,1041638,74,746,820,completed,36
13589,Rigid,1040840,1040859,1040861,19,2,21,completed,1
13590,Rigid,1040886,1080011,1176086,39125,96075,135200,completed,36
13591,Rigid,1040886,1080011,1225951,39125,145940,185065,completed,36
13592,Rigid,1040886,1080011,1129420,39125,49409,88534,completed,36
13593,Rigid,1040904,1040904,1040906,0,2,2,completed,1
13594,Rigid,1040983,1080011,1232354,39028,152343,191371,completed,36
13595,Rigid,1040983,1083489,1162172,42506,78683,121189,completed,36
13596,Rigid,1040983,1088048,1192831,47065,104783,151848,completed,36
13597,Rigid,1041009,1088048,1212169,47039,124121,171160,completed,36
13598,Rigid,1041009,1088048,1203291,47039,115243,162282,completed,36
13599,Rigid,1041009,1088048,1204580,47039,116532,163571,completed,36
13600,Rigid,1041012,1051593,1057499,10581,5906,16487,completed,144
13601,Rigid,1041232,1041232,1041327,0,95,95,completed,1
13602,Rigid,1041232,1041232,1041316,0,84,84,completed,1
13603,Rigid,1041232,1041232,1041319,0,87,87,completed,1
13604,Rigid,1041232,1041232,1041327,0,95,95,completed,1
13605,Rigid,1041232,1041236,1041329,4,93,97,completed,1
13606,Rigid,1041232,1041232,1041335,0,103,103,completed,1
13607,Rigid,1041232,1041232,1041383,0,151,151,completed,1
13608,Rigid,1041232,1041232,1041337,0,105,105,completed,1
13609,Rigid,1041232,1041232,1041377,0,145,145,completed,1
13610,Rigid,1041232,1041232,1041405,0,173,173,completed,1
13611,Rigid,1041232,1041232,1041410,0,178,178,completed,1
13612,Rigid,1041232,1041232,1041388,0,156,156,completed,1
13613,Rigid,1041232,1041236,1041347,4,111,115,completed,1
13614,Rigid,1041232,1041232,1045095,0,3863,3863,completed,1
13615,Rigid,1041232,1041232,1044834,0,3602,3602,completed,1
13616,Rigid,1041232,1041232,1044591,0,3359,3359,completed,1
13617,Rigid,1041232,1041232,1046110,0,4878,4878,completed,1
13618,Rigid,1041232,1041232,1047282,0,6050,6050,completed,1
13619,Rigid,1041232,1041232,1044176,0,2944,2944,completed,1
13620,Rigid,1041232,1041236,1046860,4,5624,5628,completed,1
13621,Rigid,1041233,1041236,1041392,3,156,159,completed,1
13622,Rigid,1041233,1041236,1041347,3,111,114,completed,1
13623,Rigid,1041233,1041236,1041338,3,102,105,completed,1
13624,Rigid,1041233,1041236,1044327,3,3091,3094,completed,1
13625,Rigid,1041298,1155334,1328143,114036,172809,286845,completed,36
13626,Rigid,1041298,1155334,1328143,114036,172809,286845,completed,36
13627,Rigid,1041326,1041327,1042914,1,1587,1588,completed,144
13628,Rigid,1041326,1041327,1042869,1,1542,1543,completed,144
13629,Rigid,1041326,1041553,1043118,227,1565,1792,completed,144
13630,Rigid,1041326,1042870,1044448,1544,1578,3122,completed,144
13631,Rigid,1041326,1042916,1044515,1590,1599,3189,completed,144
13632,Rigid,1041326,1043119,1044660,1793,1541,3334,completed,144
13633,Rigid,1041326,1043468,1045029,2142,1561,3703,completed,144
13634,Rigid,1041326,1044449,1046013,3123,1564,4687,completed,144
13635,Rigid,1041326,1044516,1046085,3190,1569,4759,completed,144
13636,Rigid,1041326,1044661,1046210,3335,1549,4884,completed,144
13637,Rigid,1041326,1045030,1046604,3704,1574,5278,completed,144
13638,Rigid,1041326,1046014,1047581,4688,1567,6255,completed,144
13639,Rigid,1041326,1046086,1047666,4760,1580,6340,completed,144
13640,Rigid,1041326,1046211,1047780,4885,1569,6454,completed,144
13641,Rigid,1041326,1046605,1048163,5279,1558,6837,completed,144
13642,Rigid,1041326,1047026,1048601,5700,1575,7275,completed,144
13643,Rigid,1041326,1047583,1049164,6257,1581,7838,completed,144
13644,Rigid,1041326,1047668,1049245,6342,1577,7919,completed,144
13645,Rigid,1041326,1047782,1049358,6456,1576,8032,completed,144
13646,Rigid,1041326,1047933,1049509,6607,1576,8183,completed,144
13647,Rigid,1041326,1048164,1049739,6838,1575,8413,completed,144
13648,Rigid,1041326,1048602,1050212,7276,1610,8886,completed,144
13649,Rigid,1041327,1041328,1041383,1,55,56,completed,3
13650,Rigid,1041327,1049112,1050740,7785,1628,9413,completed,144
13651,Rigid,1041327,1049165,1050796,7838,1631,9469,completed,144
13652,Rigid,1041327,1049246,1050879,7919,1633,9552,completed,144
13653,Rigid,1041327,1049271,1050905,7944,1634,9578,completed,144
13654,Rigid,1041327,1049359,1050990,8032,1631,9663,completed,144
13655,Rigid,1041327,1049510,1051150,8183,1640,9823,completed,144
13656,Rigid,1041327,1049608,1051233,8281,1625,9906,completed,144
13657,Rigid,1041327,1049699,1051348,8372,1649,10021,completed,144
13658,Rigid,1041327,1049730,1051355,8403,1625,10028,completed,144
13659,Rigid,1041327,1049730,1051379,8403,1649,10052,completed,144
13660,Rigid,1041327,1049740,1051387,8413,1647,10060,completed,144
13661,Rigid,1041327,1049844,1051496,8517,1652,10169,completed,144
13662,Rigid,1041327,1049960,1051591,8633,1631,10264,completed,144
13663,Rigid,1041327,1050213,1051769,8886,1556,10442,completed,144
13664,Rigid,1041338,1041339,1041384,1,45,46,completed,3
13665,Rigid,1041339,1041339,1041387,0,48,48,completed,3
13666,Rigid,1041340,1041340,1041387,0,47,47,completed,3
13667,Rigid,1041351,1041352,1041399,1,47,48,completed,3
13668,Rigid,1041384,1041384,1041390,0,6,6,completed,1
13669,Rigid,1041384,1041384,1041433,0,49,49,completed,3
13670,Rigid,1041395,1041396,1041401,1,5,6,completed,1
13671,Rigid,1041395,1041396,1041401,1,5,6,completed,1
13672,Rigid,1041396,1041400,1041405,4,5,9,completed,1
13673,Rigid,1041396,1041400,1041439,4,39,43,completed,3
13674,Rigid,1041407,1041408,1041413,1,5,6,completed,1
13675,Rigid,1041417,1041418,1041465,1,47,48,completed,3
13676,Rigid,1041439,1041440,1041445,1,5,6,completed,1
13677,Rigid,1041440,1041440,1041445,0,5,5,completed,1
13678,Rigid,1041471,1041472,1041477,1,5,6,completed,1
13679,Rigid,1041551,1051770,1057499,10219,5729,15948,completed,144
13680,Rigid,1041619,1041619,1041633,0,14,14,completed,2
13681,Rigid,1041680,1041681,1041693,1,12,13,completed,2
13682,Rigid,1041704,1041705,1041712,1,7,8,completed,1
13683,Rigid,1041704,1041705,1041706,1,1,2,completed,1
13684,Rigid,1041705,1041705,1041706,0,1,1,completed,1
13685,Rigid,1041705,1041707,1041729,2,22,24,completed,1
13686,Rigid,1041802,1041802,1041812,0,10,10,completed,1
13687,Rigid,1041802,1041802,1041944,0,142,142,completed,1
13688,Rigid,1041802,1041806,1041922,4,116,120,completed,1
13689,Rigid,1041802,1041806,1042039,4,233,237,completed,1
13690,Rigid,1041803,1041806,1041854,3,48,51,completed,1
13691,Rigid,1041803,1041806,1041984,3,178,181,completed,1
13692,Rigid,1041803,1041806,1041979,3,173,176,completed,1
13693,Rigid,1041803,1041806,1042044,3,238,241,completed,1
13694,Rigid,1041804,1041806,1041969,2,163,165,completed,1
13695,Rigid,1041804,1041806,1041945,2,139,141,completed,1
13696,Rigid,1041805,1041806,1041868,1,62,63,completed,1
13697,Rigid,1041806,1041806,1041899,0,93,93,completed,1
13698,Rigid,1041806,1041806,1042010,0,204,204,completed,1
13699,Rigid,1041807,1041810,1041878,3,68,71,completed,1
13700,Rigid,1041807,1041810,1041976,3,166,169,completed,1
13701,Rigid,1041807,1041810,1041959,3,149,152,completed,1
13702,Rigid,1041807,1041810,1041979,3,169,172,completed,1
13703,Rigid,1041808,1041810,1041850,2,40,42,completed,1
13704,Rigid,1041808,1041810,1041947,2,137,139,completed,1
13705,Rigid,1041808,1041810,1042004,2,194,196,completed,1
13706,Rigid,1041809,1041810,1042000,1,190,191,completed,1
13707,Rigid,1041809,1041810,1041924,1,114,115,completed,1
13708,Rigid,1041809,1041810,1041979,1,169,170,completed,1
13709,Rigid,1041809,1041810,1041994,1,184,185,completed,1
13710,Rigid,1041809,1041810,1041921,1,111,112,completed,1
13711,Rigid,1041810,1041813,1041899,3,86,89,completed,1
13712,Rigid,1041810,1041810,1041979,0,169,169,completed,1
13713,Rigid,1041810,1041810,1041984,0,174,174,completed,1
13714,Rigid,1041811,1041813,1041875,2,62,64,completed,1
13715,Rigid,1041811,1041813,1042008,2,195,197,completed,1
13716,Rigid,1041812,1041813,1041827,1,14,15,completed,1
13717,Rigid,1041812,1041813,1041832,1,19,20,completed,1
13718,Rigid,1041812,1041813,1043644,1,1831,1832,completed,2
13719,Rigid,1041813,1041814,1041817,1,3,4,completed,1
13720,Rigid,1041813,1041814,1041821,1,7,8,completed,1
13721,Rigid,1041813,1041814,1041818,1,4,5,completed,1
13722,Rigid,1041813,1041814,1042786,1,972,973,completed,2
13723,Rigid,1041813,1041813,1042916,0,1103,1103,completed,2
13724,Rigid,1041813,1041813,1045219,0,3406,3406,completed,2
13725,Rigid,1041813,1041814,1043882,1,2068,2069,completed,2
13726,Rigid,1041813,1041814,1043320,1,1506,1507,completed,2
13727,Rigid,1041813,1041814,1043321,1,1507,1508,completed,2
13728,Rigid,1041814,1041814,1041821,0,7,7,completed,1
13729,Rigid,1041814,1041814,1041816,0,2,2,completed,1
13730,Rigid,1041814,1041814,1041816,0,2,2,completed,1
13731,Rigid,1041814,1041817,1041819,3,2,5,completed,1
13732,Rigid,1041814,1041817,1041821,3,4,7,completed,1
13733,Rigid,1041814,1041814,1045122,0,3308,3308,completed,1
13734,Rigid,1041814,1041814,1045096,0,3282,3282,completed,1
13735,Rigid,1041815,1041817,1041819,2,2,4,completed,1
13736,Rigid,1041815,1041817,1041824,2,7,9,completed,1
13737,Rigid,1041815,1041817,1041819,2,2,4,completed,1
13738,Rigid,1041815,1041817,1042696,2,879,881,completed,2
13739,Rigid,1041815,1041817,1043017,2,1200,1202,completed,2
13740,Rigid,1041815,1041817,1043983,2,2166,2168,completed,2
13741,Rigid,1041815,1041817,1047068,2,5251,5253,completed,1
13742,Rigid,1041815,1041817,1043320,2,1503,1505,completed,2
13743,Rigid,1041815,1041817,1044178,2,2361,2363,completed,2
13744,Rigid,1041816,1041817,1041826,1,9,10,completed,1
13745,Rigid,1041816,1041817,1041819,1,2,3,completed,1
13746,Rigid,1041816,1041817,1041819,1,2,3,completed,1
13747,Rigid,1041816,1041817,1041828,1,11,12,completed,1
13748,Rigid,1041816,1041817,1042779,1,962,963,completed,2
13749,Rigid,1041816,1041817,1042834,1,1017,1018,completed,2
13750,Rigid,1041816,1041817,1043315,1,1498,1499,completed,2
13751,Rigid,1041816,1041817,1044178,1,2361,2362,completed,2
13752,Rigid,1041816,1041817,1043407,1,1590,1591,completed,2
13753,Rigid,1041817,1041817,1041819,0,2,2,completed,1
13754,Rigid,1041817,1041817,1041819,0,2,2,completed,1
13755,Rigid,1041817,1041817,1041819,0,2,2,completed,1
13756,Rigid,1041817,1041817,1041820,0,3,3,completed,1
13757,Rigid,1041817,1041817,1041819,0,2,2,completed,1
13758,Rigid,1041817,1041817,1041819,0,2,2,completed,1
13759,Rigid,1041817,1041817,1049642,0,7825,7825,completed,1
13760,Rigid,1041817,1041817,1043654,0,1837,1837,completed,2
13761,Rigid,1041818,1041818,1041820,0,2,2,completed,1
13762,Rigid,1041818,1041818,1041820,0,2,2,completed,1
13763,Rigid,1041818,1041818,1041820,0,2,2,completed,1
13764,Rigid,1041818,1041818,1041822,0,4,4,completed,1
13765,Rigid,1041818,1041818,1041822,0,4,4,completed,1
13766,Rigid,1041818,1041818,1041820,0,2,2,completed,1
13767,Rigid,1041818,1041818,1041822,0,4,4,completed,1
13768,Rigid,1041818,1041818,1043018,0,1200,1200,completed,2
13769,Rigid,1041818,1041818,1046573,0,4755,4755,completed,1
13770,Rigid,1041818,1041818,1042848,0,1030,1030,completed,2
13771,Rigid,1041819,1041820,1041821,1,1,2,completed,1
13772,Rigid,1041819,1041820,1041822,1,2,3,completed,1
13773,Rigid,1041819,1041820,1041821,1,1,2,completed,1
13774,Rigid,1041819,1041820,1041822,1,2,3,completed,1
13775,Rigid,1041819,1041820,1041821,1,1,2,completed,1
13776,Rigid,1041819,1041820,1041827,1,7,8,completed,1
13777,Rigid,1041819,1041820,1042679,1,859,860,completed,2
13778,Rigid,1041819,1041820,1049026,1,7206,7207,completed,1
13779,Rigid,1041819,1041820,1042890,1,1070,1071,completed,2
13780,Rigid,1041819,1041820,1042839,1,1019,1020,completed,2
13781,Rigid,1041820,1041820,1041821,0,1,1,completed,1
13782,Rigid,1041820,1041820,1041821,0,1,1,completed,1
13783,Rigid,1041820,1041820,1042463,0,643,643,completed,2
13784,Rigid,1041820,1041820,1042853,0,1033,1033,completed,2
13785,Rigid,1041820,1041820,1045382,0,3562,3562,completed,2
13786,Rigid,1041820,1041820,1043386,0,1566,1566,completed,2
13787,Rigid,1041825,1041826,1042466,1,640,641,completed,2
13788,Rigid,1041825,1041826,1044442,1,2616,2617,completed,1
13789,Rigid,1041826,1041826,1043264,0,1438,1438,completed,2
13790,Rigid,1041828,1041829,1042318,1,489,490,completed,2
13791,Rigid,1041829,1041829,1042318,0,489,489,completed,2
13792,Rigid,1041829,1041830,1042291,1,461,462,completed,2
13793,Rigid,1041829,1041829,1043283,0,1454,1454,completed,2
13794,Rigid,1041829,1041829,1044471,0,2642,2642,completed,1
13795,Rigid,1041829,1041830,1043279,1,1449,1450,completed,2
13796,Rigid,1041830,1041833,1044267,3,2434,2437,completed,1
13797,Rigid,1041830,1041833,1044297,3,2464,2467,completed,1
13798,Rigid,1041830,1041833,1043261,3,1428,1431,completed,2
13799,Rigid,1041831,1041833,1042291,2,458,460,completed,2
13800,Rigid,1041831,1041833,1042203,2,370,372,completed,2
13801,Rigid,1041831,1041833,1042199,2,366,368,completed,2
13802,Rigid,1041831,1041833,1043270,2,1437,1439,completed,2
13803,Rigid,1041832,1041833,1042268,1,435,436,completed,2
13804,Rigid,1041832,1041833,1043792,1,1959,1960,completed,1
13805,Rigid,1041832,1041833,1043254,1,1421,1422,completed,2
13806,Rigid,1041832,1041833,1043798,1,1965,1966,completed,1
13807,Rigid,1041832,1041833,1044220,1,2387,2388,completed,1
13808,Rigid,1041832,1041833,1043209,1,1376,1377,completed,2
13809,Rigid,1041832,1041833,1044206,1,2373,2374,completed,1
13810,Rigid,1041833,1041833,1042268,0,435,435,completed,2
13811,Rigid,1041833,1041834,1042223,1,389,390,completed,2
13812,Rigid,1041833,1041834,1042227,1,393,394,completed,2
13813,Rigid,1041833,1041833,1043937,0,2104,2104,completed,1
13814,Rigid,1041833,1041833,1043222,0,1389,1389,completed,2
13815,Rigid,1041833,1041834,1043201,1,1367,1368,completed,2
13816,Rigid,1041834,1041838,1042075,4,237,241,completed,2
13817,Rigid,1041834,1041838,1042068,4,230,234,completed,2
13818,Rigid,1041834,1041838,1041957,4,119,123,completed,2
13819,Rigid,1041834,1041838,1042465,4,627,631,completed,1
13820,Rigid,1041834,1041838,1043211,4,1373,1377,completed,2
13821,Rigid,1041834,1041838,1043947,4,2109,2113,completed,1
13822,Rigid,1041834,1041838,1043034,4,1196,1200,completed,2
13823,Rigid,1041835,1041838,1042452,3,614,617,completed,1
13824,Rigid,1041848,1041849,1041968,1,119,120,completed,2
13825,Rigid,1041851,1041853,1043034,2,1181,1183,completed,2
13826,Rigid,1041870,1041871,1042006,1,135,136,completed,2
13827,Rigid,1041871,1041871,1041989,0,118,118,completed,2
13828,Rigid,1041891,1041892,1042199,1,307,308,completed,1
13829,Rigid,1041892,1041896,1043034,4,1138,1142,completed,2
13830,Rigid,1041912,1041912,1041981,0,69,69,completed,2
13831,Rigid,1041913,1041913,1042212,0,299,299,completed,1
13832,Rigid,1041961,1041962,1043131,1,1169,1170,completed,2
13833,Rigid,1041966,1041966,1042014,0,48,48,completed,2
13834,Rigid,1041966,1041966,1042029,0,63,63,completed,2
13835,Rigid,1042000,1042000,1042046,0,46,46,completed,2
13836,Rigid,1042015,1042015,1043077,0,1062,1062,completed,2
13837,Rigid,1042023,1042024,1042051,1,27,28,completed,2
13838,Rigid,1042031,1042031,1042113,0,82,82,completed,1
13839,Rigid,1042042,1042042,1042064,0,22,22,completed,2
13840,Rigid,1042042,1042042,1042130,0,88,88,completed,1
13841,Rigid,1042042,1042042,1043080,0,1038,1038,completed,2
13842,Rigid,1042043,1042045,1042061,2,16,18,completed,2
13843,Rigid,1042043,1042045,1042061,2,16,18,completed,2
13844,Rigid,1042043,1042045,1042066,2,21,23,completed,1
13845,Rigid,1042043,1042045,1042066,2,21,23,completed,1
13846,Rigid,1042043,1042045,1042055,2,10,12,completed,2
13847,Rigid,1042043,1042045,1042057,2,12,14,completed,2
13848,Rigid,1042043,1042045,1042056,2,11,13,completed,2
13849,Rigid,1042043,1042045,1043502,2,1457,1459,completed,2
13850,Rigid,1042044,1042045,1042056,1,11,12,completed,2
13851,Rigid,1042044,1042045,1042055,1,10,11,completed,2
13852,Rigid,1042044,1042045,1042055,1,10,11,completed,2
13853,Rigid,1042044,1042045,1043502,1,1457,1458,completed,2
13854,Rigid,1042057,1042057,1042066,0,9,9,completed,2
13855,Rigid,1042057,1042058,1042066,1,8,9,completed,1
13856,Rigid,1042057,1042057,1042067,0,10,10,completed,2
13857,Rigid,1042058,1042058,1042066,0,8,8,completed,2
13858,Rigid,1042058,1042058,1042066,0,8,8,completed,2
13859,Rigid,1042058,1042058,1042067,0,9,9,completed,1
13860,Rigid,1042058,1042062,1042070,4,8,12,completed,1
13861,Rigid,1042058,1042062,1042069,4,7,11,completed,2
13862,Rigid,1042058,1042058,1042612,0,554,554,completed,2
13863,Rigid,1042058,1042058,1042609,0,551,551,completed,2
13864,Rigid,1042059,1042062,1042068,3,6,9,completed,2
13865,Rigid,1042059,1042062,1042612,3,550,553,completed,2
13866,Rigid,1042059,1042062,1042609,3,547,550,completed,2
13867,Rigid,1042064,1042066,1042074,2,8,10,completed,1
13868,Rigid,1042064,1042065,1042072,1,7,8,completed,1
13869,Rigid,1042077,1042078,1042085,1,7,8,completed,2
13870,Rigid,1042078,1042082,1042089,4,7,11,completed,1
13871,Rigid,1042078,1042082,1042088,4,6,10,completed,2
13872,Rigid,1042079,1042082,1042088,3,6,9,completed,2
13873,Rigid,1042079,1042082,1042090,3,8,11,completed,2
13874,Rigid,1042079,1042082,1042089,3,7,10,completed,2
13875,Rigid,1042079,1042082,1042089,3,7,10,completed,2
13876,Rigid,1042079,1042082,1042089,3,7,10,completed,2
13877,Rigid,1042079,1042082,1042086,3,4,7,completed,1
13878,Rigid,1042079,1042082,1042089,3,7,10,completed,2
13879,Rigid,1042079,1042082,1042562,3,480,483,completed,2
13880,Rigid,1042079,1042082,1042318,3,236,239,completed,2
13881,Rigid,1042079,1042082,1042562,3,480,483,completed,2
13882,Rigid,1042080,1042082,1042086,2,4,6,completed,1
13883,Rigid,1042080,1042082,1042086,2,4,6,completed,1
13884,Rigid,1042082,1042086,1042318,4,232,236,completed,2
13885,Rigid,1042084,1042086,1042094,2,8,10,completed,2
13886,Rigid,1042084,1042086,1042318,2,232,234,completed,2
13887,Rigid,1042105,1042106,1042110,1,4,5,completed,1
13888,Rigid,1042108,1042110,1042119,2,9,11,completed,2
13889,Rigid,1042108,1042110,1042320,2,210,212,completed,2
13890,Rigid,1042230,1050841,1124299,8611,73458,82069,completed,36
13891,Rigid,1042230,1050841,1310051,8611,259210,267821,completed,36
13892,Rigid,1042230,1051675,1059593,9445,7918,17363,completed,36
13893,Rigid,1042230,1054465,1108137,12235,53672,65907,completed,36
13894,Rigid,1042230,1054465,1101168,12235,46703,58938,completed,36
13895,Rigid,1042230,1054469,1138550,12239,84081,96320,completed,36
13896,Rigid,1042230,1054494,1123210,12264,68716,80980,completed,36
13897,Rigid,1042230,1054513,1152900,12283,98387,110670,completed,36
13898,Rigid,1042230,1054552,1092772,12322,38220,50542,completed,36
13899,Rigid,1042230,1054553,1060633,12323,6080,18403,completed,36
13900,Rigid,1042230,1054554,1313765,12324,259211,271535,completed,36
13901,Rigid,1042230,1054555,1075274,12325,20719,33044,completed,36
13902,Rigid,1042230,1054557,1296959,12327,242402,254729,completed,36
13903,Rigid,1042230,1054557,1313765,12327,259208,271535,completed,36
13904,Rigid,1042230,1054586,1098823,12356,44237,56593,completed,36
13905,Rigid,1042230,1054588,1207310,12358,152722,165080,completed,36
13906,Rigid,1042230,1054590,1082173,12360,27583,39943,completed,36
13907,Rigid,1042230,1054592,1221349,12362,166757,179119,completed,36
13908,Rigid,1042230,1054650,1313856,12420,259206,271626,completed,36
13909,Rigid,1042230,1054735,1313948,12505,259213,271718,completed,36
13910,Rigid,1042230,1056283,1282322,14053,226039,240092,completed,36
13911,Rigid,1042230,1056283,1060172,14053,3889,17942,completed,36
13912,Rigid,1042230,1056969,1286765,14739,229796,244535,completed,36
13913,Rigid,1042230,1056986,1072784,14756,15798,30554,completed,36
13914,Rigid,1042230,1057374,1061168,15144,3794,18938,completed,36
13915,Rigid,1042230,1057507,1212103,15277,154596,169873,completed,36
13916,Rigid,1042230,1057507,1093061,15277,35554,50831,completed,36
13917,Rigid,1042231,1057507,1316711,15276,259204,274480,completed,36
13918,Rigid,1042231,1057507,1228606,15276,171099,186375,completed,36
13919,Rigid,1042231,1057507,1136455,15276,78948,94224,completed,36
13920,Rigid,1042231,1057507,1197078,15276,139571,154847,completed,36
13921,Rigid,1042231,1057507,1110447,15276,52940,68216,completed,36
13922,Rigid,1042231,1057507,1061590,15276,4083,19359,completed,36
13923,Rigid,1042231,1057507,1066526,15276,9019,24295,completed,36
13924,Rigid,1042231,1057507,1085507,15276,28000,43276,completed,36
13925,Rigid,1042231,1057507,1316711,15276,259204,274480,completed,36
13926,Rigid,1042231,1057507,1316711,15276,259204,274480,completed,36
13927,Rigid,1042231,1057507,1081644,15276,24137,39413,completed,36
13928,Rigid,1042231,1057507,1316711,15276,259204,274480,completed,36
13929,Rigid,1042231,1057507,1130940,15276,73433,88709,completed,36
13930,Rigid,1042231,1057507,1075312,15276,17805,33081,completed,36
13931,Rigid,1042231,1057507,1316711,15276,259204,274480,completed,36
13932,Rigid,1042231,1057507,1203203,15276,145696,160972,completed,36
13933,Rigid,1042231,1057507,1316711,15276,259204,274480,completed,36
13934,Rigid,1042231,1057507,1195189,15276,137682,152958,completed,36
13935,Rigid,1042231,1057507,1111595,15276,54088,69364,completed,36
13936,Rigid,1042231,1057508,1105992,15277,48484,63761,completed,36
13937,Rigid,1042231,1057508,1316711,15277,259203,274480,completed,36
13938,Rigid,1042231,1057508,1118352,15277,60844,76121,completed,36
13939,Rigid,1042231,1057508,1168720,15277,111212,126489,completed,36
13940,Rigid,1042231,1057508,1316711,15277,259203,274480,completed,36
13941,Rigid,1042231,1057508,1170148,15277,112640,127917,completed,36
13942,Rigid,1042231,1057508,1176660,15277,119152,134429,completed,36
13943,Rigid,1042231,1057508,1240147,15277,182639,197916,completed,36
13944,Rigid,1042231,1057508,1143441,15277,85933,101210,completed,36
13945,Rigid,1042231,1057508,1077911,15277,20403,35680,completed,36
13946,Rigid,1042231,1057508,1316711,15277,259203,274480,completed,36
13947,Rigid,1042231,1057806,1075879,15575,18073,33648,completed,36
13948,Rigid,1042231,1057806,1317011,15575,259205,274780,completed,36
13949,Rigid,1042231,1057806,1093913,15575,36107,51682,completed,36
13950,Rigid,1042231,1057806,1110700,15575,52894,68469,completed,36
13951,Rigid,1042231,1057806,1317011,15575,259205,274780,completed,36
13952,Rigid,1042231,1057806,1317011,15575,259205,274780,completed,36
13953,Rigid,1042231,1057806,1317011,15575,259205,274780,completed,36
13954,Rigid,1042231,1058658,1317881,16427,259223,275650,completed,36
13955,Rigid,1042231,1058839,1318061,16608,259222,275830,completed,36
13956,Rigid,1042231,1058921,1318121,16690,259200,275890,completed,36
13957,Rigid,1042231,1058921,1318121,16690,259200,275890,completed,36
13958,Rigid,1042231,1058921,1318121,16690,259200,275890,completed,36
13959,Rigid,1042231,1058921,1149638,16690,90717,107407,completed,36
13960,Rigid,1042231,1058921,1089172,16690,30251,46941,completed,36
13961,Rigid,1042231,1058921,1078162,16690,19241,35931,completed,36
13962,Rigid,1042231,1058921,1132300,16690,73379,90069,completed,36
13963,Rigid,1042231,1059006,1098480,16775,39474,56249,completed,36
13964,Rigid,1042231,1059006,1092892,16775,33886,50661,completed,36
13965,Rigid,1042231,1059006,1204048,16775,145042,161817,completed,36
13966,Rigid,1042231,1059006,1318211,16775,259205,275980,completed,36
13967,Rigid,1042231,1059594,1139621,17363,80027,97390,completed,36
13968,Rigid,1042231,1060173,1131436,17942,71263,89205,completed,36
13969,Rigid,1042231,1060635,1176441,18404,115806,134210,completed,36
13970,Rigid,1042231,1061170,1320372,18939,259202,278141,completed,36
13971,Rigid,1042231,1061462,1320672,19231,259210,278441,completed,36
13972,Rigid,1042231,1061591,1320792,19360,259201,278561,completed,36
13973,Rigid,1042231,1061918,1100764,19687,38846,58533,completed,36
13974,Rigid,1042231,1061918,1143253,19687,81335,101022,completed,36
13975,Rigid,1042231,1061919,1321122,19688,259203,278891,completed,36
13976,Rigid,1042231,1061919,1201333,19688,139414,159102,completed,36
13977,Rigid,1042231,1061919,1321122,19688,259203,278891,completed,36
13978,Rigid,1042231,1061919,1253457,19688,191538,211226,completed,36
13979,Rigid,1042231,1061939,1321152,19708,259213,278921,completed,36
13980,Rigid,1042231,1061939,1073823,19708,11884,31592,completed,72
13981,Rigid,1042231,1073824,1112473,31593,38649,70242,completed,72
13982,Rigid,1042231,1121011,1149140,78780,28129,106909,completed,72
13983,Rigid,1042231,1121072,1170978,78841,49906,128747,completed,72
13984,Rigid,1042231,1122111,1173235,79880,51124,131004,completed,72
13985,Rigid,1042231,1122857,1169257,80626,46400,127026,completed,72
13986,Rigid,1042231,1143255,1194658,101024,51403,152427,completed,72
13987,Rigid,1042231,1149141,1205207,106910,56066,162976,completed,72
13988,Rigid,1042231,1150561,1174335,108330,23774,132104,completed,72
13989,Rigid,1042231,1151505,1181034,109274,29529,138803,completed,72
13990,Rigid,1042231,1154860,1205469,112629,50609,163238,completed,72
13991,Rigid,1042231,1169258,1212852,127027,43594,170621,completed,72
13992,Rigid,1042232,1170149,1276420,127917,106271,234188,completed,72
13993,Rigid,1042232,1170979,1289549,128747,118570,247317,completed,72
13994,Rigid,1042232,1173236,1293403,131004,120167,251171,completed,72
13995,Rigid,1042232,1174336,1201983,132104,27647,159751,completed,72
13996,Rigid,1042232,1176442,1435650,134210,259208,393418,completed,72
13997,Rigid,1042232,1181035,1319019,138803,137984,276787,completed,72
13998,Rigid,1042232,1061939,1321152,19707,259213,278920,completed,36
13999,Rigid,1042232,1066527,1325742,24295,259215,283510,completed,36
14000,Rigid,1042232,1072785,1331985,30553,259200,289753,completed,36
14001,Rigid,1042232,1075276,1334505,33044,259229,292273,completed,36
14002,Rigid,1042232,1075313,1188421,33081,113108,146189,completed,36
14003,Rigid,1042232,1075880,1128565,33648,52685,86333,completed,36
14004,Rigid,1042232,1077913,1337115,35681,259202,294883,completed,36
14005,Rigid,1042232,1078163,1337385,35931,259222,295153,completed,36
14006,Rigid,1042232,1081645,1340865,39413,259220,298633,completed,36
14007,Rigid,1042232,1082175,1133585,39943,51410,91353,completed,36
14008,Rigid,1042232,1085508,1132660,43276,47152,90428,completed,36
14009,Rigid,1042232,1089173,1348395,46941,259222,306163,completed,36
14010,Rigid,1042232,1092773,1128850,50541,36077,86618,completed,36
14011,Rigid,1042232,1092893,1352115,50661,259222,309883,completed,36
14012,Rigid,1042232,1093062,1352265,50830,259203,310033,completed,36
14013,Rigid,1042232,1093914,1353135,51682,259221,310903,completed,36
14014,Rigid,1042232,1098481,1357695,56249,259214,315463,completed,36
14015,Rigid,1042232,1098824,1358025,56592,259201,315793,completed,36
14016,Rigid,1042232,1100765,1124586,58533,23821,82354,completed,36
14017,Rigid,1042232,1101169,1128887,58937,27718,86655,completed,36
14018,Rigid,1042232,1123211,1283810,80979,160599,241578,completed,36
14019,Rigid,1042232,1124300,1383529,82068,259229,341297,completed,36
14020,Rigid,1042232,1124615,1171232,82383,46617,129000,completed,36
14021,Rigid,1042232,1128567,1140779,86335,12212,98547,completed,36
14022,Rigid,1042232,1128851,1181050,86619,52199,138818,completed,36
14023,Rigid,1042232,1128888,1151367,86656,22479,109135,completed,36
14024,Rigid,1042232,1130941,1390161,88709,259220,347929,completed,36
14025,Rigid,1042232,1131935,1186314,89703,54379,144082,completed,36
14026,Rigid,1042232,1132301,1391511,90069,259210,349279,completed,36
14027,Rigid,1042232,1132661,1343841,90429,211180,301609,completed,36
14028,Rigid,1042232,1133586,1139417,91354,5831,97185,completed,36
14029,Rigid,1042232,1136456,1154082,94224,17626,111850,completed,36
14030,Rigid,1042232,1138550,1150560,96318,12010,108328,completed,36
14031,Rigid,1042232,1139418,1217168,97186,77750,174936,completed,36
14032,Rigid,1042232,1139622,1187697,97390,48075,145465,completed,36
14033,Rigid,1042267,1042277,1042280,10,3,13,completed,1
14034,Rigid,1042303,1042304,1042349,1,45,46,completed,2
14035,Rigid,1042438,1042459,1042461,21,2,23,completed,1
14036,Rigid,1042589,1042611,1042613,22,2,24,completed,1
14037,Rigid,1042785,1042794,1042796,9,2,11,completed,1
14038,Rigid,1043150,1043159,1043161,9,2,11,completed,1
14039,Rigid,1043215,1043220,1043222,5,2,7,completed,1
14040,Rigid,1043351,1043351,1043386,0,35,35,completed,2
14041,Rigid,1043384,1043403,1043405,19,2,21,completed,2
14042,Rigid,1043500,1043501,1043511,1,10,11,completed,2
14043,Rigid,1043500,1043501,1043511,1,10,11,completed,2
14044,Rigid,1043501,1043503,1043511,2,8,10,completed,2
14045,Rigid,1043501,1043503,1043511,2,8,10,completed,2
14046,Rigid,1043501,1043503,1043511,2,8,10,completed,2
14047,Rigid,1043501,1043503,1043511,2,8,10,completed,2
14048,Rigid,1043501,1043503,1043511,2,8,10,completed,2
14049,Rigid,1043501,1043503,1043511,2,8,10,completed,2
14050,Rigid,1043501,1043503,1043511,2,8,10,completed,2
14051,Rigid,1043501,1043503,1043511,2,8,10,completed,2
14052,Rigid,1043501,1043503,1043511,2,8,10,completed,2
14053,Rigid,1043501,1043501,1043511,0,10,10,completed,2
14054,Rigid,1043502,1043503,1043511,1,8,9,completed,2
14055,Rigid,1043502,1043503,1043511,1,8,9,completed,2
14056,Rigid,1043502,1043503,1043511,1,8,9,completed,2
14057,Rigid,1043502,1043503,1043511,1,8,9,completed,2
14058,Rigid,1043502,1043503,1043511,1,8,9,completed,2
14059,Rigid,1043502,1043503,1043511,1,8,9,completed,2
14060,Rigid,1043502,1043503,1043511,1,8,9,completed,2
14061,Rigid,1043502,1043503,1043511,1,8,9,completed,2
14062,Rigid,1043502,1043503,1043511,1,8,9,completed,2
14063,Rigid,1043502,1043503,1043511,1,8,9,completed,2
14064,Rigid,1043502,1043503,1043511,1,8,9,completed,2
14065,Rigid,1043502,1043503,1043511,1,8,9,completed,2
14066,Rigid,1043502,1043503,1043511,1,8,9,completed,2
14067,Rigid,1043508,1043509,1043513,1,4,5,completed,2
14068,Rigid,1043508,1043509,1043513,1,4,5,completed,2
14069,Rigid,1043508,1043509,1043513,1,4,5,completed,2
14070,Rigid,1043508,1043509,1043513,1,4,5,completed,2
14071,Rigid,1043508,1043509,1043513,1,4,5,completed,2
14072,Rigid,1043508,1043509,1043513,1,4,5,completed,2
14073,Rigid,1043508,1043509,1043513,1,4,5,completed,2
14074,Rigid,1043509,1043509,1043513,0,4,4,completed,2
14075,Rigid,1043509,1043509,1043513,0,4,4,completed,2
14076,Rigid,1043509,1043509,1043513,0,4,4,completed,2
14077,Rigid,1043509,1043512,1043516,3,4,7,completed,2
14078,Rigid,1043509,1043512,1043516,3,4,7,completed,2
14079,Rigid,1043514,1043514,1043520,0,6,6,completed,2
14080,Rigid,1043514,1043514,1043520,0,6,6,completed,2
14081,Rigid,1043514,1043514,1043520,0,6,6,completed,2
14082,Rigid,1043514,1043514,1043520,0,6,6,completed,2
14083,Rigid,1043514,1043514,1043520,0,6,6,completed,2
14084,Rigid,1043514,1043514,1043520,0,6,6,completed,2
14085,Rigid,1043514,1043517,1043521,3,4,7,completed,2
14086,Rigid,1043514,1043517,1043521,3,4,7,completed,2
14087,Rigid,1043515,1043517,1043521,2,4,6,completed,2
14088,Rigid,1043515,1043517,1043521,2,4,6,completed,2
14089,Rigid,1043515,1043517,1043522,2,5,7,completed,2
14090,Rigid,1043515,1043517,1043521,2,4,6,completed,2
14091,Rigid,1043515,1043517,1043521,2,4,6,completed,2
14092,Rigid,1043515,1043517,1043521,2,4,6,completed,2
14093,Rigid,1043515,1043517,1043521,2,4,6,completed,2
14094,Rigid,1043515,1043517,1043521,2,4,6,completed,2
14095,Rigid,1043515,1043517,1043521,2,4,6,completed,2
14096,Rigid,1043515,1043517,1043521,2,4,6,completed,2
14097,Rigid,1043515,1043517,1043521,2,4,6,completed,2
14098,Rigid,1043515,1043517,1043521,2,4,6,completed,2
14099,Rigid,1043515,1043517,1043521,2,4,6,completed,2
14100,Rigid,1043515,1043517,1043521,2,4,6,completed,2
14101,Rigid,1043515,1043517,1043521,2,4,6,completed,2
14102,Rigid,1043515,1043517,1043521,2,4,6,completed,2
14103,Rigid,1043515,1043517,1043521,2,4,6,completed,2
14104,Rigid,1043515,1043517,1043521,2,4,6,completed,2
14105,Rigid,1043515,1043517,1043521,2,4,6,completed,2
14106,Rigid,1043516,1043517,1043521,1,4,5,completed,2
14107,Rigid,1043516,1043517,1043521,1,4,5,completed,2
14108,Rigid,1043516,1043517,1043521,1,4,5,completed,2
14109,Rigid,1043516,1043517,1043521,1,4,5,completed,2
14110,Rigid,1043516,1043517,1043521,1,4,5,completed,2
14111,Rigid,1043516,1043517,1043521,1,4,5,completed,2
14112,Rigid,1043516,1043517,1043521,1,4,5,completed,2
14113,Rigid,1043516,1043517,1043521,1,4,5,completed,2
14114,Rigid,1043516,1043517,1043521,1,4,5,completed,2
14115,Rigid,1043516,1043517,1043521,1,4,5,completed,2
14116,Rigid,1043516,1043517,1043521,1,4,5,completed,2
14117,Rigid,1043516,1043517,1043521,1,4,5,completed,2
14118,Rigid,1043516,1043517,1043521,1,4,5,completed,2
14119,Rigid,1043516,1043517,1043521,1,4,5,completed,2
14120,Rigid,1043520,1043521,1043525,1,4,5,completed,2
14121,Rigid,1043520,1043521,1043525,1,4,5,completed,2
14122,Rigid,1043520,1043521,1043525,1,4,5,completed,2
14123,Rigid,1043527,1043528,1043534,1,6,7,completed,2
14124,Rigid,1043527,1043528,1043534,1,6,7,completed,2
14125,Rigid,1043528,1043528,1043534,0,6,6,completed,2
14126,Rigid,1043528,1043528,1043534,0,6,6,completed,2
14127,Rigid,1043528,1043528,1043534,0,6,6,completed,2
14128,Rigid,1043528,1043528,1043534,0,6,6,completed,2
14129,Rigid,1043528,1043528,1043534,0,6,6,completed,2
14130,Rigid,1043528,1043528,1043534,0,6,6,completed,2
14131,Rigid,1043528,1043528,1043534,0,6,6,completed,2
14132,Rigid,1043528,1043528,1043534,0,6,6,completed,2
14133,Rigid,1043528,1043528,1043534,0,6,6,completed,2
14134,Rigid,1043528,1043528,1043534,0,6,6,completed,2
14135,Rigid,1043528,1043528,1043534,0,6,6,completed,2
14136,Rigid,1043528,1043528,1043533,0,5,5,completed,2
14137,Rigid,1043528,1043528,1043533,0,5,5,completed,2
14138,Rigid,1043528,1043528,1043533,0,5,5,completed,2
14139,Rigid,1043528,1043528,1043533,0,5,5,completed,2
14140,Rigid,1043528,1043528,1043533,0,5,5,completed,2
14141,Rigid,1043528,1043532,1043537,4,5,9,completed,2
14142,Rigid,1043528,1043532,1043537,4,5,9,completed,2
14143,Rigid,1043529,1043532,1043537,3,5,8,completed,2
14144,Rigid,1043529,1043532,1043537,3,5,8,completed,2
14145,Rigid,1043529,1043532,1043537,3,5,8,completed,2
14146,Rigid,1043529,1043532,1043537,3,5,8,completed,2
14147,Rigid,1043529,1043532,1043537,3,5,8,completed,2
14148,Rigid,1043529,1043532,1043537,3,5,8,completed,2
14149,Rigid,1043529,1043532,1043537,3,5,8,completed,2
14150,Rigid,1043534,1043535,1043539,1,4,5,completed,2
14151,Rigid,1043534,1043535,1043539,1,4,5,completed,2
14152,Rigid,1043535,1043535,1043539,0,4,4,completed,2
14153,Rigid,1043535,1043535,1043539,0,4,4,completed,2
14154,Rigid,1043535,1043535,1043539,0,4,4,completed,2
14155,Rigid,1043535,1043535,1043539,0,4,4,completed,2
14156,Rigid,1043535,1043535,1043539,0,4,4,completed,2
14157,Rigid,1043535,1043537,1043541,2,4,6,completed,2
14158,Rigid,1043535,1043537,1043541,2,4,6,completed,2
14159,Rigid,1043535,1043537,1043541,2,4,6,completed,2
14160,Rigid,1043535,1043537,1043541,2,4,6,completed,2
14161,Rigid,1043535,1043537,1043541,2,4,6,completed,2
14162,Rigid,1043535,1043537,1043541,2,4,6,completed,2
14163,Rigid,1043535,1043537,1043541,2,4,6,completed,2
14164,Rigid,1043535,1043537,1043541,2,4,6,completed,2
14165,Rigid,1043535,1043537,1043541,2,4,6,completed,2
14166,Rigid,1043535,1043537,1043541,2,4,6,completed,2
14167,Rigid,1043535,1043537,1043541,2,4,6,completed,2
14168,Rigid,1043536,1043537,1043541,1,4,5,completed,2
14169,Rigid,1043536,1043537,1043541,1,4,5,completed,2
14170,Rigid,1043536,1043537,1043541,1,4,5,completed,2
14171,Rigid,1043536,1043537,1043542,1,5,6,completed,2
14172,Rigid,1043536,1043537,1043542,1,5,6,completed,2
14173,Rigid,1043541,1043542,1043546,1,4,5,completed,2
14174,Rigid,1043541,1043542,1043546,1,4,5,completed,2
14175,Rigid,1043541,1043542,1043546,1,4,5,completed,2
14176,Rigid,1043542,1043542,1043546,0,4,4,completed,2
14177,Rigid,1043542,1043542,1043546,0,4,4,completed,2
14178,Rigid,1043542,1043542,1043546,0,4,4,completed,2
14179,Rigid,1043542,1043542,1043546,0,4,4,completed,2
14180,Rigid,1043542,1043542,1043546,0,4,4,completed,2
14181,Rigid,1043547,1043551,1043557,4,6,10,completed,2
14182,Rigid,1043547,1043551,1043557,4,6,10,completed,2
14183,Rigid,1043548,1043551,1043557,3,6,9,completed,2
14184,Rigid,1043548,1043551,1043557,3,6,9,completed,2
14185,Rigid,1043548,1043551,1043557,3,6,9,completed,2
14186,Rigid,1043548,1043551,1043557,3,6,9,completed,2
14187,Rigid,1043548,1043551,1043557,3,6,9,completed,2
14188,Rigid,1043548,1043551,1043557,3,6,9,completed,2
14189,Rigid,1043548,1043551,1043557,3,6,9,completed,2
14190,Rigid,1043548,1043551,1043557,3,6,9,completed,2
14191,Rigid,1043548,1043551,1043557,3,6,9,completed,2
14192,Rigid,1043551,1043555,1043558,4,3,7,completed,2
14193,Rigid,1043552,1043555,1043559,3,4,7,completed,2
14194,Rigid,1043552,1043555,1043559,3,4,7,completed,2
14195,Rigid,1043552,1043555,1043559,3,4,7,completed,2
14196,Rigid,1043552,1043555,1043559,3,4,7,completed,2
14197,Rigid,1043552,1043555,1043559,3,4,7,completed,2
14198,Rigid,1043552,1043555,1043559,3,4,7,completed,2
14199,Rigid,1043552,1043555,1043559,3,4,7,completed,2
14200,Rigid,1043559,1043560,1043565,1,5,6,completed,2
14201,Rigid,1043559,1043560,1043565,1,5,6,completed,2
14202,Rigid,1043559,1043560,1043565,1,5,6,completed,2
14203,Rigid,1043559,1043560,1043565,1,5,6,completed,2
14204,Rigid,1043564,1043565,1043570,1,5,6,completed,2
14205,Rigid,1043570,1043570,1043574,0,4,4,completed,2
14206,Rigid,1043570,1043570,1043574,0,4,4,completed,2
14207,Rigid,1043570,1043571,1043576,1,5,6,completed,2
14208,Rigid,1043570,1043571,1043576,1,5,6,completed,2
14209,Rigid,1043570,1043571,1043576,1,5,6,completed,2
14210,Rigid,1043570,1043571,1043576,1,5,6,completed,2
14211,Rigid,1043570,1043571,1043576,1,5,6,completed,2
14212,Rigid,1043570,1043571,1043576,1,5,6,completed,2
14213,Rigid,1043571,1043571,1043576,0,5,5,completed,2
14214,Rigid,1043571,1043571,1043576,0,5,5,completed,2
14215,Rigid,1043571,1043571,1043576,0,5,5,completed,2
14216,Rigid,1043571,1043571,1043576,0,5,5,completed,2
14217,Rigid,1043571,1043571,1043577,0,6,6,completed,2
14218,Rigid,1043571,1043571,1043576,0,5,5,completed,2
14219,Rigid,1043571,1043571,1043576,0,5,5,completed,2
14220,Rigid,1043571,1043571,1043576,0,5,5,completed,2
14221,Rigid,1043571,1043571,1043576,0,5,5,completed,2
14222,Rigid,1043571,1043571,1043576,0,5,5,completed,2
14223,Rigid,1043571,1043571,1043576,0,5,5,completed,2
14224,Rigid,1043571,1043571,1043576,0,5,5,completed,2
14225,Rigid,1043571,1043571,1043576,0,5,5,completed,2
14226,Rigid,1043571,1043571,1043576,0,5,5,completed,2
14227,Rigid,1043572,1043574,1043578,2,4,6,completed,2
14228,Rigid,1043572,1043574,1043578,2,4,6,completed,2
14229,Rigid,1043572,1043574,1043578,2,4,6,completed,2
14230,Rigid,1043572,1043574,1043578,2,4,6,completed,2
14231,Rigid,1043572,1043574,1043578,2,4,6,completed,2
14232,Rigid,1043572,1043574,1043578,2,4,6,completed,2
14233,Rigid,1043572,1043574,1043578,2,4,6,completed,2
14234,Rigid,1043572,1043574,1043578,2,4,6,completed,2
14235,Rigid,1043572,1043574,1043580,2,6,8,completed,2
14236,Rigid,1043572,1043574,1043580,2,6,8,completed,2
14237,Rigid,1043572,1043574,1043580,2,6,8,completed,2
14238,Rigid,1043572,1043574,1043579,2,5,7,completed,2
14239,Rigid,1043573,1043574,1043580,1,6,7,completed,2
14240,Rigid,1043573,1043574,1043580,1,6,7,completed,2
14241,Rigid,1043573,1043574,1043579,1,5,6,completed,2
14242,Rigid,1043573,1043574,1043580,1,6,7,completed,2
14243,Rigid,1043573,1043574,1043579,1,5,6,completed,2
14244,Rigid,1043573,1043574,1043579,1,5,6,completed,2
14245,Rigid,1043573,1043574,1043580,1,6,7,completed,2
14246,Rigid,1043573,1043574,1043580,1,6,7,completed,2
14247,Rigid,1043573,1043574,1043579,1,5,6,completed,2
14248,Rigid,1043573,1043574,1043578,1,4,5,completed,2
14249,Rigid,1043573,1043574,1043578,1,4,5,completed,2
14250,Rigid,1043573,1043574,1043578,1,4,5,completed,2
14251,Rigid,1043574,1043574,1043578,0,4,4,completed,2
14252,Rigid,1043577,1043578,1043582,1,4,5,completed,2
14253,Rigid,1043577,1043578,1043582,1,4,5,completed,2
14254,Rigid,1043577,1043578,1043582,1,4,5,completed,2
14255,Rigid,1043577,1043578,1043582,1,4,5,completed,2
14256,Rigid,1043577,1043578,1043582,1,4,5,completed,2
14257,Rigid,1043577,1043578,1043582,1,4,5,completed,2
14258,Rigid,1043578,1043578,1043582,0,4,4,completed,2
14259,Rigid,1043578,1043578,1043582,0,4,4,completed,2
14260,Rigid,1043578,1043578,1043582,0,4,4,completed,2
14261,Rigid,1043578,1043578,1043582,0,4,4,completed,2
14262,Rigid,1043578,1043578,1043582,0,4,4,completed,2
14263,Rigid,1043578,1043578,1043582,0,4,4,completed,2
14264,Rigid,1043578,1043578,1043582,0,4,4,completed,2
14265,Rigid,1043578,1043578,1043582,0,4,4,completed,2
14266,Rigid,1043578,1043579,1043585,1,6,7,completed,2
14267,Rigid,1043578,1043579,1043585,1,6,7,completed,2
14268,Rigid,1043578,1043579,1043585,1,6,7,completed,2
14269,Rigid,1043578,1043579,1043585,1,6,7,completed,2
14270,Rigid,1043578,1043579,1043585,1,6,7,completed,2
14271,Rigid,1043579,1043579,1043585,0,6,6,completed,2
14272,Rigid,1043599,1043600,1043602,1,2,3,completed,72
14273,Rigid,1043616,1043616,1043618,0,2,2,completed,2
14274,Rigid,1043723,1043723,1043725,0,2,2,completed,72
14275,Rigid,1043822,1043829,1043832,7,3,10,completed,2
14276,Rigid,1043824,1064137,1064244,20313,107,20420,completed,144
14277,Rigid,1043824,1064137,1064878,20313,741,21054,completed,144
14278,Rigid,1043824,1064246,1064693,20422,447,20869,completed,144
14279,Rigid,1043824,1064694,1065055,20870,361,21231,completed,144
14280,Rigid,1043824,1064879,1065318,21055,439,21494,completed,144
14281,Rigid,1043824,1065056,1065173,21232,117,21349,completed,144
14282,Rigid,1043824,1065175,1065487,21351,312,21663,completed,144
14283,Rigid,1043824,1065515,1065853,21691,338,22029,completed,144
14284,Rigid,1043824,1066255,1066615,22431,360,22791,completed,144
14285,Rigid,1043824,1066413,1067019,22589,606,23195,completed,144
14286,Rigid,1043824,1066413,1066759,22589,346,22935,completed,144
14287,Rigid,1043824,1066617,1067470,22793,853,23646,completed,144
14288,Rigid,1043824,1066761,1067101,22937,340,23277,completed,144
14289,Rigid,1043824,1067020,1067371,23196,351,23547,completed,144
14290,Rigid,1043824,1067103,1067451,23279,348,23627,completed,144
14291,Rigid,1043975,1043982,1078956,7,34974,34981,completed,4
14292,Rigid,1043991,1155334,1205471,111343,50137,161480,completed,144
14293,Rigid,1043992,1157798,1208415,113806,50617,164423,completed,144
14294,Rigid,1043992,1159957,1205170,115965,45213,161178,completed,144
14295,Rigid,1043992,1166225,1207347,122233,41122,163355,completed,144
14296,Rigid,1043992,1168068,1208956,124076,40888,164964,completed,144
14297,Rigid,1043992,1174733,1225511,130741,50778,181519,completed,144
14298,Rigid,1043992,1174733,1227143,130741,52410,183151,completed,144
14299,Rigid,1043992,1174733,1230220,130741,55487,186228,completed,144
14300,Rigid,1043992,1177621,1222790,133629,45169,178798,completed,144
14301,Rigid,1043992,1205174,1246052,161182,40878,202060,completed,144
14302,Rigid,1043992,1208634,1271692,164642,63058,227700,completed,144
14303,Rigid,1043992,1210222,1251722,166230,41500,207730,completed,144
14304,Rigid,1043992,1210270,1254757,166278,44487,210765,completed,144
14305,Rigid,1043992,1212880,1261930,168888,49050,217938,completed,144
14306,Rigid,1043992,1222791,1258977,178799,36186,214985,completed,144
14307,Rigid,1043992,1225513,1273985,181521,48472,229993,completed,144
14308,Rigid,1043992,1227145,1278869,183153,51724,234877,completed,144
14309,Rigid,1043992,1230222,1278125,186230,47903,234133,completed,144
14310,Rigid,1043992,1246053,1292775,202061,46722,248783,completed,144
14311,Rigid,1043993,1251723,1303242,207730,51519,259249,completed,144
14312,Rigid,1043993,1254758,1300358,210765,45600,256365,completed,144
14313,Rigid,1043993,1258979,1305351,214986,46372,261358,completed,144
14314,Rigid,1043993,1261931,1318073,217938,56142,274080,completed,144
14315,Rigid,1043993,1271693,1314355,227700,42662,270362,completed,144
14316,Rigid,1043993,1273987,1326165,229994,52178,282172,completed,144
14317,Rigid,1043993,1278126,1325893,234133,47767,281900,completed,144
14318,Rigid,1043993,1278870,1322766,234877,43896,278773,completed,144
14319,Rigid,1043993,1318074,1352363,274081,34289,308370,completed,144
14320,Rigid,1043993,1318124,1352658,274131,34534,308665,completed,144
14321,Rigid,1043993,1318973,1361015,274980,42042,317022,completed,144
14322,Rigid,1043993,1319142,1363496,275149,44354,319503,completed,144
14323,Rigid,1043993,1319383,1367746,275390,48363,323753,completed,144
14324,Rigid,1043993,1319766,1353396,275773,33630,309403,completed,144
14325,Rigid,1043993,1322767,1367289,278774,44522,323296,completed,144
14326,Rigid,1043993,1331990,1372654,287997,40664,328661,completed,144
14327,Rigid,1043993,1332584,1378524,288591,45940,334531,completed,144
14328,Rigid,1043994,1352365,1403370,308371,51005,359376,completed,144
14329,Rigid,1043994,1352659,1399920,308665,47261,355926,completed,144
14330,Rigid,1043994,1353397,1395624,309403,42227,351630,completed,144
14331,Rigid,1043994,1361016,1416366,317022,55350,372372,completed,144
14332,Rigid,1043994,1363498,1417258,319504,53760,373264,completed,144
14333,Rigid,1043994,1367290,1402838,323296,35548,358844,completed,144
14334,Rigid,1043994,1367747,1427013,323753,59266,383019,completed,144
14335,Rigid,1043994,1372655,1418825,328661,46170,374831,completed,144
14336,Rigid,1043994,1378525,1421424,334531,42899,377430,completed,144
14337,Rigid,1043994,1395625,1449957,351631,54332,405963,completed,144
14338,Rigid,1043994,1399921,1444503,355927,44582,400509,completed,144
14339,Rigid,1043994,1402840,1443354,358846,40514,399360,completed,144
14340,Rigid,1043994,1403371,1451352,359377,47981,407358,completed,144
14341,Rigid,1043994,1416368,1457039,372374,40671,413045,completed,144
14342,Rigid,1043996,1044013,1044016,17,3,20,completed,2
14343,Rigid,1044180,1044181,1045007,1,826,827,completed,9
14344,Rigid,1044236,1148331,1160650,104095,12319,116414,completed,36
14345,Rigid,1044236,1149190,1152069,104954,2879,107833,completed,36
14346,Rigid,1044236,1149190,1154858,104954,5668,110622,completed,36
14347,Rigid,1044236,1149190,1159556,104954,10366,115320,completed,36
14348,Rigid,1044236,1136798,1186776,92562,49978,142540,completed,36
14349,Rigid,1044236,1149190,1158141,104954,8951,113905,completed,36
14350,Rigid,1044236,1149571,1186907,105335,37336,142671,completed,36
14351,Rigid,1044236,1149571,1151504,105335,1933,107268,completed,36
14352,Rigid,1044236,1149571,1186906,105335,37335,142670,completed,36
14353,Rigid,1044236,1152070,1168749,107834,16679,124513,completed,36
14354,Rigid,1044236,1152901,1173325,108665,20424,129089,completed,36
14355,Rigid,1044236,1154987,1168066,110751,13079,123830,completed,36
14356,Rigid,1044236,1138248,1180966,94012,42718,136730,completed,36
14357,Rigid,1044236,1140784,1144127,96548,3343,99891,completed,36
14358,Rigid,1044236,1141056,1142491,96820,1435,98255,completed,36
14359,Rigid,1044236,1143078,1146207,98842,3129,101971,completed,36
14360,Rigid,1044236,1143259,1146194,99023,2935,101958,completed,36
14361,Rigid,1044236,1145343,1186847,101107,41504,142611,completed,36
14362,Rigid,1044236,1146218,1175549,101982,29331,131313,completed,36
14363,Rigid,1044236,1146218,1148310,101982,2092,104074,completed,36
14364,Rigid,1044327,1044328,1045250,1,922,923,completed,9
14365,Rigid,1044598,1044599,1045549,1,950,951,completed,9
14366,Rigid,1044840,1044840,1045839,0,999,999,completed,9
14367,Rigid,1044944,1047043,1054493,2099,7450,9549,completed,36
14368,Rigid,1044949,1049636,1060616,4687,10980,15667,completed,36
14369,Rigid,1044958,1049636,1063030,4678,13394,18072,completed,36
14370,Rigid,1045015,1045016,1047708,1,2692,2693,completed,1
14371,Rigid,1045098,1045100,1046193,2,1093,1095,completed,9
14372,Rigid,1045254,1045255,1048258,1,3003,3004,completed,1
14373,Rigid,1045556,1045557,1048892,1,3335,3336,completed,1
14374,Rigid,1045562,1045576,1045579,14,3,17,completed,2
14375,Rigid,1045849,1045850,1049243,1,3393,3394,completed,1
14376,Rigid,1045948,1045951,1045960,3,9,12,completed,36
14377,Rigid,1045978,1045984,1046049,6,65,71,completed,36
14378,Rigid,1046114,1046114,1047574,0,1460,1460,completed,9
14379,Rigid,1046195,1046196,1049795,1,3599,3600,completed,1
14380,Rigid,1046376,1046392,1047013,16,621,637,completed,2
14381,Rigid,1046574,1046578,1046582,4,4,8,completed,36
14382,Rigid,1046833,1046857,1046860,24,3,27,completed,36
14383,Rigid,1046868,1046869,1057945,1,11076,11077,completed,9
14384,Rigid,1047129,1047137,1047144,8,7,15,completed,20
14385,Rigid,1047205,1047231,1047238,26,7,33,completed,2
14386,Rigid,1047278,1047293,1047300,15,7,22,completed,4
14387,Rigid,1047289,1047289,1058987,0,11698,11698,completed,9
14388,Rigid,1047576,1047577,1052735,1,5158,5159,completed,1
14389,Rigid,1047710,1047711,1047720,1,9,10,completed,4
14390,Rigid,1047720,1047721,1049740,1,2019,2020,completed,4
14391,Rigid,1048262,1048263,1048271,1,8,9,completed,4
14392,Rigid,1048272,1048273,1050305,1,2032,2033,completed,4
14393,Rigid,1048896,1048897,1048903,1,6,7,completed,4
14394,Rigid,1048906,1048907,1051253,1,2346,2347,completed,4
14395,Rigid,1049250,1049250,1049257,0,7,7,completed,4
14396,Rigid,1049261,1049262,1051785,1,2523,2524,completed,4
14397,Rigid,1049606,1067372,1136796,17766,69424,87190,completed,216
14398,Rigid,1049664,1049664,1052059,0,2395,2395,completed,1
14399,Rigid,1049664,1049664,1052132,0,2468,2468,completed,1
14400,Rigid,1049664,1049664,1052088,0,2424,2424,completed,1
14401,Rigid,1049664,1049664,1052118,0,2454,2454,completed,1
14402,Rigid,1049750,1049751,1049922,1,171,172,completed,1
14403,Rigid,1049750,1049751,1050717,1,966,967,completed,1
14404,Rigid,1049750,1049751,1051236,1,1485,1486,completed,1
14405,Rigid,1049750,1049751,1050860,1,1109,1110,completed,1
14406,Rigid,1049750,1049751,1053184,1,3433,3434,completed,1
14407,Rigid,1049805,1049805,1049809,0,4,4,completed,4
14408,Rigid,1049816,1049816,1052663,0,2847,2847,completed,4
14409,Rigid,1050313,1050314,1051357,1,1043,1044,completed,1
14410,Rigid,1050313,1050314,1051955,1,1641,1642,completed,1
14411,Rigid,1050314,1050314,1050497,0,183,183,completed,1
14412,Rigid,1050314,1050314,1051544,0,1230,1230,completed,1
14413,Rigid,1050314,1050316,1053989,2,3673,3675,completed,1
14414,Rigid,1050866,1050867,1050887,1,20,21,completed,6
14415,Rigid,1051242,1051242,1051444,0,202,202,completed,1
14416,Rigid,1051263,1051264,1051458,1,194,195,completed,1
14417,Rigid,1051263,1051264,1052495,1,1231,1232,completed,1
14418,Rigid,1051263,1051264,1055280,1,4016,4017,completed,1
14419,Rigid,1051263,1051264,1052294,1,1030,1031,completed,1
14420,Rigid,1051263,1051264,1053096,1,1832,1833,completed,1
14421,Rigid,1051349,1101933,1102358,50584,425,51009,completed,144
14422,Rigid,1051349,1100598,1101914,49249,1316,50565,completed,144
14423,Rigid,1051349,1102388,1103875,51039,1487,52526,completed,144
14424,Rigid,1051451,1112487,1112818,61036,331,61367,completed,144
14425,Rigid,1051451,1103905,1104967,52454,1062,53516,completed,144
14426,Rigid,1051451,1121745,1122855,70294,1110,71404,completed,144
14427,Rigid,1051545,1134619,1134713,83074,94,83168,completed,144
14428,Rigid,1051545,1134740,1134834,83195,94,83289,completed,144
14429,Rigid,1051545,1134862,1134956,83317,94,83411,completed,144
14430,Rigid,1051550,1051550,1051571,0,21,21,completed,6
14431,Rigid,1051794,1051795,1052005,1,210,211,completed,1
14432,Rigid,1051794,1051795,1053282,1,1487,1488,completed,1
14433,Rigid,1051794,1051795,1055886,1,4091,4092,completed,1
14434,Rigid,1051794,1051795,1052989,1,1194,1195,completed,1
14435,Rigid,1051794,1051795,1053678,1,1883,1884,completed,1
14436,Rigid,1051906,1051959,1052459,53,500,553,completed,36
14437,Rigid,1051907,1051959,1052459,52,500,552,completed,36
14438,Rigid,1051907,1051959,1052502,52,543,595,completed,36
14439,Rigid,1051908,1051959,1052458,51,499,550,completed,36
14440,Rigid,1051909,1052459,1052960,550,501,1051,completed,36
14441,Rigid,1051909,1052460,1052960,551,500,1051,completed,36
14442,Rigid,1051910,1052460,1052959,550,499,1049,completed,36
14443,Rigid,1051911,1052503,1053003,592,500,1092,completed,36
14444,Rigid,1051911,1052961,1053465,1050,504,1554,completed,36
14445,Rigid,1051912,1052961,1053462,1049,501,1550,completed,36
14446,Rigid,1051913,1052961,1053461,1048,500,1548,completed,36
14447,Rigid,1051913,1053005,1053504,1092,499,1591,completed,36
14448,Rigid,1051914,1053462,1053963,1548,501,2049,completed,36
14449,Rigid,1051914,1053463,1053962,1549,499,2048,completed,36
14450,Rigid,1051915,1053467,1053965,1552,498,2050,completed,36
14451,Rigid,1051916,1053505,1054007,1589,502,2091,completed,36
14452,Rigid,1051916,1053586,1054089,1670,503,2173,completed,36
14453,Rigid,1051917,1053586,1054085,1669,499,2168,completed,36
14454,Rigid,1051918,1053586,1054085,1668,499,2167,completed,36
14455,Rigid,1051919,1053586,1054086,1667,500,2167,completed,36
14456,Rigid,1051920,1053963,1054468,2043,505,2548,completed,36
14457,Rigid,1051921,1053964,1054463,2043,499,2542,completed,36
14458,Rigid,1051922,1053966,1054464,2044,498,2542,completed,36
14459,Rigid,1051923,1054008,1054512,2085,504,2589,completed,36
14460,Rigid,1051924,1054052,1054552,2128,500,2628,completed,36
14461,Rigid,1051925,1054052,1054552,2127,500,2627,completed,36
14462,Rigid,1051926,1054052,1054554,2126,502,2628,completed,36
14463,Rigid,1051926,1054052,1054556,2126,504,2630,completed,36
14464,Rigid,1051927,1054052,1054556,2125,504,2629,completed,36
14465,Rigid,1051928,1054052,1054551,2124,499,2623,completed,36
14466,Rigid,1051929,1054086,1054589,2157,503,2660,completed,36
14467,Rigid,1051930,1054087,1054585,2157,498,2655,completed,36
14468,Rigid,1051930,1054087,1054587,2157,500,2657,completed,36
14469,Rigid,1051931,1054090,1054590,2159,500,2659,completed,36
14470,Rigid,1051932,1054149,1054649,2217,500,2717,completed,36
14471,Rigid,1051932,1054234,1054734,2302,500,2802,completed,36
14472,Rigid,1051958,1051959,1052173,1,214,215,completed,1
14473,Rigid,1052501,1052501,1052524,0,23,23,completed,6
14474,Rigid,1052666,1052667,1052899,1,232,233,completed,1
14475,Rigid,1052666,1052667,1057127,1,4460,4461,completed,1
14476,Rigid,1052666,1052667,1053899,1,1232,1233,completed,1
14477,Rigid,1052666,1052667,1054802,1,2135,2136,completed,1
14478,Rigid,1052666,1052667,1054366,1,1699,1700,completed,1
14479,Rigid,1052745,1052746,1052752,1,6,7,completed,4
14480,Rigid,1052756,1052757,1056324,1,3567,3568,completed,4
14481,Rigid,1053097,1053098,1053324,1,226,227,completed,1
14482,Rigid,1053186,1053186,1053232,0,46,46,completed,6
14483,Rigid,1053241,1053242,1053246,1,4,5,completed,1
14484,Rigid,1053281,1065489,1355463,12208,289974,302182,completed,252
14485,Rigid,1053285,1053286,1053307,1,21,22,completed,6
14486,Rigid,1053684,1053686,1053925,2,239,241,completed,1
14487,Rigid,1053939,1067471,1067478,13532,7,13539,completed,216
14488,Rigid,1053939,1067480,1067486,13541,6,13547,completed,216
14489,Rigid,1053939,1067488,1067495,13549,7,13556,completed,216
14490,Rigid,1053939,1067496,1067503,13557,7,13564,completed,216
14491,Rigid,1053939,1067504,1067511,13565,7,13572,completed,216
14492,Rigid,1053939,1067513,1067519,13574,6,13580,completed,216
14493,Rigid,1053939,1067521,1067527,13582,6,13588,completed,216
14494,Rigid,1053939,1067529,1067535,13590,6,13596,completed,216
14495,Rigid,1053998,1053998,1054048,0,50,50,completed,6
14496,Rigid,1054058,1054059,1054064,1,5,6,completed,1
14497,Rigid,1054373,1054374,1054398,1,24,25,completed,6
14498,Rigid,1054812,1054813,1055066,1,253,254,completed,1
14499,Rigid,1054846,1056283,1062671,1437,6388,7825,completed,36
14500,Rigid,1054847,1056283,1058838,1436,2555,3991,completed,36
14501,Rigid,1055287,1055288,1055341,1,53,54,completed,6
14502,Rigid,1055350,1055351,1055354,1,3,4,completed,1
14503,Rigid,1055893,1055893,1055943,0,50,50,completed,6
14504,Rigid,1055952,1055952,1055956,0,4,4,completed,1
14505,Rigid,1056330,1056331,1056622,1,291,292,completed,1
14506,Rigid,1056330,1056331,1058714,1,2383,2384,completed,1
14507,Rigid,1056330,1056331,1061865,1,5534,5535,completed,1
14508,Rigid,1056330,1056331,1057919,1,1588,1589,completed,1
14509,Rigid,1056330,1056331,1058952,1,2621,2622,completed,1
14510,Rigid,1057130,1057131,1057182,1,51,52,completed,6
14511,Rigid,1057182,1057183,1057186,1,3,4,completed,1
14512,Rigid,1057955,1057956,1063027,1,5071,5072,completed,1
14513,Rigid,1058718,1058719,1058752,1,33,34,completed,6
14514,Rigid,1058957,1058958,1059262,1,304,305,completed,1
14515,Rigid,1058988,1058988,1063950,0,4962,4962,completed,1
14516,Rigid,1059050,1067537,1117908,8487,50371,58858,completed,144
14517,Rigid,1059050,1067537,1117904,8487,50367,58854,completed,144
14518,Rigid,1059050,1068246,1118900,9196,50654,59850,completed,144
14519,Rigid,1059050,1068729,1120410,9679,51681,61360,completed,144
14520,Rigid,1059050,1070977,1121812,11927,50835,62762,completed,144
14521,Rigid,1059050,1071037,1122261,11987,51224,63211,completed,144
14522,Rigid,1059050,1072781,1124215,13731,51434,65165,completed,144
14523,Rigid,1059050,1076389,1128290,17339,51901,69240,completed,144
14524,Rigid,1059050,1076938,1128495,17888,51557,69445,completed,144
14525,Rigid,1059050,1077947,1129733,18897,51786,70683,completed,144
14526,Rigid,1059051,1080002,1131933,20951,51931,72882,completed,144
14527,Rigid,1060554,1060618,1061461,64,843,907,completed,36
14528,Rigid,1061866,1061866,1061933,0,67,67,completed,6
14529,Rigid,1061937,1061937,1061942,0,5,5,completed,1
14530,Rigid,1063000,1063032,1063539,32,507,539,completed,72
14531,Rigid,1063031,1063031,1063037,0,6,6,completed,4
14532,Rigid,1063041,1063042,1066909,1,3867,3868,completed,4
14533,Rigid,1063379,1155334,1328143,91955,172809,264764,completed,144
14534,Rigid,1063510,1063521,1236338,11,172817,172828,completed,22
14535,Rigid,1063667,1063675,1234886,8,171211,171219,completed,24
14536,Rigid,1063953,1063954,1063959,1,5,6,completed,4
14537,Rigid,1063963,1063964,1067654,1,3690,3691,completed,4
14538,Rigid,1064229,1064230,1065511,1,1281,1282,completed,36
14539,Rigid,1064299,1064377,1066900,78,2523,2601,completed,144
14540,Rigid,1065532,1065854,1066363,322,509,831,completed,72
14541,Rigid,1066799,1066902,1068726,103,1824,1927,completed,72
14542,Rigid,1066919,1066919,1067830,0,911,911,completed,1
14543,Rigid,1066919,1066923,1067827,4,904,908,completed,1
14544,Rigid,1066919,1066923,1067295,4,372,376,completed,1
14545,Rigid,1066919,1066923,1070536,4,3613,3617,completed,1
14546,Rigid,1066920,1066923,1073500,3,6577,6580,completed,1
14547,Rigid,1067655,1067655,1068395,0,740,740,completed,1
14548,Rigid,1067655,1067655,1068035,0,380,380,completed,1
14549,Rigid,1067655,1067655,1071358,0,3703,3703,completed,1
14550,Rigid,1067655,1067655,1074064,0,6409,6409,completed,1
14551,Rigid,1067655,1067656,1068706,1,1050,1051,completed,1
14552,Rigid,1067828,1067828,1067841,0,13,13,completed,6
14553,Rigid,1068398,1068399,1068410,1,11,12,completed,6
14554,Rigid,1070561,1070562,1070745,1,183,184,completed,1
14555,Rigid,1071364,1071365,1071504,1,139,140,completed,1
14556,Rigid,1073321,1073321,1076388,0,3067,3067,completed,72
14557,Rigid,1073505,1073506,1073593,1,87,88,completed,6
14558,Rigid,1073598,1073599,1073602,1,3,4,completed,1
14559,Rigid,1074069,1074070,1074147,1,77,78,completed,6
14560,Rigid,1074152,1074154,1074158,2,4,6,completed,1
14561,Rigid,1074162,1074162,1074208,0,46,46,completed,1
14562,Rigid,1074163,1074166,1074173,3,7,10,completed,1
14563,Rigid,1101410,1101410,1101416,0,6,6,completed,1
14564,Rigid,1101410,1101410,1101428,0,18,18,completed,1
14565,Rigid,1101431,1101435,1101447,4,12,16,completed,1
14566,Rigid,1101431,1101435,1101458,4,23,27,completed,1
14567,Rigid,1101431,1101435,1102306,4,871,875,completed,2
14568,Rigid,1101431,1101431,1102160,0,729,729,completed,12
14569,Rigid,1101431,1101435,1103500,4,2065,2069,completed,2
14570,Rigid,1101431,1101435,1103311,4,1876,1880,completed,2
14571,Rigid,1102071,1102360,1102363,289,3,292,completed,36
14572,Rigid,1102415,1102416,1102516,1,100,101,completed,36
14573,Rigid,1102540,1102541,1102638,1,97,98,completed,36
14574,Rigid,1102666,1179391,1181416,76725,2025,78750,completed,36
14575,Rigid,1102666,1179392,1184537,76726,5145,81871,completed,36
14576,Rigid,1102666,1179392,1182924,76726,3532,80258,completed,36
14577,Rigid,1102953,1179392,1352205,76439,172813,249252,completed,36
14578,Rigid,1102953,1179499,1352325,76546,172826,249372,completed,36
14579,Rigid,1102953,1181418,1354245,78465,172827,251292,completed,36
14580,Rigid,1103010,1182925,1355745,79915,172820,252735,completed,36
14581,Rigid,1103010,1184538,1357365,81528,172827,254355,completed,36
14582,Rigid,1103010,1212880,1367630,109870,154750,264620,completed,36
14583,Rigid,1103582,1103582,1103587,0,5,5,completed,1
14584,Rigid,1103592,1103592,1103605,0,13,13,completed,12
14585,Rigid,1103677,1103678,1103721,1,43,44,completed,2
14586,Rigid,1103677,1103678,1103715,1,37,38,completed,2
14587,Rigid,1103677,1103678,1103715,1,37,38,completed,2
14588,Rigid,1103677,1103678,1103714,1,36,37,completed,2
14589,Rigid,1103677,1103678,1103705,1,27,28,completed,2
14590,Rigid,1103677,1103678,1103713,1,35,36,completed,2
14591,Rigid,1103677,1103678,1103716,1,38,39,completed,2
14592,Rigid,1103677,1103678,1103689,1,11,12,completed,2
14593,Rigid,1103678,1103678,1103687,0,9,9,completed,2
14594,Rigid,1103678,1103678,1103717,0,39,39,completed,2
14595,Rigid,1103678,1103678,1103718,0,40,40,completed,2
14596,Rigid,1103678,1103678,1103714,0,36,36,completed,2
14597,Rigid,1103678,1103678,1103717,0,39,39,completed,2
14598,Rigid,1103678,1103678,1103716,0,38,38,completed,2
14599,Rigid,1103678,1103678,1103714,0,36,36,completed,2
14600,Rigid,1103678,1103678,1103719,0,41,41,completed,2
14601,Rigid,1103678,1103678,1103718,0,40,40,completed,2
14602,Rigid,1103678,1103678,1103713,0,35,35,completed,2
14603,Rigid,1103678,1103678,1103716,0,38,38,completed,2
14604,Rigid,1103678,1103682,1103722,4,40,44,completed,2
14605,Rigid,1103678,1103682,1103719,4,37,41,completed,2
14606,Rigid,1103678,1103682,1103722,4,40,44,completed,2
14607,Rigid,1103678,1103682,1103718,4,36,40,completed,2
14608,Rigid,1103678,1103682,1103719,4,37,41,completed,2
14609,Rigid,1103678,1103682,1103693,4,11,15,completed,2
14610,Rigid,1103678,1103682,1103718,4,36,40,completed,2
14611,Rigid,1103678,1103682,1103693,4,11,15,completed,2
14612,Rigid,1103678,1103682,1103715,4,33,37,completed,2
14613,Rigid,1103699,1103700,1103721,1,21,22,completed,2
14614,Rigid,1103701,1103704,1103732,3,28,31,completed,2
14615,Rigid,1103701,1103704,1103721,3,17,20,completed,2
14616,Rigid,1103724,1103724,1103732,0,8,8,completed,2
14617,Rigid,1103724,1103724,1103736,0,12,12,completed,2
14618,Rigid,1103724,1103724,1103737,0,13,13,completed,2
14619,Rigid,1103724,1103724,1103734,0,10,10,completed,2
14620,Rigid,1103724,1103724,1103738,0,14,14,completed,2
14621,Rigid,1103724,1103724,1103737,0,13,13,completed,2
14622,Rigid,1103724,1103724,1103736,0,12,12,completed,2
14623,Rigid,1103724,1103724,1103736,0,12,12,completed,2
14624,Rigid,1103724,1103724,1103734,0,10,10,completed,2
14625,Rigid,1103724,1103724,1103737,0,13,13,completed,2
14626,Rigid,1103724,1103724,1103734,0,10,10,completed,2
14627,Rigid,1103725,1103728,1103739,3,11,14,completed,2
14628,Rigid,1103725,1103728,1103741,3,13,16,completed,2
14629,Rigid,1103725,1103728,1103738,3,10,13,completed,2
14630,Rigid,1103725,1103728,1103739,3,11,14,completed,2
14631,Rigid,1103725,1103728,1103741,3,13,16,completed,2
14632,Rigid,1103725,1103728,1103739,3,11,14,completed,2
14633,Rigid,1103725,1103728,1103738,3,10,13,completed,2
14634,Rigid,1103725,1103728,1103741,3,13,16,completed,2
14635,Rigid,1103725,1103728,1103741,3,13,16,completed,2
14636,Rigid,1103725,1103728,1103738,3,10,13,completed,2
14637,Rigid,1103725,1103728,1103739,3,11,14,completed,2
14638,Rigid,1103725,1103728,1103741,3,13,16,completed,2
14639,Rigid,1103726,1103728,1103738,2,10,12,completed,2
14640,Rigid,1103726,1103728,1103739,2,11,13,completed,2
14641,Rigid,1103726,1103728,1103738,2,10,12,completed,2
14642,Rigid,1103821,1103822,1103831,1,9,10,completed,2
14643,Rigid,1103821,1103822,1103831,1,9,10,completed,2
14644,Rigid,1103821,1103822,1103831,1,9,10,completed,2
14645,Rigid,1103821,1103822,1103831,1,9,10,completed,2
14646,Rigid,1103821,1103822,1103831,1,9,10,completed,2
14647,Rigid,1103821,1103822,1103831,1,9,10,completed,2
14648,Rigid,1103821,1103822,1103867,1,45,46,completed,2
14649,Rigid,1103821,1103822,1103859,1,37,38,completed,2
14650,Rigid,1103821,1103822,1103859,1,37,38,completed,2
14651,Rigid,1103821,1103822,1103859,1,37,38,completed,2
14652,Rigid,1103821,1103822,1103859,1,37,38,completed,2
14653,Rigid,1103821,1103822,1103844,1,22,23,completed,2
14654,Rigid,1103821,1103822,1103844,1,22,23,completed,2
14655,Rigid,1103821,1103822,1103844,1,22,23,completed,2
14656,Rigid,1103821,1103822,1103844,1,22,23,completed,2
14657,Rigid,1103822,1103822,1103831,0,9,9,completed,2
14658,Rigid,1103822,1103826,1103831,4,5,9,completed,2
14659,Rigid,1103822,1103826,1103831,4,5,9,completed,2
14660,Rigid,1103822,1103826,1103831,4,5,9,completed,2
14661,Rigid,1103822,1103826,1103831,4,5,9,completed,2
14662,Rigid,1103822,1103826,1103831,4,5,9,completed,2
14663,Rigid,1103822,1103826,1103831,4,5,9,completed,2
14664,Rigid,1103822,1103822,1103844,0,22,22,completed,2
14665,Rigid,1103822,1103822,1103844,0,22,22,completed,2
14666,Rigid,1103822,1103826,1103844,4,18,22,completed,2
14667,Rigid,1103822,1103826,1103844,4,18,22,completed,2
14668,Rigid,1103822,1103826,1103858,4,32,36,completed,2
14669,Rigid,1103822,1103826,1103844,4,18,22,completed,2
14670,Rigid,1103822,1103826,1103861,4,35,39,completed,2
14671,Rigid,1103822,1103826,1103844,4,18,22,completed,2
14672,Rigid,1103822,1103826,1103844,4,18,22,completed,2
14673,Rigid,1103822,1103826,1103864,4,38,42,completed,2
14674,Rigid,1103822,1103826,1103864,4,38,42,completed,2
14675,Rigid,1103822,1103826,1103861,4,35,39,completed,2
14676,Rigid,1103822,1103826,1103863,4,37,41,completed,2
14677,Rigid,1103822,1103826,1103837,4,11,15,completed,2
14678,Rigid,1103823,1103826,1103831,3,5,8,completed,2
14679,Rigid,1103823,1103826,1103835,3,9,12,completed,2
14680,Rigid,1103823,1103826,1103831,3,5,8,completed,2
14681,Rigid,1103823,1103826,1103831,3,5,8,completed,2
14682,Rigid,1103823,1103826,1103831,3,5,8,completed,2
14683,Rigid,1103823,1103826,1103831,3,5,8,completed,2
14684,Rigid,1103823,1103826,1103831,3,5,8,completed,2
14685,Rigid,1103823,1103826,1103844,3,18,21,completed,2
14686,Rigid,1103823,1103826,1103844,3,18,21,completed,2
14687,Rigid,1103823,1103826,1103844,3,18,21,completed,2
14688,Rigid,1103823,1103826,1103865,3,39,42,completed,2
14689,Rigid,1103823,1103826,1103863,3,37,40,completed,2
14690,Rigid,1103823,1103826,1103859,3,33,36,completed,2
14691,Rigid,1103823,1103826,1103864,3,38,41,completed,2
14692,Rigid,1103823,1103826,1103867,3,41,44,completed,2
14693,Rigid,1103823,1103826,1103849,3,23,26,completed,2
14694,Rigid,1103823,1103826,1103845,3,19,22,completed,2
14695,Rigid,1103823,1103826,1103844,3,18,21,completed,2
14696,Rigid,1103823,1103826,1103844,3,18,21,completed,2
14697,Rigid,1103823,1103826,1103862,3,36,39,completed,2
14698,Rigid,1103823,1103826,1103848,3,22,25,completed,2
14699,Rigid,1103823,1103826,1103844,3,18,21,completed,2
14700,Rigid,1103823,1103826,1103864,3,38,41,completed,2
14701,Rigid,1103823,1103826,1103860,3,34,37,completed,2
14702,Rigid,1103824,1103826,1103831,2,5,7,completed,2
14703,Rigid,1103824,1103826,1103831,2,5,7,completed,2
14704,Rigid,1103824,1103826,1103831,2,5,7,completed,2
14705,Rigid,1103824,1103826,1103831,2,5,7,completed,2
14706,Rigid,1103824,1103826,1103831,2,5,7,completed,2
14707,Rigid,1103824,1103826,1103844,2,18,20,completed,2
14708,Rigid,1103824,1103826,1103844,2,18,20,completed,2
14709,Rigid,1103824,1103826,1103862,2,36,38,completed,2
14710,Rigid,1103824,1103826,1103848,2,22,24,completed,2
14711,Rigid,1103824,1103826,1103844,2,18,20,completed,2
14712,Rigid,1103824,1103826,1103861,2,35,37,completed,2
14713,Rigid,1103824,1103826,1103836,2,10,12,completed,2
14714,Rigid,1103824,1103826,1103844,2,18,20,completed,2
14715,Rigid,1103824,1103826,1103844,2,18,20,completed,2
14716,Rigid,1103824,1103826,1103844,2,18,20,completed,2
14717,Rigid,1103824,1103826,1103844,2,18,20,completed,2
14718,Rigid,1103825,1103826,1103860,1,34,35,completed,2
14719,Rigid,1103825,1103826,1103860,1,34,35,completed,2
14720,Rigid,1103838,1103838,1103848,0,10,10,completed,2
14721,Rigid,1103838,1103838,1103856,0,18,18,completed,2
14722,Rigid,1103848,1103848,1103871,0,23,23,completed,2
14723,Rigid,1103849,1103850,1103867,1,17,18,completed,2
14724,Rigid,1103849,1103850,1103876,1,26,27,completed,2
14725,Rigid,1103849,1103850,1103876,1,26,27,completed,2
14726,Rigid,1103849,1103850,1103876,1,26,27,completed,2
14727,Rigid,1103849,1103850,1103868,1,18,19,completed,2
14728,Rigid,1103849,1103850,1103863,1,13,14,completed,2
14729,Rigid,1103849,1103850,1103867,1,17,18,completed,2
14730,Rigid,1103849,1103850,1103876,1,26,27,completed,2
14731,Rigid,1103850,1103850,1103863,0,13,13,completed,2
14732,Rigid,1103850,1103850,1103876,0,26,26,completed,2
14733,Rigid,1103850,1103850,1103863,0,13,13,completed,2
14734,Rigid,1103850,1103850,1103868,0,18,18,completed,2
14735,Rigid,1103850,1103850,1103867,0,17,17,completed,2
14736,Rigid,1103850,1103850,1103867,0,17,17,completed,2
14737,Rigid,1103850,1103850,1103863,0,13,13,completed,2
14738,Rigid,1103850,1103850,1103867,0,17,17,completed,2
14739,Rigid,1103850,1103850,1103863,0,13,13,completed,2
14740,Rigid,1103850,1103850,1103867,0,17,17,completed,2
14741,Rigid,1103850,1103850,1103868,0,18,18,completed,2
14742,Rigid,1103850,1103850,1103868,0,18,18,completed,2
14743,Rigid,1103850,1103850,1103868,0,18,18,completed,2
14744,Rigid,1103850,1103850,1103867,0,17,17,completed,2
14745,Rigid,1103850,1103850,1103867,0,17,17,completed,2
14746,Rigid,1103850,1103852,1103867,2,15,17,completed,2
14747,Rigid,1103850,1103852,1103868,2,16,18,completed,2
14748,Rigid,1103850,1103852,1103863,2,11,13,completed,2
14749,Rigid,1103850,1103852,1103868,2,16,18,completed,2
14750,Rigid,1103850,1103852,1103868,2,16,18,completed,2
14751,Rigid,1103850,1103852,1103863,2,11,13,completed,2
14752,Rigid,1103850,1103852,1103868,2,16,18,completed,2
14753,Rigid,1103851,1103852,1103875,1,23,24,completed,2
14754,Rigid,1103851,1103852,1103876,1,24,25,completed,2
14755,Rigid,1103851,1103852,1103876,1,24,25,completed,2
14756,Rigid,1103851,1103852,1103875,1,23,24,completed,2
14757,Rigid,1103851,1103852,1103876,1,24,25,completed,2
14758,Rigid,1103851,1103852,1103875,1,23,24,completed,2
14759,Rigid,1103852,1103852,1103876,0,24,24,completed,2
14760,Rigid,1103852,1103852,1103875,0,23,23,completed,2
14761,Rigid,1103852,1103852,1103876,0,24,24,completed,2
14762,Rigid,1103852,1103852,1103876,0,24,24,completed,2
14763,Rigid,1103852,1103852,1103876,0,24,24,completed,2
14764,Rigid,1103852,1103852,1103876,0,24,24,completed,2
14765,Rigid,1103852,1103856,1103876,4,20,24,completed,2
14766,Rigid,1103852,1103856,1103876,4,20,24,completed,2
14767,Rigid,1103853,1103856,1103863,3,7,10,completed,2
14768,Rigid,1103853,1103856,1103863,3,7,10,completed,2
14769,Rigid,1103853,1103856,1103876,3,20,23,completed,2
14770,Rigid,1103853,1103856,1103876,3,20,23,completed,2
14771,Rigid,1103853,1103856,1103876,3,20,23,completed,2
14772,Rigid,1103853,1103856,1103876,3,20,23,completed,2
14773,Rigid,1103853,1103856,1103876,3,20,23,completed,2
14774,Rigid,1103853,1103856,1103876,3,20,23,completed,2
14775,Rigid,1103853,1103856,1103876,3,20,23,completed,2
14776,Rigid,1103853,1103856,1103875,3,19,22,completed,2
14777,Rigid,1103853,1103856,1103868,3,12,15,completed,2
14778,Rigid,1103854,1103856,1103863,2,7,9,completed,2
14779,Rigid,1103854,1103856,1103863,2,7,9,completed,2
14780,Rigid,1103854,1103856,1103875,2,19,21,completed,2
14781,Rigid,1103854,1103856,1103868,2,12,14,completed,2
14782,Rigid,1103854,1103856,1103875,2,19,21,completed,2
14783,Rigid,1103854,1103856,1103867,2,11,13,completed,2
14784,Rigid,1103854,1103856,1103868,2,12,14,completed,2
14785,Rigid,1103854,1103856,1103868,2,12,14,completed,2
14786,Rigid,1103854,1103856,1103875,2,19,21,completed,2
14787,Rigid,1103854,1103856,1103867,2,11,13,completed,2
14788,Rigid,1103854,1103856,1103868,2,12,14,completed,2
14789,Rigid,1103854,1103856,1103875,2,19,21,completed,2
14790,Rigid,1103854,1103856,1103868,2,12,14,completed,2
14791,Rigid,1103854,1103856,1103867,2,11,13,completed,2
14792,Rigid,1103855,1103856,1103863,1,7,8,completed,2
14793,Rigid,1103855,1103856,1103863,1,7,8,completed,2
14794,Rigid,1103855,1103856,1103863,1,7,8,completed,2
14795,Rigid,1103855,1103856,1103863,1,7,8,completed,2
14796,Rigid,1103855,1103856,1103864,1,8,9,completed,2
14797,Rigid,1103855,1103856,1103868,1,12,13,completed,2
14798,Rigid,1103855,1103856,1103867,1,11,12,completed,2
14799,Rigid,1103855,1103856,1103867,1,11,12,completed,2
14800,Rigid,1103855,1103856,1103875,1,19,20,completed,2
14801,Rigid,1103855,1103856,1103867,1,11,12,completed,2
14802,Rigid,1103855,1103856,1103875,1,19,20,completed,2
14803,Rigid,1103855,1103856,1103867,1,11,12,completed,2
14804,Rigid,1103855,1103856,1103868,1,12,13,completed,2
14805,Rigid,1103855,1103856,1103867,1,11,12,completed,2
14806,Rigid,1103855,1103856,1103875,1,19,20,completed,2
14807,Rigid,1103855,1103856,1103868,1,12,13,completed,2
14808,Rigid,1103855,1103856,1103875,1,19,20,completed,2
14809,Rigid,1103855,1103856,1103875,1,19,20,completed,2
14810,Rigid,1103855,1103856,1103868,1,12,13,completed,2
14811,Rigid,1103855,1103856,1103867,1,11,12,completed,2
14812,Rigid,1103856,1103856,1103863,0,7,7,completed,2
14813,Rigid,1103856,1103856,1103863,0,7,7,completed,2
14814,Rigid,1103856,1103857,1103863,1,6,7,completed,2
14815,Rigid,1103856,1103856,1103875,0,19,19,completed,2
14816,Rigid,1103856,1103856,1103868,0,12,12,completed,2
14817,Rigid,1103856,1103856,1103867,0,11,11,completed,2
14818,Rigid,1103856,1103856,1103875,0,19,19,completed,2
14819,Rigid,1103856,1103856,1103867,0,11,11,completed,2
14820,Rigid,1103856,1103856,1103875,0,19,19,completed,2
14821,Rigid,1103856,1103856,1103867,0,11,11,completed,2
14822,Rigid,1103856,1103856,1103868,0,12,12,completed,2
14823,Rigid,1103856,1103856,1103875,0,19,19,completed,2
14824,Rigid,1103856,1103856,1103875,0,19,19,completed,2
14825,Rigid,1103856,1103856,1103876,0,20,20,completed,2
14826,Rigid,1103856,1103856,1103875,0,19,19,completed,2
14827,Rigid,1103856,1103857,1103875,1,18,19,completed,2
14828,Rigid,1103857,1103859,1103864,2,5,7,completed,2
14829,Rigid,1103857,1103859,1103864,2,5,7,completed,2
14830,Rigid,1103857,1103857,1103875,0,18,18,completed,2
14831,Rigid,1103857,1103857,1103876,0,19,19,completed,2
14832,Rigid,1103857,1103857,1103876,0,19,19,completed,2
14833,Rigid,1103857,1103859,1103876,2,17,19,completed,2
14834,Rigid,1103857,1103859,1103876,2,17,19,completed,2
14835,Rigid,1103857,1103859,1103876,2,17,19,completed,2
14836,Rigid,1103857,1103859,1103876,2,17,19,completed,2
14837,Rigid,1103857,1103859,1103876,2,17,19,completed,2
14838,Rigid,1103857,1103859,1103876,2,17,19,completed,2
14839,Rigid,1103857,1103859,1103876,2,17,19,completed,2
14840,Rigid,1103857,1103859,1103876,2,17,19,completed,2
14841,Rigid,1103857,1103859,1103876,2,17,19,completed,2
14842,Rigid,1103858,1103859,1103866,1,7,8,completed,2
14843,Rigid,1103858,1103859,1103868,1,9,10,completed,2
14844,Rigid,1103858,1103859,1103868,1,9,10,completed,2
14845,Rigid,1103858,1103859,1103867,1,8,9,completed,2
14846,Rigid,1103858,1103859,1103866,1,7,8,completed,2
14847,Rigid,1103858,1103859,1103867,1,8,9,completed,2
14848,Rigid,1103858,1103859,1103866,1,7,8,completed,2
14849,Rigid,1103858,1103859,1103868,1,9,10,completed,2
14850,Rigid,1103858,1103859,1103876,1,17,18,completed,2
14851,Rigid,1103858,1103859,1103876,1,17,18,completed,2
14852,Rigid,1103858,1103859,1103876,1,17,18,completed,2
14853,Rigid,1103858,1103859,1103876,1,17,18,completed,2
14854,Rigid,1103858,1103859,1103876,1,17,18,completed,2
14855,Rigid,1103858,1103859,1103876,1,17,18,completed,2
14856,Rigid,1103858,1103859,1103876,1,17,18,completed,2
14857,Rigid,1103858,1103859,1103876,1,17,18,completed,2
14858,Rigid,1103858,1103859,1103876,1,17,18,completed,2
14859,Rigid,1103859,1103859,1103867,0,8,8,completed,2
14860,Rigid,1103859,1103860,1103866,1,6,7,completed,2
14861,Rigid,1103859,1103859,1103876,0,17,17,completed,2
14862,Rigid,1103859,1103859,1103875,0,16,16,completed,2
14863,Rigid,1103859,1103859,1103876,0,17,17,completed,2
14864,Rigid,1103859,1103859,1103875,0,16,16,completed,2
14865,Rigid,1103859,1103860,1103876,1,16,17,completed,2
14866,Rigid,1103859,1103860,1103875,1,15,16,completed,2
14867,Rigid,1103859,1103860,1103875,1,15,16,completed,2
14868,Rigid,1103864,1103864,1103869,0,5,5,completed,2
14869,Rigid,1103864,1103864,1103869,0,5,5,completed,2
14870,Rigid,1103865,1103865,1103870,0,5,5,completed,2
14871,Rigid,1103865,1103865,1103870,0,5,5,completed,2
14872,Rigid,1103865,1103865,1103870,0,5,5,completed,2
14873,Rigid,1103866,1103866,1103871,0,5,5,completed,2
14874,Rigid,1103866,1103866,1103871,0,5,5,completed,2
14875,Rigid,1103868,1103868,1103873,0,5,5,completed,2
14876,Rigid,1103869,1103869,1103874,0,5,5,completed,2
14877,Rigid,1104115,1104969,1112725,854,7756,8610,completed,72
14878,Rigid,1104118,1104969,1112752,851,7783,8634,completed,72
14879,Rigid,1104120,1105993,1112754,1873,6761,8634,completed,72
14880,Rigid,1104122,1107863,1112756,3741,4893,8634,completed,72
14881,Rigid,1104125,1112825,1124912,8700,12087,20787,completed,72
14882,Rigid,1104128,1113642,1119867,9514,6225,15739,completed,72
14883,Rigid,1104132,1113642,1128134,9510,14492,24002,completed,72
14884,Rigid,1104135,1116446,1119898,12311,3452,15763,completed,72
14885,Rigid,1104138,1116447,1131092,12309,14645,26954,completed,72
14886,Rigid,1104142,1116447,1119830,12305,3383,15688,completed,72
14887,Rigid,1104145,1116577,1125876,12432,9299,21731,completed,72
14888,Rigid,1104148,1117905,1132437,13757,14532,28289,completed,72
14889,Rigid,1104181,1117905,1128092,13724,10187,23911,completed,72
14890,Rigid,1104184,1117909,1122101,13725,4192,17917,completed,72
14891,Rigid,1104186,1117909,1121091,13723,3182,16905,completed,72
14892,Rigid,1104189,1118145,1124815,13956,6670,20626,completed,72
14893,Rigid,1104191,1118145,1128198,13954,10053,24007,completed,72
14894,Rigid,1104194,1118145,1122995,13951,4850,18801,completed,72
14895,Rigid,1104197,1118145,1121054,13948,2909,16857,completed,72
14896,Rigid,1104201,1118145,1121787,13944,3642,17586,completed,72
14897,Rigid,1104207,1118145,1121712,13938,3567,17505,completed,72
14898,Rigid,1104210,1118145,1120923,13935,2778,16713,completed,72
14899,Rigid,1104213,1118145,1124049,13932,5904,19836,completed,72
14900,Rigid,1104215,1118145,1125998,13930,7853,21783,completed,72
14901,Rigid,1104223,1118145,1133703,13922,15558,29480,completed,72
14902,Rigid,1104225,1118354,1122198,14129,3844,17973,completed,72
14903,Rigid,1104228,1118892,1135715,14664,16823,31487,completed,72
14904,Rigid,1104230,1118892,1131069,14662,12177,26839,completed,72
14905,Rigid,1104232,1118901,1126046,14669,7145,21814,completed,72
14906,Rigid,1104235,1118901,1122181,14666,3280,17946,completed,72
14907,Rigid,1104238,1119837,1131010,15599,11173,26772,completed,72
14908,Rigid,1104242,1119874,1133792,15632,13918,29550,completed,72
14909,Rigid,1104246,1119905,1136518,15659,16613,32272,completed,72
14910,Rigid,1104250,1120412,1123825,16162,3413,19575,completed,72
14911,Rigid,1104253,1120412,1131050,16159,10638,26797,completed,72
14912,Rigid,1104256,1122866,1133915,18610,11049,29659,completed,72
14913,Rigid,1105079,1123002,1166218,17923,43216,61139,completed,72
14914,Rigid,1105085,1124229,1167448,19144,43219,62363,completed,72
14915,Rigid,1105095,1124229,1126291,19134,2062,21196,completed,72
14916,Rigid,1105324,1125923,1218583,20599,92660,113259,completed,36
14917,Rigid,1105324,1126015,1251950,20691,125935,146626,completed,36
14918,Rigid,1105324,1128147,1179498,22823,51351,74174,completed,36
14919,Rigid,1106752,1106752,1106757,0,5,5,completed,1
14920,Rigid,1106752,1106752,1106774,0,22,22,completed,1
14921,Rigid,1106783,1106783,1106797,0,14,14,completed,1
14922,Rigid,1106783,1106786,1106816,3,30,33,completed,1
14923,Rigid,1106783,1106786,1106946,3,160,163,completed,2
14924,Rigid,1106783,1106786,1106942,3,156,159,completed,2
14925,Rigid,1106783,1106783,1107752,0,969,969,completed,12
14926,Rigid,1106783,1106783,1109565,0,2782,2782,completed,2
14927,Rigid,1106783,1106783,1108158,0,1375,1375,completed,12
14928,Rigid,1106880,1107227,1107348,347,121,468,completed,36
14929,Rigid,1106951,1112820,1116424,5869,3604,9473,completed,360
14930,Rigid,1107451,1107451,1107493,0,42,42,completed,2
14931,Rigid,1107451,1107451,1107486,0,35,35,completed,2
14932,Rigid,1107451,1107451,1107467,0,16,16,completed,2
14933,Rigid,1107451,1107451,1107466,0,15,15,completed,2
14934,Rigid,1107451,1107451,1107488,0,37,37,completed,2
14935,Rigid,1107451,1107451,1107486,0,35,35,completed,2
14936,Rigid,1107451,1107455,1107469,4,14,18,completed,2
14937,Rigid,1107451,1107455,1107466,4,11,15,completed,2
14938,Rigid,1107452,1107455,1107469,3,14,17,completed,2
14939,Rigid,1107452,1107455,1107468,3,13,16,completed,2
14940,Rigid,1107452,1107455,1107468,3,13,16,completed,2
14941,Rigid,1107452,1107455,1107466,3,11,14,completed,2
14942,Rigid,1107452,1107455,1107487,3,32,35,completed,2
14943,Rigid,1107452,1107455,1107469,3,14,17,completed,2
14944,Rigid,1107452,1107455,1107466,3,11,14,completed,2
14945,Rigid,1107452,1107455,1107493,3,38,41,completed,2
14946,Rigid,1107452,1107455,1107468,3,13,16,completed,2
14947,Rigid,1107453,1107455,1107464,2,9,11,completed,2
14948,Rigid,1107453,1107455,1107464,2,9,11,completed,2
14949,Rigid,1107453,1107455,1107494,2,39,41,completed,2
14950,Rigid,1107453,1107455,1107493,2,38,40,completed,2
14951,Rigid,1107453,1107455,1107469,2,14,16,completed,2
14952,Rigid,1107453,1107455,1107466,2,11,13,completed,2
14953,Rigid,1107453,1107455,1107490,2,35,37,completed,2
14954,Rigid,1107453,1107455,1107493,2,38,40,completed,2
14955,Rigid,1107453,1107455,1107467,2,12,14,completed,2
14956,Rigid,1107453,1107455,1107490,2,35,37,completed,2
14957,Rigid,1107454,1107455,1107495,1,40,41,completed,2
14958,Rigid,1107454,1107455,1107495,1,40,41,completed,2
14959,Rigid,1107454,1107455,1107490,1,35,36,completed,2
14960,Rigid,1107454,1107455,1107469,1,14,15,completed,2
14961,Rigid,1107454,1107455,1107493,1,38,39,completed,2
14962,Rigid,1107454,1107455,1107495,1,40,41,completed,2
14963,Rigid,1107454,1107455,1107474,1,19,20,completed,2
14964,Rigid,1107454,1107455,1107468,1,13,14,completed,2
14965,Rigid,1107454,1107455,1107466,1,11,12,completed,2
14966,Rigid,1107454,1107455,1107469,1,14,15,completed,2
14967,Rigid,1107454,1107455,1107490,1,35,36,completed,2
14968,Rigid,1107455,1107455,1107474,0,19,19,completed,2
14969,Rigid,1107455,1107455,1107469,0,14,14,completed,2
14970,Rigid,1107455,1107455,1107466,0,11,11,completed,2
14971,Rigid,1107455,1107455,1107495,0,40,40,completed,2
14972,Rigid,1107455,1107455,1107490,0,35,35,completed,2
14973,Rigid,1107455,1107455,1107468,0,13,13,completed,2
14974,Rigid,1107455,1107455,1107490,0,35,35,completed,2
14975,Rigid,1107455,1107455,1107474,0,19,19,completed,2
14976,Rigid,1107455,1107455,1107469,0,14,14,completed,2
14977,Rigid,1107456,1107459,1107469,3,10,13,completed,2
14978,Rigid,1107456,1107459,1107493,3,34,37,completed,2
14979,Rigid,1107456,1107459,1107470,3,11,14,completed,2
14980,Rigid,1107456,1107459,1107493,3,34,37,completed,2
14981,Rigid,1107456,1107459,1107494,3,35,38,completed,2
14982,Rigid,1107476,1107477,1107505,1,28,29,completed,2
14983,Rigid,1107476,1107477,1107493,1,16,17,completed,2
14984,Rigid,1107476,1107477,1107505,1,28,29,completed,2
14985,Rigid,1107477,1107477,1107505,0,28,28,completed,2
14986,Rigid,1107477,1107477,1107493,0,16,16,completed,2
14987,Rigid,1107477,1107477,1107493,0,16,16,completed,2
14988,Rigid,1107477,1107481,1107505,4,24,28,completed,2
14989,Rigid,1107477,1107481,1107493,4,12,16,completed,2
14990,Rigid,1107477,1107481,1107505,4,24,28,completed,2
14991,Rigid,1107477,1107481,1107505,4,24,28,completed,2
14992,Rigid,1107477,1107481,1107493,4,12,16,completed,2
14993,Rigid,1107477,1107481,1107493,4,12,16,completed,2
14994,Rigid,1107478,1107481,1107506,3,25,28,completed,2
14995,Rigid,1107478,1107481,1107506,3,25,28,completed,2
14996,Rigid,1107478,1107481,1107505,3,24,27,completed,2
14997,Rigid,1107478,1107481,1107505,3,24,27,completed,2
14998,Rigid,1107478,1107481,1107505,3,24,27,completed,2
14999,Rigid,1107478,1107481,1107493,3,12,15,completed,2
15000,Rigid,1107478,1107481,1107493,3,12,15,completed,2
15001,Rigid,1107478,1107481,1107493,3,12,15,completed,2
15002,Rigid,1107478,1107481,1107493,3,12,15,completed,2
15003,Rigid,1107478,1107481,1107493,3,12,15,completed,2
15004,Rigid,1107478,1107481,1107505,3,24,27,completed,2
15005,Rigid,1107478,1107481,1107505,3,24,27,completed,2
15006,Rigid,1107478,1107481,1107493,3,12,15,completed,2
15007,Rigid,1107479,1107481,1107493,2,12,14,completed,2
15008,Rigid,1107479,1107481,1107497,2,16,18,completed,2
15009,Rigid,1107479,1107481,1107505,2,24,26,completed,2
15010,Rigid,1107479,1107481,1107493,2,12,14,completed,2
15011,Rigid,1107479,1107481,1107505,2,24,26,completed,2
15012,Rigid,1107480,1107481,1107493,1,12,13,completed,2
15013,Rigid,1107480,1107481,1107493,1,12,13,completed,2
15014,Rigid,1107480,1107481,1107505,1,24,25,completed,2
15015,Rigid,1107480,1107481,1107493,1,12,13,completed,2
15016,Rigid,1107480,1107481,1107506,1,25,26,completed,2
15017,Rigid,1107480,1107481,1107506,1,25,26,completed,2
15018,Rigid,1107480,1107481,1107493,1,12,13,completed,2
15019,Rigid,1107481,1107481,1107493,0,12,12,completed,2
15020,Rigid,1107481,1107481,1107493,0,12,12,completed,2
15021,Rigid,1107481,1107481,1107505,0,24,24,completed,2
15022,Rigid,1107481,1107481,1107505,0,24,24,completed,2
15023,Rigid,1107481,1107481,1107493,0,12,12,completed,2
15024,Rigid,1107481,1107481,1107505,0,24,24,completed,2
15025,Rigid,1107481,1107481,1107493,0,12,12,completed,2
15026,Rigid,1107481,1107481,1107505,0,24,24,completed,2
15027,Rigid,1107481,1107481,1107493,0,12,12,completed,2
15028,Rigid,1107481,1107485,1107505,4,20,24,completed,2
15029,Rigid,1107482,1107485,1107493,3,8,11,completed,2
15030,Rigid,1107482,1107485,1107497,3,12,15,completed,2
15031,Rigid,1107482,1107485,1107505,3,20,23,completed,2
15032,Rigid,1107636,1107637,1119006,1,11369,11370,completed,12
15033,Rigid,1107817,1111190,1113641,3373,2451,5824,completed,144
15034,Rigid,1107822,1107832,1107850,10,18,28,completed,36
15035,Rigid,1107880,1107881,1108005,1,124,125,completed,36
15036,Rigid,1108155,1108155,1108257,0,102,102,completed,36
15037,Rigid,1108162,1108162,1108172,0,10,10,completed,1
15038,Rigid,1108292,1108292,1108314,0,22,22,completed,2
15039,Rigid,1108292,1108292,1108314,0,22,22,completed,2
15040,Rigid,1108293,1108294,1108341,1,47,48,completed,2
15041,Rigid,1108293,1108294,1108339,1,45,46,completed,2
15042,Rigid,1108293,1108294,1108309,1,15,16,completed,2
15043,Rigid,1108293,1108294,1108309,1,15,16,completed,2
15044,Rigid,1108293,1108294,1108314,1,20,21,completed,2
15045,Rigid,1108293,1108294,1108314,1,20,21,completed,2
15046,Rigid,1108293,1108294,1108341,1,47,48,completed,2
15047,Rigid,1108293,1108294,1108340,1,46,47,completed,2
15048,Rigid,1108293,1108294,1108309,1,15,16,completed,2
15049,Rigid,1108294,1108294,1108314,0,20,20,completed,2
15050,Rigid,1108294,1108294,1108314,0,20,20,completed,2
15051,Rigid,1108294,1108294,1108342,0,48,48,completed,2
15052,Rigid,1108294,1108294,1108339,0,45,45,completed,2
15053,Rigid,1108294,1108294,1108309,0,15,15,completed,2
15054,Rigid,1108295,1108296,1108314,1,18,19,completed,2
15055,Rigid,1108295,1108296,1108314,1,18,19,completed,2
15056,Rigid,1108295,1108296,1108340,1,44,45,completed,2
15057,Rigid,1108295,1108296,1108339,1,43,44,completed,2
15058,Rigid,1108295,1108296,1108309,1,13,14,completed,2
15059,Rigid,1108296,1108300,1108309,4,9,13,completed,2
15060,Rigid,1108296,1108296,1108314,0,18,18,completed,2
15061,Rigid,1108296,1108296,1108314,0,18,18,completed,2
15062,Rigid,1108296,1108296,1108341,0,45,45,completed,2
15063,Rigid,1108296,1108296,1108341,0,45,45,completed,2
15064,Rigid,1108296,1108296,1108340,0,44,44,completed,2
15065,Rigid,1108296,1108296,1108309,0,13,13,completed,2
15066,Rigid,1108296,1108296,1108314,0,18,18,completed,2
15067,Rigid,1108296,1108296,1108314,0,18,18,completed,2
15068,Rigid,1108296,1108300,1108342,4,42,46,completed,2
15069,Rigid,1108296,1108300,1108341,4,41,45,completed,2
15070,Rigid,1108296,1108300,1108340,4,40,44,completed,2
15071,Rigid,1108296,1108300,1108314,4,14,18,completed,2
15072,Rigid,1108296,1108300,1108314,4,14,18,completed,2
15073,Rigid,1108297,1108300,1108309,3,9,12,completed,2
15074,Rigid,1108297,1108300,1108309,3,9,12,completed,2
15075,Rigid,1108297,1108300,1108309,3,9,12,completed,2
15076,Rigid,1108297,1108300,1108341,3,41,44,completed,2
15077,Rigid,1108297,1108300,1108341,3,41,44,completed,2
15078,Rigid,1108297,1108300,1108339,3,39,42,completed,2
15079,Rigid,1108297,1108300,1108342,3,42,45,completed,2
15080,Rigid,1108297,1108300,1108342,3,42,45,completed,2
15081,Rigid,1108297,1108300,1108314,3,14,17,completed,2
15082,Rigid,1108297,1108300,1108339,3,39,42,completed,2
15083,Rigid,1108297,1108300,1108314,3,14,17,completed,2
15084,Rigid,1108297,1108300,1108341,3,41,44,completed,2
15085,Rigid,1108297,1108300,1108342,3,42,45,completed,2
15086,Rigid,1108297,1108300,1108338,3,38,41,completed,2
15087,Rigid,1108298,1108300,1108309,2,9,11,completed,2
15088,Rigid,1108298,1108300,1108309,2,9,11,completed,2
15089,Rigid,1108298,1108300,1108309,2,9,11,completed,2
15090,Rigid,1108298,1108300,1108314,2,14,16,completed,2
15091,Rigid,1108298,1108300,1108340,2,40,42,completed,2
15092,Rigid,1108298,1108300,1108340,2,40,42,completed,2
15093,Rigid,1108298,1108300,1108338,2,38,40,completed,2
15094,Rigid,1108298,1108300,1108314,2,14,16,completed,2
15095,Rigid,1108298,1108300,1108343,2,43,45,completed,2
15096,Rigid,1108298,1108300,1108342,2,42,44,completed,2
15097,Rigid,1108298,1108300,1108338,2,38,40,completed,2
15098,Rigid,1108298,1108300,1108314,2,14,16,completed,2
15099,Rigid,1108299,1108300,1108309,1,9,10,completed,2
15100,Rigid,1108299,1108300,1108309,1,9,10,completed,2
15101,Rigid,1108299,1108300,1108342,1,42,43,completed,2
15102,Rigid,1108299,1108300,1108343,1,43,44,completed,2
15103,Rigid,1108299,1108300,1108338,1,38,39,completed,2
15104,Rigid,1108299,1108300,1108314,1,14,15,completed,2
15105,Rigid,1108299,1108300,1108341,1,41,42,completed,2
15106,Rigid,1108299,1108300,1108341,1,41,42,completed,2
15107,Rigid,1108299,1108300,1108338,1,38,39,completed,2
15108,Rigid,1108299,1108300,1108314,1,14,15,completed,2
15109,Rigid,1108299,1108300,1108314,1,14,15,completed,2
15110,Rigid,1108299,1108300,1108341,1,41,42,completed,2
15111,Rigid,1108300,1108300,1108309,0,9,9,completed,2
15112,Rigid,1108300,1108300,1108309,0,9,9,completed,2
15113,Rigid,1108300,1108304,1108310,4,6,10,completed,2
15114,Rigid,1108300,1108300,1108340,0,40,40,completed,2
15115,Rigid,1108300,1108300,1108338,0,38,38,completed,2
15116,Rigid,1108300,1108300,1108314,0,14,14,completed,2
15117,Rigid,1108300,1108300,1108314,0,14,14,completed,2
15118,Rigid,1108300,1108300,1108341,0,41,41,completed,2
15119,Rigid,1108300,1108300,1108340,0,40,40,completed,2
15120,Rigid,1108300,1108304,1108338,4,34,38,completed,2
15121,Rigid,1108300,1108304,1108314,4,10,14,completed,2
15122,Rigid,1108300,1108304,1108338,4,34,38,completed,2
15123,Rigid,1108300,1108304,1108338,4,34,38,completed,2
15124,Rigid,1108301,1108304,1108311,3,7,10,completed,2
15125,Rigid,1108301,1108304,1108311,3,7,10,completed,2
15126,Rigid,1108301,1108304,1108338,3,34,37,completed,2
15127,Rigid,1108301,1108304,1108339,3,35,38,completed,2
15128,Rigid,1108301,1108304,1108314,3,10,13,completed,2
15129,Rigid,1108301,1108304,1108314,3,10,13,completed,2
15130,Rigid,1108301,1108304,1108338,3,34,37,completed,2
15131,Rigid,1108301,1108304,1108314,3,10,13,completed,2
15132,Rigid,1108301,1108304,1108314,3,10,13,completed,2
15133,Rigid,1108301,1108304,1108340,3,36,39,completed,2
15134,Rigid,1108301,1108304,1108338,3,34,37,completed,2
15135,Rigid,1108301,1108304,1108338,3,34,37,completed,2
15136,Rigid,1108301,1108304,1108314,3,10,13,completed,2
15137,Rigid,1108301,1108304,1108314,3,10,13,completed,2
15138,Rigid,1108301,1108304,1108338,3,34,37,completed,2
15139,Rigid,1108301,1108304,1108314,3,10,13,completed,2
15140,Rigid,1108301,1108304,1108314,3,10,13,completed,2
15141,Rigid,1108302,1108304,1108311,2,7,9,completed,2
15142,Rigid,1108302,1108304,1108311,2,7,9,completed,2
15143,Rigid,1108302,1108304,1108340,2,36,38,completed,2
15144,Rigid,1108302,1108304,1108338,2,34,36,completed,2
15145,Rigid,1108302,1108304,1108338,2,34,36,completed,2
15146,Rigid,1108302,1108304,1108314,2,10,12,completed,2
15147,Rigid,1108302,1108304,1108314,2,10,12,completed,2
15148,Rigid,1108302,1108304,1108338,2,34,36,completed,2
15149,Rigid,1108302,1108304,1108338,2,34,36,completed,2
15150,Rigid,1108302,1108304,1108314,2,10,12,completed,2
15151,Rigid,1108302,1108304,1108314,2,10,12,completed,2
15152,Rigid,1108302,1108304,1108338,2,34,36,completed,2
15153,Rigid,1108302,1108304,1108314,2,10,12,completed,2
15154,Rigid,1108302,1108304,1108314,2,10,12,completed,2
15155,Rigid,1108302,1108304,1108340,2,36,38,completed,2
15156,Rigid,1108302,1108304,1108338,2,34,36,completed,2
15157,Rigid,1108302,1108304,1108314,2,10,12,completed,2
15158,Rigid,1108302,1108304,1108314,2,10,12,completed,2
15159,Rigid,1108302,1108304,1108340,2,36,38,completed,2
15160,Rigid,1108303,1108304,1108311,1,7,8,completed,2
15161,Rigid,1108303,1108304,1108338,1,34,35,completed,2
15162,Rigid,1108303,1108304,1108314,1,10,11,completed,2
15163,Rigid,1108303,1108304,1108314,1,10,11,completed,2
15164,Rigid,1108303,1108304,1108339,1,35,36,completed,2
15165,Rigid,1108303,1108304,1108338,1,34,35,completed,2
15166,Rigid,1108303,1108304,1108314,1,10,11,completed,2
15167,Rigid,1108303,1108304,1108321,1,17,18,completed,2
15168,Rigid,1108303,1108304,1108340,1,36,37,completed,2
15169,Rigid,1108303,1108304,1108338,1,34,35,completed,2
15170,Rigid,1108303,1108304,1108314,1,10,11,completed,2
15171,Rigid,1108303,1108304,1108339,1,35,36,completed,2
15172,Rigid,1108304,1108304,1108311,0,7,7,completed,2
15173,Rigid,1108304,1108308,1108314,4,6,10,completed,2
15174,Rigid,1108304,1108308,1108315,4,7,11,completed,2
15175,Rigid,1108304,1108304,1108338,0,34,34,completed,2
15176,Rigid,1108304,1108304,1108314,0,10,10,completed,2
15177,Rigid,1108304,1108304,1108340,0,36,36,completed,2
15178,Rigid,1108304,1108304,1108338,0,34,34,completed,2
15179,Rigid,1108304,1108304,1108314,0,10,10,completed,2
15180,Rigid,1108304,1108308,1108341,4,33,37,completed,2
15181,Rigid,1108304,1108308,1108340,4,32,36,completed,2
15182,Rigid,1108304,1108308,1108341,4,33,37,completed,2
15183,Rigid,1108305,1108308,1108340,3,32,35,completed,2
15184,Rigid,1108320,1108321,1108327,1,6,7,completed,2
15185,Rigid,1108321,1108323,1108328,2,5,7,completed,2
15186,Rigid,1108322,1108323,1108328,1,5,6,completed,2
15187,Rigid,1108323,1108325,1108331,2,6,8,completed,2
15188,Rigid,1108324,1108325,1108331,1,6,7,completed,2
15189,Rigid,1108324,1108325,1108331,1,6,7,completed,2
15190,Rigid,1108326,1108328,1108334,2,6,8,completed,2
15191,Rigid,1108326,1108328,1108334,2,6,8,completed,2
15192,Rigid,1108327,1108328,1108334,1,6,7,completed,2
15193,Rigid,1108327,1108328,1108334,1,6,7,completed,2
15194,Rigid,1108328,1108328,1108334,0,6,6,completed,2
15195,Rigid,1108328,1108328,1108334,0,6,6,completed,2
15196,Rigid,1108329,1108330,1108336,1,6,7,completed,2
15197,Rigid,1108329,1108330,1108336,1,6,7,completed,2
15198,Rigid,1108330,1108332,1108338,2,6,8,completed,2
15199,Rigid,1108330,1108332,1108338,2,6,8,completed,2
15200,Rigid,1108331,1108332,1108338,1,6,7,completed,2
15201,Rigid,1108331,1108332,1108346,1,14,15,completed,2
15202,Rigid,1108332,1108332,1108338,0,6,6,completed,2
15203,Rigid,1108332,1108334,1108339,2,5,7,completed,2
15204,Rigid,1108333,1108334,1108339,1,5,6,completed,2
15205,Rigid,1108333,1108334,1108339,1,5,6,completed,2
15206,Rigid,1108333,1108334,1108339,1,5,6,completed,2
15207,Rigid,1108334,1108335,1108340,1,5,6,completed,2
15208,Rigid,1108335,1108335,1108340,0,5,5,completed,2
15209,Rigid,1108357,1108357,1108368,0,11,11,completed,2
15210,Rigid,1108377,1108378,1108392,1,14,15,completed,2
15211,Rigid,1108447,1108448,1108475,1,27,28,completed,36
15212,Rigid,1108494,1108495,1108501,1,6,7,completed,2
15213,Rigid,1108494,1108495,1108521,1,26,27,completed,2
15214,Rigid,1108495,1108495,1108501,0,6,6,completed,2
15215,Rigid,1108495,1108499,1108506,4,7,11,completed,2
15216,Rigid,1108495,1108499,1108506,4,7,11,completed,2
15217,Rigid,1108495,1108499,1108506,4,7,11,completed,2
15218,Rigid,1108495,1108499,1108506,4,7,11,completed,2
15219,Rigid,1108495,1108499,1108506,4,7,11,completed,2
15220,Rigid,1108495,1108499,1108506,4,7,11,completed,2
15221,Rigid,1108495,1108499,1108506,4,7,11,completed,2
15222,Rigid,1108495,1108499,1108506,4,7,11,completed,2
15223,Rigid,1108495,1108499,1108506,4,7,11,completed,2
15224,Rigid,1108495,1108499,1108506,4,7,11,completed,2
15225,Rigid,1108495,1108499,1108506,4,7,11,completed,2
15226,Rigid,1108495,1108499,1108524,4,25,29,completed,2
15227,Rigid,1108496,1108499,1108506,3,7,10,completed,2
15228,Rigid,1108496,1108499,1108506,3,7,10,completed,2
15229,Rigid,1108496,1108499,1108506,3,7,10,completed,2
15230,Rigid,1108496,1108499,1108506,3,7,10,completed,2
15231,Rigid,1108496,1108499,1108506,3,7,10,completed,2
15232,Rigid,1108496,1108499,1108506,3,7,10,completed,2
15233,Rigid,1108496,1108499,1108506,3,7,10,completed,2
15234,Rigid,1108496,1108499,1108506,3,7,10,completed,2
15235,Rigid,1108496,1108499,1108506,3,7,10,completed,2
15236,Rigid,1108496,1108499,1108506,3,7,10,completed,2
15237,Rigid,1108496,1108499,1108506,3,7,10,completed,2
15238,Rigid,1108496,1108499,1108506,3,7,10,completed,2
15239,Rigid,1108496,1108499,1108506,3,7,10,completed,2
15240,Rigid,1108496,1108499,1108506,3,7,10,completed,2
15241,Rigid,1108496,1108499,1108506,3,7,10,completed,2
15242,Rigid,1108496,1108499,1108506,3,7,10,completed,2
15243,Rigid,1108496,1108499,1108506,3,7,10,completed,2
15244,Rigid,1108496,1108499,1108506,3,7,10,completed,2
15245,Rigid,1108496,1108499,1108519,3,20,23,completed,2
15246,Rigid,1108496,1108499,1108519,3,20,23,completed,2
15247,Rigid,1108496,1108499,1108519,3,20,23,completed,2
15248,Rigid,1108497,1108499,1108506,2,7,9,completed,2
15249,Rigid,1108497,1108499,1108506,2,7,9,completed,2
15250,Rigid,1108497,1108499,1108506,2,7,9,completed,2
15251,Rigid,1108497,1108499,1108506,2,7,9,completed,2
15252,Rigid,1108497,1108499,1108506,2,7,9,completed,2
15253,Rigid,1108497,1108499,1108506,2,7,9,completed,2
15254,Rigid,1108497,1108499,1108506,2,7,9,completed,2
15255,Rigid,1108497,1108499,1108506,2,7,9,completed,2
15256,Rigid,1108497,1108499,1108506,2,7,9,completed,2
15257,Rigid,1108497,1108499,1108506,2,7,9,completed,2
15258,Rigid,1108497,1108499,1108506,2,7,9,completed,2
15259,Rigid,1108497,1108499,1108506,2,7,9,completed,2
15260,Rigid,1108497,1108499,1108506,2,7,9,completed,2
15261,Rigid,1108497,1108499,1108506,2,7,9,completed,2
15262,Rigid,1108497,1108499,1108506,2,7,9,completed,2
15263,Rigid,1108497,1108499,1108506,2,7,9,completed,2
15264,Rigid,1108497,1108499,1108519,2,20,22,completed,2
15265,Rigid,1108497,1108499,1108519,2,20,22,completed,2
15266,Rigid,1108498,1108499,1108506,1,7,8,completed,2
15267,Rigid,1108498,1108499,1108506,1,7,8,completed,2
15268,Rigid,1108498,1108499,1108506,1,7,8,completed,2
15269,Rigid,1108498,1108499,1108506,1,7,8,completed,2
15270,Rigid,1108498,1108499,1108506,1,7,8,completed,2
15271,Rigid,1108498,1108499,1108506,1,7,8,completed,2
15272,Rigid,1108498,1108499,1108506,1,7,8,completed,2
15273,Rigid,1108498,1108499,1108506,1,7,8,completed,2
15274,Rigid,1108498,1108499,1108506,1,7,8,completed,2
15275,Rigid,1108498,1108499,1108506,1,7,8,completed,2
15276,Rigid,1108498,1108499,1108506,1,7,8,completed,2
15277,Rigid,1108498,1108499,1108506,1,7,8,completed,2
15278,Rigid,1108498,1108499,1108506,1,7,8,completed,2
15279,Rigid,1108498,1108499,1108506,1,7,8,completed,2
15280,Rigid,1108498,1108499,1108506,1,7,8,completed,2
15281,Rigid,1108498,1108499,1108506,1,7,8,completed,2
15282,Rigid,1108498,1108499,1108519,1,20,21,completed,2
15283,Rigid,1108498,1108499,1108520,1,21,22,completed,2
15284,Rigid,1108499,1108499,1108506,0,7,7,completed,2
15285,Rigid,1108499,1108499,1108506,0,7,7,completed,2
15286,Rigid,1108499,1108499,1108506,0,7,7,completed,2
15287,Rigid,1108499,1108499,1108506,0,7,7,completed,2
15288,Rigid,1108499,1108503,1108522,4,19,23,completed,2
15289,Rigid,1108499,1108503,1108522,4,19,23,completed,2
15290,Rigid,1108499,1108503,1108522,4,19,23,completed,2
15291,Rigid,1108499,1108503,1108540,4,37,41,completed,2
15292,Rigid,1108499,1108503,1108522,4,19,23,completed,2
15293,Rigid,1108499,1108503,1108522,4,19,23,completed,2
15294,Rigid,1108499,1108503,1108522,4,19,23,completed,2
15295,Rigid,1108500,1108503,1108522,3,19,22,completed,2
15296,Rigid,1108500,1108503,1108522,3,19,22,completed,2
15297,Rigid,1108500,1108503,1108522,3,19,22,completed,2
15298,Rigid,1108500,1108503,1108522,3,19,22,completed,2
15299,Rigid,1108500,1108503,1108522,3,19,22,completed,2
15300,Rigid,1108500,1108503,1108522,3,19,22,completed,2
15301,Rigid,1108500,1108503,1108522,3,19,22,completed,2
15302,Rigid,1108500,1108503,1108522,3,19,22,completed,2
15303,Rigid,1108500,1108503,1108523,3,20,23,completed,2
15304,Rigid,1108500,1108503,1108522,3,19,22,completed,2
15305,Rigid,1108500,1108503,1108522,3,19,22,completed,2
15306,Rigid,1108500,1108503,1108522,3,19,22,completed,2
15307,Rigid,1108500,1108503,1108522,3,19,22,completed,2
15308,Rigid,1108500,1108503,1108522,3,19,22,completed,2
15309,Rigid,1108500,1108503,1108522,3,19,22,completed,2
15310,Rigid,1108500,1108503,1108522,3,19,22,completed,2
15311,Rigid,1108500,1108503,1108522,3,19,22,completed,2
15312,Rigid,1108500,1108503,1108522,3,19,22,completed,2
15313,Rigid,1108500,1108503,1108522,3,19,22,completed,2
15314,Rigid,1108500,1108503,1108522,3,19,22,completed,2
15315,Rigid,1108500,1108503,1108522,3,19,22,completed,2
15316,Rigid,1108501,1108503,1108522,2,19,21,completed,2
15317,Rigid,1108501,1108503,1108522,2,19,21,completed,2
15318,Rigid,1108501,1108503,1108522,2,19,21,completed,2
15319,Rigid,1108501,1108503,1108522,2,19,21,completed,2
15320,Rigid,1108501,1108503,1108522,2,19,21,completed,2
15321,Rigid,1108501,1108503,1108522,2,19,21,completed,2
15322,Rigid,1108501,1108503,1108522,2,19,21,completed,2
15323,Rigid,1108501,1108503,1108522,2,19,21,completed,2
15324,Rigid,1108501,1108503,1108522,2,19,21,completed,2
15325,Rigid,1108501,1108503,1108522,2,19,21,completed,2
15326,Rigid,1108501,1108503,1108522,2,19,21,completed,2
15327,Rigid,1108501,1108503,1108522,2,19,21,completed,2
15328,Rigid,1108501,1108503,1108522,2,19,21,completed,2
15329,Rigid,1108501,1108503,1108522,2,19,21,completed,2
15330,Rigid,1108501,1108503,1108522,2,19,21,completed,2
15331,Rigid,1108501,1108503,1108522,2,19,21,completed,2
15332,Rigid,1108501,1108503,1108522,2,19,21,completed,2
15333,Rigid,1108501,1108503,1108522,2,19,21,completed,2
15334,Rigid,1108501,1108503,1108522,2,19,21,completed,2
15335,Rigid,1108501,1108503,1108522,2,19,21,completed,2
15336,Rigid,1108501,1108503,1108522,2,19,21,completed,2
15337,Rigid,1108501,1108503,1108522,2,19,21,completed,2
15338,Rigid,1108502,1108503,1108522,1,19,20,completed,2
15339,Rigid,1108502,1108503,1108522,1,19,20,completed,2
15340,Rigid,1108502,1108503,1108522,1,19,20,completed,2
15341,Rigid,1108502,1108503,1108522,1,19,20,completed,2
15342,Rigid,1108502,1108503,1108522,1,19,20,completed,2
15343,Rigid,1108502,1108503,1108540,1,37,38,completed,2
15344,Rigid,1108502,1108503,1108522,1,19,20,completed,2
15345,Rigid,1108502,1108503,1108522,1,19,20,completed,2
15346,Rigid,1108502,1108503,1108522,1,19,20,completed,2
15347,Rigid,1108502,1108503,1108540,1,37,38,completed,2
15348,Rigid,1108502,1108503,1108522,1,19,20,completed,2
15349,Rigid,1108502,1108503,1108522,1,19,20,completed,2
15350,Rigid,1108502,1108503,1108522,1,19,20,completed,2
15351,Rigid,1108502,1108503,1108542,1,39,40,completed,2
15352,Rigid,1108503,1108503,1108522,0,19,19,completed,2
15353,Rigid,1108503,1108503,1108522,0,19,19,completed,2
15354,Rigid,1108503,1108503,1108545,0,42,42,completed,2
15355,Rigid,1108503,1108507,1108522,4,15,19,completed,2
15356,Rigid,1108503,1108507,1108522,4,15,19,completed,2
15357,Rigid,1108503,1108507,1108522,4,15,19,completed,2
15358,Rigid,1108503,1108507,1108522,4,15,19,completed,2
15359,Rigid,1108503,1108507,1108548,4,41,45,completed,2
15360,Rigid,1108504,1108507,1108555,3,48,51,completed,2
15361,Rigid,1108504,1108507,1108522,3,15,18,completed,2
15362,Rigid,1108504,1108507,1108523,3,16,19,completed,2
15363,Rigid,1108504,1108507,1108522,3,15,18,completed,2
15364,Rigid,1108504,1108507,1108522,3,15,18,completed,2
15365,Rigid,1108504,1108507,1108558,3,51,54,completed,2
15366,Rigid,1108504,1108507,1108547,3,40,43,completed,2
15367,Rigid,1108504,1108507,1108522,3,15,18,completed,2
15368,Rigid,1108504,1108507,1108522,3,15,18,completed,2
15369,Rigid,1108504,1108507,1108555,3,48,51,completed,2
15370,Rigid,1108504,1108507,1108559,3,52,55,completed,2
15371,Rigid,1108504,1108507,1108522,3,15,18,completed,2
15372,Rigid,1108504,1108507,1108522,3,15,18,completed,2
15373,Rigid,1108504,1108507,1108522,3,15,18,completed,2
15374,Rigid,1108504,1108507,1108556,3,49,52,completed,2
15375,Rigid,1108504,1108507,1108564,3,57,60,completed,2
15376,Rigid,1108504,1108507,1108522,3,15,18,completed,2
15377,Rigid,1108504,1108507,1108522,3,15,18,completed,2
15378,Rigid,1108504,1108507,1108522,3,15,18,completed,2
15379,Rigid,1108504,1108507,1108561,3,54,57,completed,2
15380,Rigid,1108504,1108507,1108564,3,57,60,completed,2
15381,Rigid,1108504,1108507,1108522,3,15,18,completed,2
15382,Rigid,1108504,1108507,1108522,3,15,18,completed,2
15383,Rigid,1108504,1108507,1108568,3,61,64,completed,2
15384,Rigid,1108504,1108507,1108572,3,65,68,completed,2
15385,Rigid,1108504,1108507,1108522,3,15,18,completed,2
15386,Rigid,1108505,1108507,1108522,2,15,17,completed,2
15387,Rigid,1108505,1108507,1108522,2,15,17,completed,2
15388,Rigid,1108505,1108507,1108522,2,15,17,completed,2
15389,Rigid,1108505,1108507,1108562,2,55,57,completed,2
15390,Rigid,1108505,1108507,1108551,2,44,46,completed,2
15391,Rigid,1108505,1108507,1108522,2,15,17,completed,2
15392,Rigid,1108505,1108507,1108522,2,15,17,completed,2
15393,Rigid,1108505,1108507,1108522,2,15,17,completed,2
15394,Rigid,1108505,1108507,1108569,2,62,64,completed,2
15395,Rigid,1108505,1108507,1108565,2,58,60,completed,2
15396,Rigid,1108505,1108507,1108522,2,15,17,completed,2
15397,Rigid,1108505,1108507,1108567,2,60,62,completed,2
15398,Rigid,1108505,1108507,1108551,2,44,46,completed,2
15399,Rigid,1108505,1108507,1108522,2,15,17,completed,2
15400,Rigid,1108505,1108507,1108522,2,15,17,completed,2
15401,Rigid,1108505,1108507,1108522,2,15,17,completed,2
15402,Rigid,1108505,1108507,1108523,2,16,18,completed,2
15403,Rigid,1108505,1108507,1108570,2,63,65,completed,2
15404,Rigid,1108506,1108507,1108568,1,61,62,completed,2
15405,Rigid,1108506,1108507,1108522,1,15,16,completed,2
15406,Rigid,1108506,1108507,1108522,1,15,16,completed,2
15407,Rigid,1108506,1108507,1108522,1,15,16,completed,2
15408,Rigid,1108506,1108507,1108540,1,33,34,completed,2
15409,Rigid,1108506,1108507,1108540,1,33,34,completed,2
15410,Rigid,1108506,1108507,1108522,1,15,16,completed,2
15411,Rigid,1108506,1108507,1108522,1,15,16,completed,2
15412,Rigid,1108506,1108507,1108614,1,107,108,completed,36
15413,Rigid,1108512,1108513,1108522,1,9,10,completed,2
15414,Rigid,1108513,1108513,1108522,0,9,9,completed,2
15415,Rigid,1108513,1108513,1108522,0,9,9,completed,2
15416,Rigid,1108513,1108513,1108522,0,9,9,completed,2
15417,Rigid,1108513,1108513,1108522,0,9,9,completed,2
15418,Rigid,1108515,1108517,1108522,2,5,7,completed,2
15419,Rigid,1108515,1108517,1108522,2,5,7,completed,2
15420,Rigid,1108515,1108517,1108522,2,5,7,completed,2
15421,Rigid,1108520,1108520,1108549,0,29,29,completed,2
15422,Rigid,1108520,1108520,1108549,0,29,29,completed,2
15423,Rigid,1108520,1108520,1108549,0,29,29,completed,2
15424,Rigid,1108520,1108520,1108549,0,29,29,completed,2
15425,Rigid,1108520,1108520,1108549,0,29,29,completed,2
15426,Rigid,1108520,1108520,1108549,0,29,29,completed,2
15427,Rigid,1108520,1108520,1108549,0,29,29,completed,2
15428,Rigid,1108520,1108520,1108549,0,29,29,completed,2
15429,Rigid,1108520,1108520,1108549,0,29,29,completed,2
15430,Rigid,1108520,1108521,1108549,1,28,29,completed,2
15431,Rigid,1108521,1108521,1108549,0,28,28,completed,2
15432,Rigid,1108521,1108521,1108549,0,28,28,completed,2
15433,Rigid,1108521,1108521,1108549,0,28,28,completed,2
15434,Rigid,1108521,1108521,1108549,0,28,28,completed,2
15435,Rigid,1108521,1108522,1108549,1,27,28,completed,2
15436,Rigid,1108521,1108522,1108549,1,27,28,completed,2
15437,Rigid,1108523,1108523,1108549,0,26,26,completed,2
15438,Rigid,1108524,1108524,1108549,0,25,25,completed,2
15439,Rigid,1108528,1108529,1108549,1,20,21,completed,2
15440,Rigid,1108531,1108533,1108549,2,16,18,completed,2
15441,Rigid,1108539,1108539,1108549,0,10,10,completed,2
15442,Rigid,1108539,1108539,1108549,0,10,10,completed,2
15443,Rigid,1108539,1108539,1108549,0,10,10,completed,2
15444,Rigid,1108539,1108539,1108549,0,10,10,completed,2
15445,Rigid,1108539,1108539,1108549,0,10,10,completed,2
15446,Rigid,1108539,1108539,1108549,0,10,10,completed,2
15447,Rigid,1108539,1108539,1108549,0,10,10,completed,2
15448,Rigid,1108539,1108539,1108549,0,10,10,completed,2
15449,Rigid,1108539,1108539,1108549,0,10,10,completed,2
15450,Rigid,1108539,1108541,1108554,2,13,15,completed,2
15451,Rigid,1108541,1108541,1108554,0,13,13,completed,2
15452,Rigid,1108541,1108543,1108555,2,12,14,completed,2
15453,Rigid,1108541,1108543,1108555,2,12,14,completed,2
15454,Rigid,1108541,1108543,1108555,2,12,14,completed,2
15455,Rigid,1108541,1108543,1108555,2,12,14,completed,2
15456,Rigid,1108541,1108543,1108555,2,12,14,completed,2
15457,Rigid,1108541,1108543,1108555,2,12,14,completed,2
15458,Rigid,1108542,1108543,1108554,1,11,12,completed,2
15459,Rigid,1108542,1108543,1108554,1,11,12,completed,2
15460,Rigid,1108542,1108543,1108554,1,11,12,completed,2
15461,Rigid,1108542,1108543,1108554,1,11,12,completed,2
15462,Rigid,1108542,1108543,1108554,1,11,12,completed,2
15463,Rigid,1108542,1108543,1108554,1,11,12,completed,2
15464,Rigid,1108543,1108543,1108554,0,11,11,completed,2
15465,Rigid,1108543,1108543,1108554,0,11,11,completed,2
15466,Rigid,1108543,1108543,1108554,0,11,11,completed,2
15467,Rigid,1108545,1108571,1108885,26,314,340,completed,36
15468,Rigid,1108689,1108689,1109354,0,665,665,completed,36
15469,Rigid,1108758,1108909,1109283,151,374,525,completed,36
15470,Rigid,1109128,1122857,1122865,13729,8,13737,completed,36
15471,Rigid,1109446,1109446,1109632,0,186,186,completed,36
15472,Rigid,1109499,1109526,1109959,27,433,460,completed,36
15473,Rigid,1109643,1109643,1109709,0,66,66,completed,36
15474,Rigid,1109782,1109783,1111012,1,1229,1230,completed,36
15475,Rigid,1110154,1110154,1113250,0,3096,3096,completed,36
15476,Rigid,1111047,1111048,1111075,1,27,28,completed,2
15477,Rigid,1111048,1111048,1111079,0,31,31,completed,2
15478,Rigid,1111048,1111048,1111071,0,23,23,completed,2
15479,Rigid,1111048,1111052,1111849,4,797,801,completed,36
15480,Rigid,1111052,1111052,1111075,0,23,23,completed,2
15481,Rigid,1111052,1111052,1111079,0,27,27,completed,2
15482,Rigid,1111052,1111052,1111070,0,18,18,completed,2
15483,Rigid,1111052,1111056,1111079,4,23,27,completed,2
15484,Rigid,1111052,1111056,1111082,4,26,30,completed,2
15485,Rigid,1111052,1111056,1111079,4,23,27,completed,2
15486,Rigid,1111052,1111056,1111074,4,18,22,completed,2
15487,Rigid,1111052,1111056,1111082,4,26,30,completed,2
15488,Rigid,1111053,1111056,1111074,3,18,21,completed,2
15489,Rigid,1111053,1111056,1111079,3,23,26,completed,2
15490,Rigid,1111053,1111056,1111083,3,27,30,completed,2
15491,Rigid,1111053,1111056,1111075,3,19,22,completed,2
15492,Rigid,1111053,1111056,1111067,3,11,14,completed,2
15493,Rigid,1111053,1111056,1111067,3,11,14,completed,2
15494,Rigid,1111058,1111060,1111083,2,23,25,completed,2
15495,Rigid,1111058,1111060,1111086,2,26,28,completed,2
15496,Rigid,1111058,1111060,1111078,2,18,20,completed,2
15497,Rigid,1111058,1111060,1111090,2,30,32,completed,2
15498,Rigid,1111058,1111060,1111083,2,23,25,completed,2
15499,Rigid,1111058,1111060,1111078,2,18,20,completed,2
15500,Rigid,1111062,1111064,1111080,2,16,18,completed,2
15501,Rigid,1111062,1111064,1111091,2,27,29,completed,2
15502,Rigid,1111065,1111066,1111085,1,19,20,completed,2
15503,Rigid,1111065,1111066,1111090,1,24,25,completed,2
15504,Rigid,1111065,1111066,1111081,1,15,16,completed,2
15505,Rigid,1111065,1111066,1111093,1,27,28,completed,2
15506,Rigid,1111070,1111071,1111077,1,6,7,completed,2
15507,Rigid,1111080,1111080,1111086,0,6,6,completed,2
15508,Rigid,1111081,1111082,1111088,1,6,7,completed,2
15509,Rigid,1111081,1111082,1111088,1,6,7,completed,2
15510,Rigid,1111081,1111081,1111103,0,22,22,completed,2
15511,Rigid,1111081,1111082,1111102,1,20,21,completed,2
15512,Rigid,1111081,1111082,1111102,1,20,21,completed,2
15513,Rigid,1111081,1111082,1111102,1,20,21,completed,2
15514,Rigid,1111082,1111082,1111088,0,6,6,completed,2
15515,Rigid,1111082,1111082,1111088,0,6,6,completed,2
15516,Rigid,1111082,1111082,1111088,0,6,6,completed,2
15517,Rigid,1111082,1111082,1111088,0,6,6,completed,2
15518,Rigid,1111082,1111082,1111102,0,20,20,completed,2
15519,Rigid,1111082,1111082,1111102,0,20,20,completed,2
15520,Rigid,1111082,1111082,1111102,0,20,20,completed,2
15521,Rigid,1111082,1111082,1111102,0,20,20,completed,2
15522,Rigid,1111082,1111082,1111102,0,20,20,completed,2
15523,Rigid,1111088,1111089,1111094,1,5,6,completed,2
15524,Rigid,1111088,1111089,1111094,1,5,6,completed,2
15525,Rigid,1111088,1111089,1111094,1,5,6,completed,2
15526,Rigid,1111088,1111089,1111094,1,5,6,completed,2
15527,Rigid,1111088,1111089,1111094,1,5,6,completed,2
15528,Rigid,1111088,1111089,1111094,1,5,6,completed,2
15529,Rigid,1111088,1111089,1111094,1,5,6,completed,2
15530,Rigid,1111088,1111088,1111106,0,18,18,completed,2
15531,Rigid,1111088,1111089,1111108,1,19,20,completed,2
15532,Rigid,1111088,1111089,1111108,1,19,20,completed,2
15533,Rigid,1111088,1111089,1111108,1,19,20,completed,2
15534,Rigid,1111088,1111089,1111108,1,19,20,completed,2
15535,Rigid,1111098,1111098,1111104,0,6,6,completed,2
15536,Rigid,1111101,1111102,1111108,1,6,7,completed,2
15537,Rigid,1111101,1111102,1111108,1,6,7,completed,2
15538,Rigid,1111101,1111102,1111121,1,19,20,completed,2
15539,Rigid,1111106,1111106,1111112,0,6,6,completed,2
15540,Rigid,1111106,1111106,1111112,0,6,6,completed,2
15541,Rigid,1111106,1111106,1111112,0,6,6,completed,2
15542,Rigid,1111106,1111106,1111112,0,6,6,completed,2
15543,Rigid,1111106,1111107,1111112,1,5,6,completed,2
15544,Rigid,1111106,1111106,1111128,0,22,22,completed,2
15545,Rigid,1111106,1111106,1111125,0,19,19,completed,2
15546,Rigid,1111106,1111107,1111125,1,18,19,completed,2
15547,Rigid,1111106,1111107,1111125,1,18,19,completed,2
15548,Rigid,1111106,1111107,1111125,1,18,19,completed,2
15549,Rigid,1111107,1111107,1111112,0,5,5,completed,2
15550,Rigid,1111107,1111107,1111125,0,18,18,completed,2
15551,Rigid,1111110,1111110,1111130,0,20,20,completed,2
15552,Rigid,1111110,1111113,1111132,3,19,22,completed,2
15553,Rigid,1111110,1111113,1111132,3,19,22,completed,2
15554,Rigid,1111111,1111113,1111119,2,6,8,completed,2
15555,Rigid,1111111,1111113,1111121,2,8,10,completed,2
15556,Rigid,1111111,1111113,1111132,2,19,21,completed,2
15557,Rigid,1111111,1111113,1111157,2,44,46,completed,2
15558,Rigid,1111111,1111113,1111157,2,44,46,completed,2
15559,Rigid,1111111,1111113,1111125,2,12,14,completed,2
15560,Rigid,1111111,1111113,1111125,2,12,14,completed,2
15561,Rigid,1111115,1111118,1111130,3,12,15,completed,2
15562,Rigid,1111119,1111120,1111128,1,8,9,completed,2
15563,Rigid,1111119,1111120,1111162,1,42,43,completed,2
15564,Rigid,1111120,1111120,1111128,0,8,8,completed,2
15565,Rigid,1111120,1111120,1111131,0,11,11,completed,2
15566,Rigid,1111120,1111120,1111131,0,11,11,completed,2
15567,Rigid,1111120,1111120,1111131,0,11,11,completed,2
15568,Rigid,1111120,1111120,1111164,0,44,44,completed,2
15569,Rigid,1111120,1111120,1111131,0,11,11,completed,2
15570,Rigid,1111120,1111120,1111162,0,42,42,completed,2
15571,Rigid,1111120,1111120,1111131,0,11,11,completed,2
15572,Rigid,1111120,1111122,1111172,2,50,52,completed,2
15573,Rigid,1111120,1111122,1111164,2,42,44,completed,2
15574,Rigid,1111120,1111122,1111132,2,10,12,completed,2
15575,Rigid,1111120,1111122,1111134,2,12,14,completed,2
15576,Rigid,1111120,1111122,1111132,2,10,12,completed,2
15577,Rigid,1111120,1111122,1111174,2,52,54,completed,2
15578,Rigid,1111120,1111122,1111166,2,44,46,completed,2
15579,Rigid,1111121,1111122,1111131,1,9,10,completed,2
15580,Rigid,1111121,1111122,1111172,1,50,51,completed,2
15581,Rigid,1111121,1111122,1111164,1,42,43,completed,2
15582,Rigid,1111121,1111122,1111132,1,10,11,completed,2
15583,Rigid,1111121,1111122,1111174,1,52,53,completed,2
15584,Rigid,1111121,1111122,1111166,1,44,45,completed,2
15585,Rigid,1111121,1111122,1111132,1,10,11,completed,2
15586,Rigid,1111121,1111122,1111133,1,11,12,completed,2
15587,Rigid,1111124,1111126,1111134,2,8,10,completed,2
15588,Rigid,1111124,1111126,1111134,2,8,10,completed,2
15589,Rigid,1111124,1111126,1111175,2,49,51,completed,2
15590,Rigid,1111128,1111129,1111173,1,44,45,completed,2
15591,Rigid,1111128,1111129,1111141,1,12,13,completed,2
15592,Rigid,1111128,1111129,1111178,1,49,50,completed,2
15593,Rigid,1111128,1111129,1111171,1,42,43,completed,2
15594,Rigid,1111129,1111129,1111138,0,9,9,completed,2
15595,Rigid,1111129,1111129,1111138,0,9,9,completed,2
15596,Rigid,1111129,1111129,1111141,0,12,12,completed,2
15597,Rigid,1111129,1111129,1111176,0,47,47,completed,2
15598,Rigid,1111129,1111129,1111178,0,49,49,completed,2
15599,Rigid,1111129,1111129,1111139,0,10,10,completed,2
15600,Rigid,1111129,1111129,1111177,0,48,48,completed,2
15601,Rigid,1111129,1111129,1111139,0,10,10,completed,2
15602,Rigid,1111129,1111130,1111175,1,45,46,completed,2
15603,Rigid,1111130,1111130,1111138,0,8,8,completed,2
15604,Rigid,1111130,1111130,1111139,0,9,9,completed,2
15605,Rigid,1111130,1111130,1111138,0,8,8,completed,2
15606,Rigid,1111130,1111131,1111140,1,9,10,completed,2
15607,Rigid,1111130,1111130,1111174,0,44,44,completed,2
15608,Rigid,1111130,1111130,1111177,0,47,47,completed,2
15609,Rigid,1111130,1111130,1111178,0,48,48,completed,2
15610,Rigid,1111130,1111130,1111178,0,48,48,completed,2
15611,Rigid,1111130,1111130,1111178,0,48,48,completed,2
15612,Rigid,1111130,1111130,1111140,0,10,10,completed,2
15613,Rigid,1111130,1111130,1111176,0,46,46,completed,2
15614,Rigid,1111130,1111130,1111177,0,47,47,completed,2
15615,Rigid,1111134,1111134,1111182,0,48,48,completed,2
15616,Rigid,1111138,1111139,1111188,1,49,50,completed,2
15617,Rigid,1111141,1111142,1111151,1,9,10,completed,2
15618,Rigid,1111141,1111142,1111151,1,9,10,completed,2
15619,Rigid,1111141,1111142,1111151,1,9,10,completed,2
15620,Rigid,1111141,1111142,1111150,1,8,9,completed,2
15621,Rigid,1111141,1111142,1111150,1,8,9,completed,2
15622,Rigid,1111141,1111142,1111188,1,46,47,completed,2
15623,Rigid,1111141,1111142,1111185,1,43,44,completed,2
15624,Rigid,1111141,1111142,1111185,1,43,44,completed,2
15625,Rigid,1111141,1111142,1111184,1,42,43,completed,2
15626,Rigid,1111142,1111142,1111185,0,43,43,completed,2
15627,Rigid,1111142,1111142,1111190,0,48,48,completed,2
15628,Rigid,1111142,1111143,1111155,1,12,13,completed,2
15629,Rigid,1111145,1111147,1111199,2,52,54,completed,2
15630,Rigid,1111145,1111147,1111159,2,12,14,completed,2
15631,Rigid,1111145,1111147,1111159,2,12,14,completed,2
15632,Rigid,1111149,1111151,1111159,2,8,10,completed,2
15633,Rigid,1111149,1111151,1111200,2,49,51,completed,2
15634,Rigid,1111149,1111151,1111163,2,12,14,completed,2
15635,Rigid,1111150,1111151,1111159,1,8,9,completed,2
15636,Rigid,1111150,1111151,1111161,1,10,11,completed,2
15637,Rigid,1111150,1111151,1111202,1,51,52,completed,2
15638,Rigid,1111150,1111151,1111194,1,43,44,completed,2
15639,Rigid,1111150,1111151,1111161,1,10,11,completed,2
15640,Rigid,1111150,1111151,1111202,1,51,52,completed,2
15641,Rigid,1111150,1111151,1111162,1,11,12,completed,2
15642,Rigid,1111150,1111151,1111192,1,41,42,completed,2
15643,Rigid,1111154,1111155,1111164,1,9,10,completed,2
15644,Rigid,1111154,1111155,1111164,1,9,10,completed,2
15645,Rigid,1111154,1111155,1111164,1,9,10,completed,2
15646,Rigid,1111154,1111155,1111164,1,9,10,completed,2
15647,Rigid,1111154,1111155,1111167,1,12,13,completed,2
15648,Rigid,1111154,1111155,1111165,1,10,11,completed,2
15649,Rigid,1111154,1111155,1111204,1,49,50,completed,2
15650,Rigid,1111154,1111155,1111198,1,43,44,completed,2
15651,Rigid,1111154,1111155,1111167,1,12,13,completed,2
15652,Rigid,1111154,1111155,1111165,1,10,11,completed,2
15653,Rigid,1111154,1111155,1111207,1,52,53,completed,2
15654,Rigid,1111154,1111155,1111207,1,52,53,completed,2
15655,Rigid,1111154,1111155,1111207,1,52,53,completed,2
15656,Rigid,1111154,1111155,1111165,1,10,11,completed,2
15657,Rigid,1111154,1111155,1111210,1,55,56,completed,2
15658,Rigid,1111154,1111155,1111207,1,52,53,completed,2
15659,Rigid,1111154,1111155,1111167,1,12,13,completed,2
15660,Rigid,1111154,1111155,1111207,1,52,53,completed,2
15661,Rigid,1111154,1111155,1111165,1,10,11,completed,2
15662,Rigid,1111154,1111155,1111207,1,52,53,completed,2
15663,Rigid,1111155,1111155,1111161,0,6,6,completed,2
15664,Rigid,1111155,1111155,1111167,0,12,12,completed,2
15665,Rigid,1111159,1111160,1111166,1,6,7,completed,2
15666,Rigid,1111159,1111160,1111168,1,8,9,completed,2
15667,Rigid,1111159,1111160,1111166,1,6,7,completed,2
15668,Rigid,1111159,1111160,1111213,1,53,54,completed,2
15669,Rigid,1111159,1111160,1111171,1,11,12,completed,2
15670,Rigid,1111159,1111160,1111210,1,50,51,completed,2
15671,Rigid,1111159,1111160,1111213,1,53,54,completed,2
15672,Rigid,1111160,1111160,1111177,0,17,17,completed,2
15673,Rigid,1111160,1111160,1111171,0,11,11,completed,2
15674,Rigid,1111160,1111160,1111207,0,47,47,completed,2
15675,Rigid,1111164,1111164,1111173,0,9,9,completed,2
15676,Rigid,1111164,1111164,1111170,0,6,6,completed,2
15677,Rigid,1111164,1111164,1111173,0,9,9,completed,2
15678,Rigid,1111164,1111164,1111213,0,49,49,completed,2
15679,Rigid,1111171,1122262,1149188,11091,26926,38017,completed,144
15680,Rigid,1111172,1111172,1111181,0,9,9,completed,2
15681,Rigid,1111172,1111172,1111178,0,6,6,completed,2
15682,Rigid,1111172,1111172,1111178,0,6,6,completed,2
15683,Rigid,1111172,1111172,1111228,0,56,56,completed,2
15684,Rigid,1111172,1111172,1111228,0,56,56,completed,2
15685,Rigid,1111172,1111172,1111183,0,11,11,completed,2
15686,Rigid,1111173,1111174,1111178,1,4,5,completed,2
15687,Rigid,1111173,1111174,1111178,1,4,5,completed,2
15688,Rigid,1111173,1111174,1111178,1,4,5,completed,2
15689,Rigid,1111173,1111174,1111178,1,4,5,completed,2
15690,Rigid,1111173,1111174,1111178,1,4,5,completed,2
15691,Rigid,1111173,1111174,1111178,1,4,5,completed,2
15692,Rigid,1111173,1111174,1111178,1,4,5,completed,2
15693,Rigid,1111173,1111174,1111178,1,4,5,completed,2
15694,Rigid,1111173,1111174,1111178,1,4,5,completed,2
15695,Rigid,1111173,1111174,1111178,1,4,5,completed,2
15696,Rigid,1111173,1111174,1111178,1,4,5,completed,2
15697,Rigid,1111173,1111174,1111178,1,4,5,completed,2
15698,Rigid,1111173,1111174,1111188,1,14,15,completed,2
15699,Rigid,1111176,1111176,1111184,0,8,8,completed,2
15700,Rigid,1111176,1111177,1111185,1,8,9,completed,2
15701,Rigid,1111176,1111177,1111186,1,9,10,completed,2
15702,Rigid,1111176,1111177,1111185,1,8,9,completed,2
15703,Rigid,1111176,1111176,1111228,0,52,52,completed,2
15704,Rigid,1111176,1111176,1111228,0,52,52,completed,2
15705,Rigid,1111176,1111176,1111186,0,10,10,completed,2
15706,Rigid,1111176,1111177,1111228,1,51,52,completed,2
15707,Rigid,1111176,1111177,1111228,1,51,52,completed,2
15708,Rigid,1111177,1111177,1111228,0,51,51,completed,2
15709,Rigid,1111177,1111177,1111228,0,51,51,completed,2
15710,Rigid,1111177,1111177,1111228,0,51,51,completed,2
15711,Rigid,1111180,1111180,1111184,0,4,4,completed,2
15712,Rigid,1111180,1111180,1111184,0,4,4,completed,2
15713,Rigid,1111180,1111180,1111184,0,4,4,completed,2
15714,Rigid,1111180,1111180,1111184,0,4,4,completed,2
15715,Rigid,1111180,1111180,1111184,0,4,4,completed,2
15716,Rigid,1111180,1111180,1111184,0,4,4,completed,2
15717,Rigid,1111180,1111180,1111184,0,4,4,completed,2
15718,Rigid,1111180,1111180,1111184,0,4,4,completed,2
15719,Rigid,1111181,1111182,1111241,1,59,60,completed,2
15720,Rigid,1111182,1111182,1111190,0,8,8,completed,2
15721,Rigid,1111182,1111182,1111190,0,8,8,completed,2
15722,Rigid,1111182,1111182,1111241,0,59,59,completed,2
15723,Rigid,1111182,1111182,1111192,0,10,10,completed,2
15724,Rigid,1111182,1111182,1111228,0,46,46,completed,2
15725,Rigid,1111182,1111182,1111241,0,59,59,completed,2
15726,Rigid,1111182,1111182,1111241,0,59,59,completed,2
15727,Rigid,1111182,1111182,1111241,0,59,59,completed,2
15728,Rigid,1111182,1111183,1111242,1,59,60,completed,2
15729,Rigid,1111184,1111184,1111188,0,4,4,completed,2
15730,Rigid,1111184,1111184,1111190,0,6,6,completed,2
15731,Rigid,1111184,1111184,1111188,0,4,4,completed,2
15732,Rigid,1111184,1111184,1111188,0,4,4,completed,2
15733,Rigid,1111184,1111185,1111189,1,4,5,completed,2
15734,Rigid,1111184,1111185,1111189,1,4,5,completed,2
15735,Rigid,1111185,1111185,1111189,0,4,4,completed,2
15736,Rigid,1111185,1111185,1111189,0,4,4,completed,2
15737,Rigid,1111185,1111185,1111189,0,4,4,completed,2
15738,Rigid,1111185,1111185,1111189,0,4,4,completed,2
15739,Rigid,1111185,1111185,1111189,0,4,4,completed,2
15740,Rigid,1111185,1111185,1111189,0,4,4,completed,2
15741,Rigid,1111185,1111185,1111189,0,4,4,completed,2
15742,Rigid,1111185,1111185,1111189,0,4,4,completed,2
15743,Rigid,1111185,1111185,1111189,0,4,4,completed,2
15744,Rigid,1111185,1111185,1111189,0,4,4,completed,2
15745,Rigid,1111185,1111185,1111191,0,6,6,completed,2
15746,Rigid,1111185,1111186,1111192,1,6,7,completed,2
15747,Rigid,1111185,1111186,1111191,1,5,6,completed,2
15748,Rigid,1111185,1111186,1111191,1,5,6,completed,2
15749,Rigid,1111185,1111186,1111191,1,5,6,completed,2
15750,Rigid,1111185,1111186,1111191,1,5,6,completed,2
15751,Rigid,1111185,1111186,1111191,1,5,6,completed,2
15752,Rigid,1111185,1111186,1111191,1,5,6,completed,2
15753,Rigid,1111185,1111186,1111191,1,5,6,completed,2
15754,Rigid,1111185,1111186,1111191,1,5,6,completed,2
15755,Rigid,1111186,1111186,1111191,0,5,5,completed,2
15756,Rigid,1111186,1111186,1111192,0,6,6,completed,2
15757,Rigid,1111186,1111186,1111191,0,5,5,completed,2
15758,Rigid,1111186,1111186,1111194,0,8,8,completed,2
15759,Rigid,1111186,1111186,1111191,0,5,5,completed,2
15760,Rigid,1111186,1111186,1111192,0,6,6,completed,2
15761,Rigid,1111186,1111186,1111192,0,6,6,completed,2
15762,Rigid,1111186,1111186,1111192,0,6,6,completed,2
15763,Rigid,1111186,1111186,1111192,0,6,6,completed,2
15764,Rigid,1111186,1111186,1111194,0,8,8,completed,2
15765,Rigid,1111186,1111186,1111194,0,8,8,completed,2
15766,Rigid,1111186,1111186,1111194,0,8,8,completed,2
15767,Rigid,1111186,1111186,1111194,0,8,8,completed,2
15768,Rigid,1111186,1111187,1111194,1,7,8,completed,2
15769,Rigid,1111186,1111187,1111194,1,7,8,completed,2
15770,Rigid,1111186,1111187,1111194,1,7,8,completed,2
15771,Rigid,1111186,1111187,1111194,1,7,8,completed,2
15772,Rigid,1111186,1111187,1111194,1,7,8,completed,2
15773,Rigid,1111188,1111188,1111194,0,6,6,completed,2
15774,Rigid,1111188,1111189,1111194,1,5,6,completed,2
15775,Rigid,1111189,1111189,1111194,0,5,5,completed,2
15776,Rigid,1111190,1111190,1111195,0,5,5,completed,2
15777,Rigid,1111190,1111191,1111195,1,4,5,completed,2
15778,Rigid,1111190,1111191,1111195,1,4,5,completed,2
15779,Rigid,1111190,1111191,1111195,1,4,5,completed,2
15780,Rigid,1111190,1111191,1111195,1,4,5,completed,2
15781,Rigid,1111191,1111191,1111195,0,4,4,completed,2
15782,Rigid,1111191,1111191,1111195,0,4,4,completed,2
15783,Rigid,1111191,1111191,1111195,0,4,4,completed,2
15784,Rigid,1111191,1111191,1111195,0,4,4,completed,2
15785,Rigid,1111191,1111191,1111195,0,4,4,completed,2
15786,Rigid,1111191,1111191,1111195,0,4,4,completed,2
15787,Rigid,1111191,1111191,1111195,0,4,4,completed,2
15788,Rigid,1111191,1111191,1111195,0,4,4,completed,2
15789,Rigid,1111191,1111191,1111196,0,5,5,completed,2
15790,Rigid,1111192,1111192,1111196,0,4,4,completed,2
15791,Rigid,1111192,1111192,1111196,0,4,4,completed,2
15792,Rigid,1111192,1111192,1111195,0,3,3,completed,2
15793,Rigid,1111192,1111192,1111196,0,4,4,completed,2
15794,Rigid,1111196,1111196,1111200,0,4,4,completed,2
15795,Rigid,1111196,1111196,1111200,0,4,4,completed,2
15796,Rigid,1111196,1111196,1111200,0,4,4,completed,2
15797,Rigid,1111196,1111197,1111201,1,4,5,completed,2
15798,Rigid,1111196,1111197,1111227,1,30,31,completed,6
15799,Rigid,1111196,1111197,1111237,1,40,41,completed,2
15800,Rigid,1111196,1111197,1111246,1,49,50,completed,2
15801,Rigid,1111196,1111197,1111227,1,30,31,completed,6
15802,Rigid,1111196,1111197,1111321,1,124,125,completed,12
15803,Rigid,1111200,1111201,1111210,1,9,10,completed,2
15804,Rigid,1111200,1111200,1111232,0,32,32,completed,6
15805,Rigid,1111200,1111200,1111242,0,42,42,completed,2
15806,Rigid,1111200,1111201,1111236,1,35,36,completed,2
15807,Rigid,1111200,1111201,1111234,1,33,34,completed,6
15808,Rigid,1111200,1111201,1111237,1,36,37,completed,2
15809,Rigid,1111200,1111201,1111238,1,37,38,completed,2
15810,Rigid,1111200,1111201,1111240,1,39,40,completed,2
15811,Rigid,1111200,1111200,1111281,0,81,81,completed,12
15812,Rigid,1111200,1111201,1111304,1,103,104,completed,12
15813,Rigid,1111200,1111201,1111371,1,170,171,completed,12
15814,Rigid,1111201,1111201,1111236,0,35,35,completed,6
15815,Rigid,1111201,1111201,1111246,0,45,45,completed,2
15816,Rigid,1111201,1111201,1111234,0,33,33,completed,6
15817,Rigid,1111201,1111201,1111247,0,46,46,completed,2
15818,Rigid,1111201,1111201,1111370,0,169,169,completed,12
15819,Rigid,1111201,1111201,1111394,0,193,193,completed,12
15820,Rigid,1111206,1111207,1111247,1,40,41,completed,2
15821,Rigid,1111206,1111207,1111232,1,25,26,completed,2
15822,Rigid,1111208,1111208,1111259,0,51,51,completed,6
15823,Rigid,1111208,1111208,1111274,0,66,66,completed,6
15824,Rigid,1111208,1111208,1111269,0,61,61,completed,6
15825,Rigid,1111208,1111208,1111327,0,119,119,completed,12
15826,Rigid,1111208,1111208,1111318,0,110,110,completed,12
15827,Rigid,1111219,1111220,1111276,1,56,57,completed,6
15828,Rigid,1111219,1111220,1111308,1,88,89,completed,6
15829,Rigid,1111228,1111228,1111278,0,50,50,completed,6
15830,Rigid,1111228,1111228,1111296,0,68,68,completed,6
15831,Rigid,1111228,1111228,1111277,0,49,49,completed,2
15832,Rigid,1111228,1111228,1111269,0,41,41,completed,6
15833,Rigid,1111228,1111228,1111323,0,95,95,completed,6
15834,Rigid,1111228,1111229,1111290,1,61,62,completed,2
15835,Rigid,1111228,1111228,1111287,0,59,59,completed,12
15836,Rigid,1111228,1111228,1111350,0,122,122,completed,12
15837,Rigid,1111229,1111229,1111324,0,95,95,completed,6
15838,Rigid,1111229,1111229,1111303,0,74,74,completed,6
15839,Rigid,1111229,1111229,1111284,0,55,55,completed,6
15840,Rigid,1111229,1111229,1111284,0,55,55,completed,2
15841,Rigid,1111229,1111229,1111302,0,73,73,completed,12
15842,Rigid,1111229,1111229,1111382,0,153,153,completed,12
15843,Rigid,1111229,1111230,1111469,1,239,240,completed,12
15844,Rigid,1111230,1111232,1111289,2,57,59,completed,6
15845,Rigid,1111230,1111232,1111292,2,60,62,completed,6
15846,Rigid,1111230,1111232,1111323,2,91,93,completed,6
15847,Rigid,1111230,1111232,1111315,2,83,85,completed,6
15848,Rigid,1111230,1111232,1111283,2,51,53,completed,2
15849,Rigid,1111230,1111232,1111298,2,66,68,completed,6
15850,Rigid,1111232,1111232,1111290,0,58,58,completed,2
15851,Rigid,1111232,1111232,1111291,0,59,59,completed,2
15852,Rigid,1111232,1111232,1111364,0,132,132,completed,12
15853,Rigid,1111239,1111240,1111292,1,52,53,completed,6
15854,Rigid,1111239,1111240,1111300,1,60,61,completed,2
15855,Rigid,1111239,1111240,1111302,1,62,63,completed,2
15856,Rigid,1111240,1111240,1111302,0,62,62,completed,6
15857,Rigid,1111240,1111240,1111308,0,68,68,completed,2
15858,Rigid,1111240,1111240,1111303,0,63,63,completed,2
15859,Rigid,1111240,1111240,1111310,0,70,70,completed,2
15860,Rigid,1111240,1111240,1111301,0,61,61,completed,2
15861,Rigid,1111240,1111242,1111302,2,60,62,completed,6
15862,Rigid,1111240,1111242,1111308,2,66,68,completed,2
15863,Rigid,1111240,1111242,1111304,2,62,64,completed,2
15864,Rigid,1111240,1111240,1111393,0,153,153,completed,12
15865,Rigid,1111240,1111240,1111341,0,101,101,completed,12
15866,Rigid,1111240,1111242,1111350,2,108,110,completed,12
15867,Rigid,1111241,1111242,1111297,1,55,56,completed,6
15868,Rigid,1111241,1111242,1111320,1,78,79,completed,6
15869,Rigid,1111241,1111242,1111306,1,64,65,completed,2
15870,Rigid,1111241,1111242,1111302,1,60,61,completed,2
15871,Rigid,1111241,1111242,1111305,1,63,64,completed,6
15872,Rigid,1111241,1111242,1111313,1,71,72,completed,2
15873,Rigid,1111241,1111242,1111317,1,75,76,completed,12
15874,Rigid,1111241,1111242,1111446,1,204,205,completed,12
15875,Rigid,1111241,1111242,1111362,1,120,121,completed,12
15876,Rigid,1111242,1111242,1111307,0,65,65,completed,6
15877,Rigid,1111254,1111256,1111304,2,48,50,completed,2
15878,Rigid,1111266,1111267,1111328,1,61,62,completed,2
15879,Rigid,1111266,1111267,1111342,1,75,76,completed,12
15880,Rigid,1111267,1111267,1111345,0,78,78,completed,6
15881,Rigid,1111267,1111267,1111338,0,71,71,completed,6
15882,Rigid,1111267,1111270,1111341,3,71,74,completed,12
15883,Rigid,1111267,1111267,1111382,0,115,115,completed,12
15884,Rigid,1111267,1111267,1111408,0,141,141,completed,12
15885,Rigid,1111267,1111267,1111387,0,120,120,completed,12
15886,Rigid,1111267,1111270,1111438,3,168,171,completed,12
15887,Rigid,1111314,1111316,1111370,2,54,56,completed,2
15888,Rigid,1111320,1111321,1111370,1,49,50,completed,6
15889,Rigid,1111320,1111321,1111370,1,49,50,completed,6
15890,Rigid,1111320,1111321,1111364,1,43,44,completed,2
15891,Rigid,1111320,1111321,1111364,1,43,44,completed,6
15892,Rigid,1111327,1111328,1111381,1,53,54,completed,6
15893,Rigid,1111327,1111328,1111381,1,53,54,completed,6
15894,Rigid,1111327,1111328,1111433,1,105,106,completed,12
15895,Rigid,1111328,1111328,1111381,0,53,53,completed,6
15896,Rigid,1111328,1111328,1111381,0,53,53,completed,6
15897,Rigid,1111328,1111328,1111384,0,56,56,completed,6
15898,Rigid,1111328,1111328,1111390,0,62,62,completed,2
15899,Rigid,1111328,1111328,1111388,0,60,60,completed,6
15900,Rigid,1111328,1111328,1111426,0,98,98,completed,12
15901,Rigid,1111337,1111338,1111394,1,56,57,completed,6
15902,Rigid,1111338,1111338,1111401,0,63,63,completed,2
15903,Rigid,1111338,1111338,1111388,0,50,50,completed,6
15904,Rigid,1111338,1111339,1111395,1,56,57,completed,6
15905,Rigid,1111338,1111339,1111432,1,93,94,completed,12
15906,Rigid,1111339,1111339,1111395,0,56,56,completed,6
15907,Rigid,1111350,1111351,1111517,1,166,167,completed,12
15908,Rigid,1111351,1111351,1111411,0,60,60,completed,6
15909,Rigid,1111351,1111351,1111416,0,65,65,completed,2
15910,Rigid,1111351,1111351,1111409,0,58,58,completed,6
15911,Rigid,1111351,1111351,1111413,0,62,62,completed,6
15912,Rigid,1111351,1111351,1111415,0,64,64,completed,6
15913,Rigid,1111351,1111351,1111441,0,90,90,completed,12
15914,Rigid,1111383,1111386,1111457,3,71,74,completed,6
15915,Rigid,1111383,1111383,1111487,0,104,104,completed,12
15916,Rigid,1111384,1111386,1111466,2,80,82,completed,6
15917,Rigid,1111384,1111386,1111434,2,48,50,completed,6
15918,Rigid,1111384,1111386,1111444,2,58,60,completed,6
15919,Rigid,1111384,1111386,1111451,2,65,67,completed,6
15920,Rigid,1111396,1111397,1111458,1,61,62,completed,6
15921,Rigid,1111397,1111397,1111450,0,53,53,completed,2
15922,Rigid,1111397,1111397,1111466,0,69,69,completed,6
15923,Rigid,1111397,1111397,1111451,0,54,54,completed,2
15924,Rigid,1111397,1111397,1111459,0,62,62,completed,6
15925,Rigid,1111397,1111401,1111445,4,44,48,completed,6
15926,Rigid,1111397,1111402,1111444,5,42,47,completed,6
15927,Rigid,1111397,1111397,1111465,0,68,68,completed,12
15928,Rigid,1111398,1111402,1111456,4,54,58,completed,6
15929,Rigid,1111407,1111408,1111465,1,57,58,completed,6
15930,Rigid,1111407,1111408,1111464,1,56,57,completed,2
15931,Rigid,1111407,1111408,1111466,1,58,59,completed,2
15932,Rigid,1111415,1111415,1111465,0,50,50,completed,6
15933,Rigid,1111415,1111415,1111469,0,54,54,completed,6
15934,Rigid,1111415,1111416,1111473,1,57,58,completed,6
15935,Rigid,1111415,1111415,1111536,0,121,121,completed,12
15936,Rigid,1111418,1111419,1111477,1,58,59,completed,6
15937,Rigid,1111418,1111419,1111469,1,50,51,completed,6
15938,Rigid,1111419,1111419,1111475,0,56,56,completed,6
15939,Rigid,1111420,1111423,1111456,3,33,36,completed,6
15940,Rigid,1111433,1111433,1111470,0,37,37,completed,6
15941,Rigid,1111433,1111433,1111473,0,40,40,completed,6
15942,Rigid,1111433,1111433,1111480,0,47,47,completed,2
15943,Rigid,1111433,1111434,1111541,1,107,108,completed,12
15944,Rigid,1111433,1111434,1111563,1,129,130,completed,12
15945,Rigid,1111434,1111435,1111471,1,36,37,completed,6
15946,Rigid,1111434,1111435,1111467,1,32,33,completed,6
15947,Rigid,1111673,1111676,1111712,3,36,39,completed,2
15948,Rigid,1111674,1111676,1111684,2,8,10,completed,2
15949,Rigid,1111674,1111676,1111684,2,8,10,completed,2
15950,Rigid,1111674,1111676,1111713,2,37,39,completed,2
15951,Rigid,1111680,1111681,1111685,1,4,5,completed,2
15952,Rigid,1111680,1111681,1111685,1,4,5,completed,2
15953,Rigid,1111680,1111681,1111685,1,4,5,completed,2
15954,Rigid,1111680,1111681,1111685,1,4,5,completed,2
15955,Rigid,1111680,1111681,1111709,1,28,29,completed,2
15956,Rigid,1111680,1111681,1111711,1,30,31,completed,2
15957,Rigid,1111687,1111687,1111691,0,4,4,completed,2
15958,Rigid,1111687,1111687,1111692,0,5,5,completed,2
15959,Rigid,1111687,1111687,1111692,0,5,5,completed,2
15960,Rigid,1111687,1111687,1111692,0,5,5,completed,2
15961,Rigid,1111687,1111687,1111692,0,5,5,completed,2
15962,Rigid,1111687,1111687,1111692,0,5,5,completed,2
15963,Rigid,1111687,1111687,1111721,0,34,34,completed,2
15964,Rigid,1111687,1111687,1111720,0,33,33,completed,2
15965,Rigid,1111688,1111691,1111696,3,5,8,completed,2
15966,Rigid,1111688,1111691,1111696,3,5,8,completed,2
15967,Rigid,1111688,1111691,1111696,3,5,8,completed,2
15968,Rigid,1111688,1111691,1111696,3,5,8,completed,2
15969,Rigid,1111688,1111691,1111696,3,5,8,completed,2
15970,Rigid,1111688,1111691,1111727,3,36,39,completed,2
15971,Rigid,1111692,1111692,1111696,0,4,4,completed,2
15972,Rigid,1111692,1111693,1111697,1,4,5,completed,2
15973,Rigid,1111692,1111692,1111728,0,36,36,completed,2
15974,Rigid,1111693,1111693,1111697,0,4,4,completed,2
15975,Rigid,1111693,1111693,1111697,0,4,4,completed,2
15976,Rigid,1111693,1111693,1111697,0,4,4,completed,2
15977,Rigid,1111693,1111693,1111697,0,4,4,completed,2
15978,Rigid,1111693,1111693,1111697,0,4,4,completed,2
15979,Rigid,1111693,1111693,1111737,0,44,44,completed,2
15980,Rigid,1111693,1111693,1111724,0,31,31,completed,2
15981,Rigid,1111701,1111701,1111711,0,10,10,completed,2
15982,Rigid,1111701,1111701,1111711,0,10,10,completed,2
15983,Rigid,1111701,1111701,1111711,0,10,10,completed,2
15984,Rigid,1111701,1111701,1111711,0,10,10,completed,2
15985,Rigid,1111701,1111701,1111735,0,34,34,completed,2
15986,Rigid,1111701,1111701,1111738,0,37,37,completed,2
15987,Rigid,1111701,1111701,1111744,0,43,43,completed,2
15988,Rigid,1111701,1111701,1111711,0,10,10,completed,2
15989,Rigid,1111702,1111705,1111712,3,7,10,completed,2
15990,Rigid,1111702,1111705,1111711,3,6,9,completed,2
15991,Rigid,1111702,1111705,1111711,3,6,9,completed,2
15992,Rigid,1111702,1111705,1111711,3,6,9,completed,2
15993,Rigid,1111702,1111705,1111737,3,32,35,completed,2
15994,Rigid,1111702,1111705,1111741,3,36,39,completed,2
15995,Rigid,1111702,1111705,1111735,3,30,33,completed,2
15996,Rigid,1111717,1111717,1111728,0,11,11,completed,2
15997,Rigid,1111718,1111721,1111728,3,7,10,completed,2
15998,Rigid,1111728,1111728,1111733,0,5,5,completed,2
15999,Rigid,1111728,1111728,1111733,0,5,5,completed,2
16000,Rigid,1111728,1111728,1111733,0,5,5,completed,2
16001,Rigid,1111728,1111729,1111733,1,4,5,completed,2
16002,Rigid,1111728,1111729,1111734,1,5,6,completed,2
16003,Rigid,1111728,1111729,1111733,1,4,5,completed,2
16004,Rigid,1111728,1111729,1111733,1,4,5,completed,2
16005,Rigid,1111728,1111728,1111765,0,37,37,completed,2
16006,Rigid,1111728,1111728,1111762,0,34,34,completed,2
16007,Rigid,1111728,1111728,1111755,0,27,27,completed,2
16008,Rigid,1111729,1111729,1111759,0,30,30,completed,2
16009,Rigid,1111729,1111729,1111767,0,38,38,completed,2
16010,Rigid,1111729,1111729,1111765,0,36,36,completed,2
16011,Rigid,1111739,1111739,1111750,0,11,11,completed,2
16012,Rigid,1111739,1111740,1111750,1,10,11,completed,2
16013,Rigid,1111740,1111740,1111750,0,10,10,completed,2
16014,Rigid,1111740,1111740,1111750,0,10,10,completed,2
16015,Rigid,1111740,1111740,1111750,0,10,10,completed,2
16016,Rigid,1111749,1111749,1111753,0,4,4,completed,2
16017,Rigid,1111749,1111751,1111756,2,5,7,completed,2
16018,Rigid,1111749,1111751,1111756,2,5,7,completed,2
16019,Rigid,1111749,1111751,1111756,2,5,7,completed,2
16020,Rigid,1111749,1111751,1111756,2,5,7,completed,2
16021,Rigid,1111749,1111749,1111776,0,27,27,completed,2
16022,Rigid,1111749,1111749,1111771,0,22,22,completed,2
16023,Rigid,1111749,1111749,1111774,0,25,25,completed,2
16024,Rigid,1111749,1111751,1111780,2,29,31,completed,2
16025,Rigid,1111749,1111751,1111775,2,24,26,completed,2
16026,Rigid,1111749,1111751,1111778,2,27,29,completed,2
16027,Rigid,1111750,1111751,1111756,1,5,6,completed,2
16028,Rigid,1111750,1111751,1111756,1,5,6,completed,2
16029,Rigid,1111757,1111758,1111768,1,10,11,completed,2
16030,Rigid,1111757,1111758,1111788,1,30,31,completed,2
16031,Rigid,1111757,1111758,1111786,1,28,29,completed,2
16032,Rigid,1111757,1111758,1111768,1,10,11,completed,2
16033,Rigid,1111758,1111758,1111768,0,10,10,completed,2
16034,Rigid,1111758,1111758,1111768,0,10,10,completed,2
16035,Rigid,1111758,1111758,1111768,0,10,10,completed,2
16036,Rigid,1111766,1111766,1111771,0,5,5,completed,2
16037,Rigid,1111766,1111767,1111771,1,4,5,completed,2
16038,Rigid,1111766,1111767,1111792,1,25,26,completed,2
16039,Rigid,1111766,1111767,1111794,1,27,28,completed,2
16040,Rigid,1111773,1111774,1111784,1,10,11,completed,2
16041,Rigid,1111774,1111774,1111783,0,9,9,completed,2
16042,Rigid,1111774,1111774,1111783,0,9,9,completed,2
16043,Rigid,1111774,1111774,1111783,0,9,9,completed,2
16044,Rigid,1111774,1111775,1111784,1,9,10,completed,2
16045,Rigid,1111774,1111774,1111785,0,11,11,completed,2
16046,Rigid,1111774,1111774,1111805,0,31,31,completed,2
16047,Rigid,1111774,1111774,1111807,0,33,33,completed,2
16048,Rigid,1111774,1111774,1111784,0,10,10,completed,2
16049,Rigid,1111774,1111774,1111784,0,10,10,completed,2
16050,Rigid,1111774,1111774,1111784,0,10,10,completed,2
16051,Rigid,1111774,1111774,1111784,0,10,10,completed,2
16052,Rigid,1111774,1111774,1111784,0,10,10,completed,2
16053,Rigid,1111774,1111774,1111784,0,10,10,completed,2
16054,Rigid,1111774,1111774,1111797,0,23,23,completed,2
16055,Rigid,1111774,1111775,1111798,1,23,24,completed,2
16056,Rigid,1111782,1111783,1111788,1,5,6,completed,2
16057,Rigid,1111783,1111783,1111788,0,5,5,completed,2
16058,Rigid,1111783,1111783,1111788,0,5,5,completed,2
16059,Rigid,1111783,1111783,1111788,0,5,5,completed,2
16060,Rigid,1111783,1111785,1111789,2,4,6,completed,2
16061,Rigid,1111783,1111785,1111789,2,4,6,completed,2
16062,Rigid,1111783,1111785,1111789,2,4,6,completed,2
16063,Rigid,1111783,1111785,1111789,2,4,6,completed,2
16064,Rigid,1111783,1111785,1111789,2,4,6,completed,2
16065,Rigid,1111784,1111785,1111789,1,4,5,completed,2
16066,Rigid,1111784,1111785,1111789,1,4,5,completed,2
16067,Rigid,1111784,1111785,1111789,1,4,5,completed,2
16068,Rigid,1111784,1111785,1111789,1,4,5,completed,2
16069,Rigid,1111784,1111785,1111789,1,4,5,completed,2
16070,Rigid,1111784,1111785,1111789,1,4,5,completed,2
16071,Rigid,1111798,1111799,1111807,1,8,9,completed,2
16072,Rigid,1111798,1111799,1111807,1,8,9,completed,2
16073,Rigid,1111798,1111799,1111807,1,8,9,completed,2
16074,Rigid,1111804,1111804,1111809,0,5,5,completed,2
16075,Rigid,1111804,1111804,1111809,0,5,5,completed,2
16076,Rigid,1111804,1111804,1111809,0,5,5,completed,2
16077,Rigid,1111804,1111806,1111810,2,4,6,completed,2
16078,Rigid,1111804,1111806,1111810,2,4,6,completed,2
16079,Rigid,1111804,1111806,1111810,2,4,6,completed,2
16080,Rigid,1111804,1111806,1111810,2,4,6,completed,2
16081,Rigid,1111804,1111806,1111810,2,4,6,completed,2
16082,Rigid,1111804,1111806,1111810,2,4,6,completed,2
16083,Rigid,1111804,1111806,1111811,2,5,7,completed,2
16084,Rigid,1111804,1111806,1111810,2,4,6,completed,2
16085,Rigid,1111804,1111806,1111810,2,4,6,completed,2
16086,Rigid,1111804,1111806,1111810,2,4,6,completed,2
16087,Rigid,1111805,1111806,1111810,1,4,5,completed,2
16088,Rigid,1111805,1111806,1111810,1,4,5,completed,2
16089,Rigid,1111811,1111811,1111816,0,5,5,completed,2
16090,Rigid,1111811,1111811,1111816,0,5,5,completed,2
16091,Rigid,1111812,1111813,1111817,1,4,5,completed,2
16092,Rigid,1111818,1111819,1111824,1,5,6,completed,2
16093,Rigid,1111822,1111823,1111827,1,4,5,completed,2
16094,Rigid,1111822,1111823,1111827,1,4,5,completed,2
16095,Rigid,1111822,1111823,1111827,1,4,5,completed,2
16096,Rigid,1111822,1111823,1111827,1,4,5,completed,2
16097,Rigid,1111822,1111823,1111827,1,4,5,completed,2
16098,Rigid,1111828,1111829,1111833,1,4,5,completed,2
16099,Rigid,1111829,1111829,1111833,0,4,4,completed,2
16100,Rigid,1111829,1111829,1111833,0,4,4,completed,2
16101,Rigid,1111829,1111829,1111833,0,4,4,completed,2
16102,Rigid,1111829,1111829,1111833,0,4,4,completed,2
16103,Rigid,1111829,1111829,1111833,0,4,4,completed,2
16104,Rigid,1111829,1111829,1111833,0,4,4,completed,2
16105,Rigid,1111829,1111829,1111833,0,4,4,completed,2
16106,Rigid,1111829,1111833,1111838,4,5,9,completed,2
16107,Rigid,1111829,1111833,1111838,4,5,9,completed,2
16108,Rigid,1111829,1111833,1111838,4,5,9,completed,2
16109,Rigid,1111829,1111833,1111838,4,5,9,completed,2
16110,Rigid,1111829,1111833,1111838,4,5,9,completed,2
16111,Rigid,1111829,1111833,1111838,4,5,9,completed,2
16112,Rigid,1111829,1111833,1111838,4,5,9,completed,2
16113,Rigid,1111829,1111833,1111838,4,5,9,completed,2
16114,Rigid,1111829,1111833,1111838,4,5,9,completed,2
16115,Rigid,1111830,1111833,1111838,3,5,8,completed,2
16116,Rigid,1111830,1111833,1111838,3,5,8,completed,2
16117,Rigid,1111830,1111833,1111838,3,5,8,completed,2
16118,Rigid,1111830,1111833,1111838,3,5,8,completed,2
16119,Rigid,1111830,1111833,1111838,3,5,8,completed,2
16120,Rigid,1111830,1111833,1111838,3,5,8,completed,2
16121,Rigid,1111830,1111833,1111838,3,5,8,completed,2
16122,Rigid,1111830,1111833,1111838,3,5,8,completed,2
16123,Rigid,1111830,1111833,1111838,3,5,8,completed,2
16124,Rigid,1111830,1111833,1111838,3,5,8,completed,2
16125,Rigid,1111830,1111833,1111838,3,5,8,completed,2
16126,Rigid,1111830,1111833,1111838,3,5,8,completed,2
16127,Rigid,1111830,1111833,1111838,3,5,8,completed,2
16128,Rigid,1111831,1111833,1111837,2,4,6,completed,2
16129,Rigid,1111831,1111833,1111838,2,5,7,completed,2
16130,Rigid,1111831,1111833,1111837,2,4,6,completed,2
16131,Rigid,1111831,1111833,1111838,2,5,7,completed,2
16132,Rigid,1111831,1111833,1111837,2,4,6,completed,2
16133,Rigid,1111831,1111833,1111837,2,4,6,completed,2
16134,Rigid,1111831,1111833,1111837,2,4,6,completed,2
16135,Rigid,1111831,1111833,1111838,2,5,7,completed,2
16136,Rigid,1111831,1111833,1111837,2,4,6,completed,2
16137,Rigid,1111831,1111833,1111837,2,4,6,completed,2
16138,Rigid,1111831,1111833,1111837,2,4,6,completed,2
16139,Rigid,1111831,1111833,1111838,2,5,7,completed,2
16140,Rigid,1111831,1111833,1111838,2,5,7,completed,2
16141,Rigid,1111838,1111838,1111842,0,4,4,completed,2
16142,Rigid,1111838,1111839,1111842,1,3,4,completed,2
16143,Rigid,1111838,1111839,1111842,1,3,4,completed,2
16144,Rigid,1111838,1111839,1111842,1,3,4,completed,2
16145,Rigid,1111838,1111839,1111842,1,3,4,completed,2
16146,Rigid,1111838,1111839,1111842,1,3,4,completed,2
16147,Rigid,1111838,1111839,1111842,1,3,4,completed,2
16148,Rigid,1111839,1111839,1111842,0,3,3,completed,2
16149,Rigid,1111839,1111839,1111842,0,3,3,completed,2
16150,Rigid,1111839,1111839,1111842,0,3,3,completed,2
16151,Rigid,1111839,1111839,1111844,0,5,5,completed,2
16152,Rigid,1111839,1111839,1111844,0,5,5,completed,2
16153,Rigid,1111839,1111839,1111844,0,5,5,completed,2
16154,Rigid,1111840,1111840,1111844,0,4,4,completed,2
16155,Rigid,1111840,1111840,1111844,0,4,4,completed,2
16156,Rigid,1111840,1111842,1111846,2,4,6,completed,2
16157,Rigid,1111840,1111842,1111846,2,4,6,completed,2
16158,Rigid,1111840,1111842,1111846,2,4,6,completed,2
16159,Rigid,1111840,1111842,1111846,2,4,6,completed,2
16160,Rigid,1111840,1111842,1111846,2,4,6,completed,2
16161,Rigid,1111840,1111842,1111846,2,4,6,completed,2
16162,Rigid,1111840,1111842,1111846,2,4,6,completed,2
16163,Rigid,1111840,1111842,1111846,2,4,6,completed,2
16164,Rigid,1111840,1111842,1111846,2,4,6,completed,2
16165,Rigid,1111840,1111842,1111846,2,4,6,completed,2
16166,Rigid,1111840,1111842,1111846,2,4,6,completed,2
16167,Rigid,1111841,1111842,1111846,1,4,5,completed,2
16168,Rigid,1111841,1111842,1111846,1,4,5,completed,2
16169,Rigid,1111841,1111842,1111846,1,4,5,completed,2
16170,Rigid,1111841,1111842,1111846,1,4,5,completed,2
16171,Rigid,1111844,1111845,1111850,1,5,6,completed,2
16172,Rigid,1111845,1111845,1111850,0,5,5,completed,2
16173,Rigid,1111845,1111845,1111850,0,5,5,completed,2
16174,Rigid,1111845,1111845,1111850,0,5,5,completed,2
16175,Rigid,1111845,1111845,1111850,0,5,5,completed,2
16176,Rigid,1111845,1111845,1111850,0,5,5,completed,2
16177,Rigid,1111848,1111850,1111854,2,4,6,completed,2
16178,Rigid,1111848,1111850,1111854,2,4,6,completed,2
16179,Rigid,1111848,1111850,1111854,2,4,6,completed,2
16180,Rigid,1111848,1111850,1111854,2,4,6,completed,2
16181,Rigid,1111848,1111850,1111854,2,4,6,completed,2
16182,Rigid,1111848,1111850,1111854,2,4,6,completed,2
16183,Rigid,1111848,1111850,1111854,2,4,6,completed,2
16184,Rigid,1111848,1111850,1111854,2,4,6,completed,2
16185,Rigid,1111849,1111850,1111854,1,4,5,completed,2
16186,Rigid,1111849,1111850,1111854,1,4,5,completed,2
16187,Rigid,1111849,1111850,1111854,1,4,5,completed,2
16188,Rigid,1111849,1111850,1111854,1,4,5,completed,2
16189,Rigid,1111853,1111855,1111860,2,5,7,completed,2
16190,Rigid,1111853,1111855,1111860,2,5,7,completed,2
16191,Rigid,1111853,1111855,1111860,2,5,7,completed,2
16192,Rigid,1111853,1111855,1111860,2,5,7,completed,2
16193,Rigid,1111860,1111860,1111864,0,4,4,completed,2
16194,Rigid,1111860,1111860,1111864,0,4,4,completed,2
16195,Rigid,1111860,1111860,1111864,0,4,4,completed,2
16196,Rigid,1111860,1111860,1111864,0,4,4,completed,2
16197,Rigid,1111864,1111864,1111868,0,4,4,completed,2
16198,Rigid,1111864,1111864,1111868,0,4,4,completed,2
16199,Rigid,1111867,1111868,1111872,1,4,5,completed,2
16200,Rigid,1111867,1111868,1111872,1,4,5,completed,2
16201,Rigid,1111876,1111877,1113089,1,1212,1213,completed,36
16202,Rigid,1111906,1111932,1111936,26,4,30,completed,1
16203,Rigid,1111977,1111993,1111996,16,3,19,completed,1
16204,Rigid,1112442,1112443,1112495,1,52,53,completed,2
16205,Rigid,1112442,1112443,1112453,1,10,11,completed,2
16206,Rigid,1112442,1112443,1112453,1,10,11,completed,2
16207,Rigid,1112503,1112504,1112509,1,5,6,completed,2
16208,Rigid,1112503,1112504,1112512,1,8,9,completed,2
16209,Rigid,1112503,1112504,1112512,1,8,9,completed,2
16210,Rigid,1112503,1112504,1112514,1,10,11,completed,2
16211,Rigid,1112503,1112504,1112519,1,15,16,completed,2
16212,Rigid,1112513,1112513,1112520,0,7,7,completed,2
16213,Rigid,1112513,1112513,1112520,0,7,7,completed,2
16214,Rigid,1112523,1112523,1112531,0,8,8,completed,2
16215,Rigid,1112523,1112523,1112542,0,19,19,completed,2
16216,Rigid,1112523,1112527,1112538,4,11,15,completed,2
16217,Rigid,1112523,1112527,1112540,4,13,17,completed,2
16218,Rigid,1112523,1112527,1112537,4,10,14,completed,2
16219,Rigid,1112523,1112527,1112540,4,13,17,completed,2
16220,Rigid,1112524,1112527,1112537,3,10,13,completed,2
16221,Rigid,1112524,1112527,1112538,3,11,14,completed,2
16222,Rigid,1112524,1112527,1112542,3,15,18,completed,2
16223,Rigid,1112524,1112527,1112540,3,13,16,completed,2
16224,Rigid,1112524,1112527,1112538,3,11,14,completed,2
16225,Rigid,1112524,1112527,1112540,3,13,16,completed,2
16226,Rigid,1112524,1112527,1112537,3,10,13,completed,2
16227,Rigid,1112524,1112527,1112538,3,11,14,completed,2
16228,Rigid,1112525,1112527,1112538,2,11,13,completed,2
16229,Rigid,1112525,1112527,1112537,2,10,12,completed,2
16230,Rigid,1112525,1112527,1112539,2,12,14,completed,2
16231,Rigid,1112525,1112527,1112537,2,10,12,completed,2
16232,Rigid,1112525,1112527,1112539,2,12,14,completed,2
16233,Rigid,1112525,1112527,1112537,2,10,12,completed,2
16234,Rigid,1112525,1112527,1112538,2,11,13,completed,2
16235,Rigid,1112525,1112527,1112538,2,11,13,completed,2
16236,Rigid,1112525,1112527,1112539,2,12,14,completed,2
16237,Rigid,1112526,1112527,1112537,1,10,11,completed,2
16238,Rigid,1112526,1112527,1112539,1,12,13,completed,2
16239,Rigid,1112526,1112527,1112538,1,11,12,completed,2
16240,Rigid,1112526,1112527,1112537,1,10,11,completed,2
16241,Rigid,1112526,1112527,1112547,1,20,21,completed,2
16242,Rigid,1112526,1112527,1112537,1,10,11,completed,2
16243,Rigid,1112526,1112527,1112546,1,19,20,completed,2
16244,Rigid,1112533,1112533,1112540,0,7,7,completed,2
16245,Rigid,1112533,1112533,1112549,0,16,16,completed,2
16246,Rigid,1112533,1112533,1112546,0,13,13,completed,2
16247,Rigid,1112546,1112547,1112552,1,5,6,completed,2
16248,Rigid,1112546,1112547,1112561,1,14,15,completed,2
16249,Rigid,1112547,1112547,1112552,0,5,5,completed,2
16250,Rigid,1112547,1112547,1112552,0,5,5,completed,2
16251,Rigid,1112547,1112547,1112552,0,5,5,completed,2
16252,Rigid,1112547,1112548,1112552,1,4,5,completed,2
16253,Rigid,1112547,1112548,1112552,1,4,5,completed,2
16254,Rigid,1112547,1112548,1112552,1,4,5,completed,2
16255,Rigid,1112547,1112548,1112553,1,5,6,completed,2
16256,Rigid,1112547,1112547,1112561,0,14,14,completed,2
16257,Rigid,1112547,1112547,1112561,0,14,14,completed,2
16258,Rigid,1112547,1112547,1112561,0,14,14,completed,2
16259,Rigid,1112547,1112547,1112561,0,14,14,completed,2
16260,Rigid,1112547,1112548,1112561,1,13,14,completed,2
16261,Rigid,1112547,1112548,1112562,1,14,15,completed,2
16262,Rigid,1112548,1112548,1112553,0,5,5,completed,2
16263,Rigid,1112548,1112548,1112553,0,5,5,completed,2
16264,Rigid,1112548,1112548,1112553,0,5,5,completed,2
16265,Rigid,1112548,1112548,1112563,0,15,15,completed,2
16266,Rigid,1112548,1112548,1112563,0,15,15,completed,2
16267,Rigid,1112548,1112548,1112563,0,15,15,completed,2
16268,Rigid,1112548,1112548,1112563,0,15,15,completed,2
16269,Rigid,1112548,1112548,1112563,0,15,15,completed,2
16270,Rigid,1112549,1112550,1112555,1,5,6,completed,2
16271,Rigid,1112549,1112550,1112555,1,5,6,completed,2
16272,Rigid,1112549,1112550,1112555,1,5,6,completed,2
16273,Rigid,1112549,1112550,1112555,1,5,6,completed,2
16274,Rigid,1112549,1112550,1112555,1,5,6,completed,2
16275,Rigid,1112549,1112550,1112555,1,5,6,completed,2
16276,Rigid,1112549,1112550,1112555,1,5,6,completed,2
16277,Rigid,1112549,1112550,1112555,1,5,6,completed,2
16278,Rigid,1112549,1112549,1112563,0,14,14,completed,2
16279,Rigid,1112549,1112550,1112564,1,14,15,completed,2
16280,Rigid,1112549,1112550,1112564,1,14,15,completed,2
16281,Rigid,1112549,1112550,1112565,1,15,16,completed,2
16282,Rigid,1112549,1112550,1112564,1,14,15,completed,2
16283,Rigid,1112549,1112550,1112564,1,14,15,completed,2
16284,Rigid,1112549,1112550,1112564,1,14,15,completed,2
16285,Rigid,1112550,1112550,1112555,0,5,5,completed,2
16286,Rigid,1112550,1112550,1112555,0,5,5,completed,2
16287,Rigid,1112550,1112550,1112555,0,5,5,completed,2
16288,Rigid,1112550,1112550,1112555,0,5,5,completed,2
16289,Rigid,1112550,1112551,1112560,1,9,10,completed,2
16290,Rigid,1112550,1112550,1112565,0,15,15,completed,2
16291,Rigid,1112550,1112550,1112564,0,14,14,completed,2
16292,Rigid,1112550,1112551,1112565,1,14,15,completed,2
16293,Rigid,1112550,1112551,1112565,1,14,15,completed,2
16294,Rigid,1112550,1112551,1112565,1,14,15,completed,2
16295,Rigid,1112551,1112551,1112556,0,5,5,completed,2
16296,Rigid,1112564,1112564,1112572,0,8,8,completed,2
16297,Rigid,1112565,1112565,1112570,0,5,5,completed,2
16298,Rigid,1112565,1112565,1112572,0,7,7,completed,2
16299,Rigid,1112565,1112565,1112570,0,5,5,completed,2
16300,Rigid,1112565,1112565,1112571,0,6,6,completed,2
16301,Rigid,1112565,1112565,1112601,0,36,36,completed,2
16302,Rigid,1112565,1112565,1112601,0,36,36,completed,2
16303,Rigid,1112565,1112565,1112601,0,36,36,completed,2
16304,Rigid,1112565,1112565,1112578,0,13,13,completed,2
16305,Rigid,1112575,1112577,1112582,2,5,7,completed,2
16306,Rigid,1112576,1112577,1112584,1,7,8,completed,2
16307,Rigid,1112576,1112577,1112584,1,7,8,completed,2
16308,Rigid,1112576,1112577,1112583,1,6,7,completed,2
16309,Rigid,1112576,1112577,1112610,1,33,34,completed,2
16310,Rigid,1112576,1112577,1112610,1,33,34,completed,2
16311,Rigid,1112576,1112577,1112610,1,33,34,completed,2
16312,Rigid,1112576,1112577,1112591,1,14,15,completed,2
16313,Rigid,1112577,1112579,1112587,2,8,10,completed,2
16314,Rigid,1112577,1112579,1112587,2,8,10,completed,2
16315,Rigid,1112577,1112579,1112586,2,7,9,completed,2
16316,Rigid,1112577,1112579,1112615,2,36,38,completed,2
16317,Rigid,1112577,1112579,1112615,2,36,38,completed,2
16318,Rigid,1112577,1112579,1112615,2,36,38,completed,2
16319,Rigid,1112577,1112579,1112611,2,32,34,completed,2
16320,Rigid,1112578,1112579,1112586,1,7,8,completed,2
16321,Rigid,1112578,1112579,1112587,1,8,9,completed,2
16322,Rigid,1112578,1112579,1112587,1,8,9,completed,2
16323,Rigid,1112578,1112579,1112587,1,8,9,completed,2
16324,Rigid,1112578,1112579,1112587,1,8,9,completed,2
16325,Rigid,1112578,1112579,1112587,1,8,9,completed,2
16326,Rigid,1112578,1112579,1112586,1,7,8,completed,2
16327,Rigid,1112578,1112579,1112613,1,34,35,completed,2
16328,Rigid,1112578,1112579,1112615,1,36,37,completed,2
16329,Rigid,1112578,1112579,1112612,1,33,34,completed,2
16330,Rigid,1112578,1112579,1112615,1,36,37,completed,2
16331,Rigid,1112578,1112579,1112612,1,33,34,completed,2
16332,Rigid,1112578,1112579,1112615,1,36,37,completed,2
16333,Rigid,1112578,1112579,1112611,1,32,33,completed,2
16334,Rigid,1112579,1112579,1112586,0,7,7,completed,2
16335,Rigid,1112579,1112579,1112586,0,7,7,completed,2
16336,Rigid,1112579,1112581,1112586,2,5,7,completed,2
16337,Rigid,1112579,1112579,1112615,0,36,36,completed,2
16338,Rigid,1112579,1112579,1112613,0,34,34,completed,2
16339,Rigid,1112580,1112581,1112588,1,7,8,completed,2
16340,Rigid,1112580,1112581,1112588,1,7,8,completed,2
16341,Rigid,1112580,1112581,1112586,1,5,6,completed,2
16342,Rigid,1112580,1112581,1112588,1,7,8,completed,2
16343,Rigid,1112580,1112581,1112586,1,5,6,completed,2
16344,Rigid,1112580,1112581,1112586,1,5,6,completed,2
16345,Rigid,1112580,1112581,1112588,1,7,8,completed,2
16346,Rigid,1112580,1112581,1112588,1,7,8,completed,2
16347,Rigid,1112580,1112581,1112588,1,7,8,completed,2
16348,Rigid,1112580,1112581,1112588,1,7,8,completed,2
16349,Rigid,1112580,1112581,1112617,1,36,37,completed,2
16350,Rigid,1112580,1112581,1112614,1,33,34,completed,2
16351,Rigid,1112580,1112581,1112615,1,34,35,completed,2
16352,Rigid,1112580,1112581,1112614,1,33,34,completed,2
16353,Rigid,1112580,1112581,1112615,1,34,35,completed,2
16354,Rigid,1112580,1112581,1112615,1,34,35,completed,2
16355,Rigid,1112580,1112581,1112613,1,32,33,completed,2
16356,Rigid,1112581,1112583,1112591,2,8,10,completed,2
16357,Rigid,1112581,1112583,1112590,2,7,9,completed,2
16358,Rigid,1112581,1112583,1112590,2,7,9,completed,2
16359,Rigid,1112581,1112583,1112591,2,8,10,completed,2
16360,Rigid,1112581,1112583,1112590,2,7,9,completed,2
16361,Rigid,1112581,1112583,1112592,2,9,11,completed,2
16362,Rigid,1112581,1112581,1112617,0,36,36,completed,2
16363,Rigid,1112581,1112583,1112615,2,32,34,completed,2
16364,Rigid,1112581,1112583,1112619,2,36,38,completed,2
16365,Rigid,1112581,1112583,1112615,2,32,34,completed,2
16366,Rigid,1112581,1112583,1112619,2,36,38,completed,2
16367,Rigid,1112581,1112583,1112615,2,32,34,completed,2
16368,Rigid,1112581,1112583,1112615,2,32,34,completed,2
16369,Rigid,1112581,1112583,1112617,2,34,36,completed,2
16370,Rigid,1112582,1112583,1112590,1,7,8,completed,2
16371,Rigid,1112582,1112583,1112590,1,7,8,completed,2
16372,Rigid,1112582,1112583,1112592,1,9,10,completed,2
16373,Rigid,1112582,1112584,1112590,2,6,8,completed,2
16374,Rigid,1112582,1112584,1112590,2,6,8,completed,2
16375,Rigid,1112582,1112583,1112616,1,33,34,completed,2
16376,Rigid,1112582,1112583,1112617,1,34,35,completed,2
16377,Rigid,1112582,1112583,1112615,1,32,33,completed,2
16378,Rigid,1112582,1112583,1112616,1,33,34,completed,2
16379,Rigid,1112583,1112584,1112591,1,7,8,completed,2
16380,Rigid,1112583,1112584,1112591,1,7,8,completed,2
16381,Rigid,1112583,1112584,1112590,1,6,7,completed,2
16382,Rigid,1112583,1112584,1112590,1,6,7,completed,2
16383,Rigid,1112583,1112584,1112591,1,7,8,completed,2
16384,Rigid,1112583,1112584,1112591,1,7,8,completed,2
16385,Rigid,1112583,1112584,1112591,1,7,8,completed,2
16386,Rigid,1112583,1112584,1112591,1,7,8,completed,2
16387,Rigid,1112583,1112584,1112591,1,7,8,completed,2
16388,Rigid,1112583,1112584,1112616,1,32,33,completed,2
16389,Rigid,1112583,1112584,1112616,1,32,33,completed,2
16390,Rigid,1112583,1112584,1112615,1,31,32,completed,2
16391,Rigid,1112583,1112584,1112615,1,31,32,completed,2
16392,Rigid,1112583,1112584,1112619,1,35,36,completed,2
16393,Rigid,1112583,1112584,1112615,1,31,32,completed,2
16394,Rigid,1112584,1112584,1112590,0,6,6,completed,2
16395,Rigid,1112584,1112585,1112592,1,7,8,completed,2
16396,Rigid,1112584,1112585,1112591,1,6,7,completed,2
16397,Rigid,1112584,1112585,1112591,1,6,7,completed,2
16398,Rigid,1112584,1112584,1112617,0,33,33,completed,2
16399,Rigid,1112584,1112585,1112619,1,34,35,completed,2
16400,Rigid,1112584,1112585,1112618,1,33,34,completed,2
16401,Rigid,1112584,1112585,1112619,1,34,35,completed,2
16402,Rigid,1112584,1112585,1112615,1,30,31,completed,2
16403,Rigid,1112584,1112585,1112617,1,32,33,completed,2
16404,Rigid,1112584,1112585,1112619,1,34,35,completed,2
16405,Rigid,1112585,1112585,1112592,0,7,7,completed,2
16406,Rigid,1112585,1112585,1112592,0,7,7,completed,2
16407,Rigid,1112585,1112585,1112592,0,7,7,completed,2
16408,Rigid,1112585,1112585,1112591,0,6,6,completed,2
16409,Rigid,1112585,1112585,1112592,0,7,7,completed,2
16410,Rigid,1112585,1112585,1112592,0,7,7,completed,2
16411,Rigid,1112585,1112585,1112616,0,31,31,completed,2
16412,Rigid,1112585,1112585,1112618,0,33,33,completed,2
16413,Rigid,1112585,1112585,1112616,0,31,31,completed,2
16414,Rigid,1112585,1112585,1112618,0,33,33,completed,2
16415,Rigid,1112585,1112585,1112616,0,31,31,completed,2
16416,Rigid,1112585,1112585,1112620,0,35,35,completed,2
16417,Rigid,1112585,1112585,1112617,0,32,32,completed,2
16418,Rigid,1112586,1112587,1112593,1,6,7,completed,2
16419,Rigid,1112586,1112587,1112593,1,6,7,completed,2
16420,Rigid,1112586,1112587,1112594,1,7,8,completed,2
16421,Rigid,1112586,1112587,1112595,1,8,9,completed,2
16422,Rigid,1112586,1112587,1112593,1,6,7,completed,2
16423,Rigid,1112586,1112587,1112594,1,7,8,completed,2
16424,Rigid,1112586,1112587,1112595,1,8,9,completed,2
16425,Rigid,1112586,1112587,1112593,1,6,7,completed,2
16426,Rigid,1112586,1112587,1112621,1,34,35,completed,2
16427,Rigid,1112586,1112587,1112618,1,31,32,completed,2
16428,Rigid,1112586,1112587,1112621,1,34,35,completed,2
16429,Rigid,1112586,1112587,1112621,1,34,35,completed,2
16430,Rigid,1112586,1112587,1112621,1,34,35,completed,2
16431,Rigid,1112586,1112587,1112620,1,33,34,completed,2
16432,Rigid,1112586,1112587,1112621,1,34,35,completed,2
16433,Rigid,1112587,1112587,1112593,0,6,6,completed,2
16434,Rigid,1112587,1112587,1112594,0,7,7,completed,2
16435,Rigid,1112587,1112588,1112595,1,7,8,completed,2
16436,Rigid,1112587,1112588,1112595,1,7,8,completed,2
16437,Rigid,1112587,1112587,1112620,0,33,33,completed,2
16438,Rigid,1112587,1112587,1112623,0,36,36,completed,2
16439,Rigid,1112587,1112588,1112620,1,32,33,completed,2
16440,Rigid,1112587,1112588,1112621,1,33,34,completed,2
16441,Rigid,1112587,1112588,1112620,1,32,33,completed,2
16442,Rigid,1112588,1112588,1112594,0,6,6,completed,2
16443,Rigid,1112588,1112588,1112620,0,32,32,completed,2
16444,Rigid,1112588,1112588,1112621,0,33,33,completed,2
16445,Rigid,1112589,1112589,1112595,0,6,6,completed,2
16446,Rigid,1112590,1112591,1112597,1,6,7,completed,2
16447,Rigid,1112590,1112591,1112597,1,6,7,completed,2
16448,Rigid,1112592,1112592,1112597,0,5,5,completed,2
16449,Rigid,1112593,1112593,1112601,0,8,8,completed,2
16450,Rigid,1112593,1112593,1112601,0,8,8,completed,2
16451,Rigid,1112593,1112593,1112601,0,8,8,completed,2
16452,Rigid,1112595,1112595,1112601,0,6,6,completed,2
16453,Rigid,1112595,1112595,1112601,0,6,6,completed,2
16454,Rigid,1112595,1112595,1112601,0,6,6,completed,2
16455,Rigid,1112596,1112596,1112602,0,6,6,completed,2
16456,Rigid,1112596,1112596,1112602,0,6,6,completed,2
16457,Rigid,1112596,1112596,1112602,0,6,6,completed,2
16458,Rigid,1112596,1112596,1112602,0,6,6,completed,2
16459,Rigid,1112597,1112597,1112602,0,5,5,completed,2
16460,Rigid,1112597,1112598,1112603,1,5,6,completed,2
16461,Rigid,1112598,1112598,1112604,0,6,6,completed,2
16462,Rigid,1112600,1112601,1112606,1,5,6,completed,2
16463,Rigid,1112600,1112601,1112606,1,5,6,completed,2
16464,Rigid,1112601,1112601,1112606,0,5,5,completed,2
16465,Rigid,1112601,1112602,1112608,1,6,7,completed,2
16466,Rigid,1112602,1112602,1112608,0,6,6,completed,2
16467,Rigid,1112602,1112602,1112608,0,6,6,completed,2
16468,Rigid,1112625,1112625,1112633,0,8,8,completed,2
16469,Rigid,1112635,1112637,1112650,2,13,15,completed,2
16470,Rigid,1112686,1112701,1112705,15,4,19,completed,1
16471,Rigid,1112686,1112732,1112736,46,4,50,completed,1
16472,Rigid,1112749,1112749,1112755,0,6,6,completed,2
16473,Rigid,1112749,1112749,1112755,0,6,6,completed,2
16474,Rigid,1112749,1112749,1112755,0,6,6,completed,2
16475,Rigid,1112749,1112749,1112755,0,6,6,completed,2
16476,Rigid,1112749,1112749,1112755,0,6,6,completed,2
16477,Rigid,1112749,1112749,1112755,0,6,6,completed,2
16478,Rigid,1112749,1112749,1112755,0,6,6,completed,2
16479,Rigid,1112749,1112749,1112755,0,6,6,completed,2
16480,Rigid,1112749,1112749,1112755,0,6,6,completed,2
16481,Rigid,1112749,1112749,1112755,0,6,6,completed,2
16482,Rigid,1112749,1112749,1112755,0,6,6,completed,2
16483,Rigid,1112749,1112749,1112755,0,6,6,completed,2
16484,Rigid,1112749,1112749,1112755,0,6,6,completed,2
16485,Rigid,1112750,1112753,1112759,3,6,9,completed,2
16486,Rigid,1112750,1112753,1112759,3,6,9,completed,2
16487,Rigid,1112750,1112753,1112759,3,6,9,completed,2
16488,Rigid,1112750,1112753,1112759,3,6,9,completed,2
16489,Rigid,1112750,1112753,1112759,3,6,9,completed,2
16490,Rigid,1112750,1112753,1112759,3,6,9,completed,2
16491,Rigid,1112750,1112753,1112759,3,6,9,completed,2
16492,Rigid,1112750,1112753,1112759,3,6,9,completed,2
16493,Rigid,1112750,1112753,1112759,3,6,9,completed,2
16494,Rigid,1112750,1112753,1112759,3,6,9,completed,2
16495,Rigid,1112750,1112753,1112759,3,6,9,completed,2
16496,Rigid,1112750,1112753,1112759,3,6,9,completed,2
16497,Rigid,1112750,1112753,1112759,3,6,9,completed,2
16498,Rigid,1112750,1112753,1112759,3,6,9,completed,2
16499,Rigid,1112750,1112753,1112759,3,6,9,completed,2
16500,Rigid,1112750,1112753,1112759,3,6,9,completed,2
16501,Rigid,1112750,1112753,1112759,3,6,9,completed,2
16502,Rigid,1112750,1112753,1112759,3,6,9,completed,2
16503,Rigid,1112750,1112753,1112759,3,6,9,completed,2
16504,Rigid,1112751,1112753,1112759,2,6,8,completed,2
16505,Rigid,1112751,1112753,1112759,2,6,8,completed,2
16506,Rigid,1112751,1112753,1112759,2,6,8,completed,2
16507,Rigid,1112751,1112753,1112759,2,6,8,completed,2
16508,Rigid,1112751,1112753,1112759,2,6,8,completed,2
16509,Rigid,1112751,1112753,1112759,2,6,8,completed,2
16510,Rigid,1112751,1112753,1112759,2,6,8,completed,2
16511,Rigid,1112751,1112753,1112759,2,6,8,completed,2
16512,Rigid,1112751,1112753,1112759,2,6,8,completed,2
16513,Rigid,1112751,1112753,1112759,2,6,8,completed,2
16514,Rigid,1112751,1112753,1112759,2,6,8,completed,2
16515,Rigid,1112751,1112753,1112759,2,6,8,completed,2
16516,Rigid,1112751,1112753,1112759,2,6,8,completed,2
16517,Rigid,1112751,1112753,1112759,2,6,8,completed,2
16518,Rigid,1112751,1112753,1112759,2,6,8,completed,2
16519,Rigid,1112751,1112753,1112759,2,6,8,completed,2
16520,Rigid,1112751,1112753,1112759,2,6,8,completed,2
16521,Rigid,1112751,1112753,1112759,2,6,8,completed,2
16522,Rigid,1112751,1112753,1112759,2,6,8,completed,2
16523,Rigid,1112751,1112753,1112759,2,6,8,completed,2
16524,Rigid,1112751,1112753,1112759,2,6,8,completed,2
16525,Rigid,1112752,1112753,1112759,1,6,7,completed,2
16526,Rigid,1112752,1112753,1112759,1,6,7,completed,2
16527,Rigid,1112752,1112753,1112759,1,6,7,completed,2
16528,Rigid,1112752,1112753,1112759,1,6,7,completed,2
16529,Rigid,1112752,1112753,1112759,1,6,7,completed,2
16530,Rigid,1112752,1112753,1112759,1,6,7,completed,2
16531,Rigid,1112752,1112753,1112759,1,6,7,completed,2
16532,Rigid,1112752,1112753,1112759,1,6,7,completed,2
16533,Rigid,1112752,1112753,1112759,1,6,7,completed,2
16534,Rigid,1112752,1112753,1112759,1,6,7,completed,2
16535,Rigid,1112752,1112753,1112759,1,6,7,completed,2
16536,Rigid,1112752,1112753,1112759,1,6,7,completed,2
16537,Rigid,1112752,1112753,1112759,1,6,7,completed,2
16538,Rigid,1112752,1112753,1112759,1,6,7,completed,2
16539,Rigid,1112752,1112753,1112759,1,6,7,completed,2
16540,Rigid,1112752,1112753,1112759,1,6,7,completed,2
16541,Rigid,1112752,1112753,1112759,1,6,7,completed,2
16542,Rigid,1112752,1112753,1112759,1,6,7,completed,2
16543,Rigid,1112752,1112753,1112759,1,6,7,completed,2
16544,Rigid,1112752,1112754,1112759,2,5,7,completed,2
16545,Rigid,1112752,1112753,1112785,1,32,33,completed,2
16546,Rigid,1112752,1112754,1112789,2,35,37,completed,2
16547,Rigid,1112753,1112754,1112759,1,5,6,completed,2
16548,Rigid,1112753,1112754,1112759,1,5,6,completed,2
16549,Rigid,1112753,1112754,1112759,1,5,6,completed,2
16550,Rigid,1112753,1112754,1112759,1,5,6,completed,2
16551,Rigid,1112753,1112754,1112759,1,5,6,completed,2
16552,Rigid,1112753,1112754,1112759,1,5,6,completed,2
16553,Rigid,1112753,1112754,1112759,1,5,6,completed,2
16554,Rigid,1112753,1112754,1112759,1,5,6,completed,2
16555,Rigid,1112753,1112754,1112759,1,5,6,completed,2
16556,Rigid,1112753,1112754,1112759,1,5,6,completed,2
16557,Rigid,1112753,1112754,1112759,1,5,6,completed,2
16558,Rigid,1112753,1112754,1112759,1,5,6,completed,2
16559,Rigid,1112753,1112754,1112759,1,5,6,completed,2
16560,Rigid,1112753,1112754,1112759,1,5,6,completed,2
16561,Rigid,1112753,1112754,1112798,1,44,45,completed,2
16562,Rigid,1112753,1112754,1112789,1,35,36,completed,2
16563,Rigid,1112753,1112754,1112776,1,22,23,completed,2
16564,Rigid,1112753,1112754,1112785,1,31,32,completed,2
16565,Rigid,1112753,1112754,1112796,1,42,43,completed,2
16566,Rigid,1112754,1112756,1112761,2,5,7,completed,2
16567,Rigid,1112754,1112756,1112761,2,5,7,completed,2
16568,Rigid,1112754,1112756,1112761,2,5,7,completed,2
16569,Rigid,1112754,1112756,1112761,2,5,7,completed,2
16570,Rigid,1112754,1112756,1112761,2,5,7,completed,2
16571,Rigid,1112754,1112756,1112763,2,7,9,completed,2
16572,Rigid,1112754,1112756,1112800,2,44,46,completed,2
16573,Rigid,1112754,1112756,1112801,2,45,47,completed,2
16574,Rigid,1112755,1112756,1112761,1,5,6,completed,2
16575,Rigid,1112755,1112756,1112761,1,5,6,completed,2
16576,Rigid,1112755,1112756,1112761,1,5,6,completed,2
16577,Rigid,1112755,1112756,1112761,1,5,6,completed,2
16578,Rigid,1112755,1112756,1112761,1,5,6,completed,2
16579,Rigid,1112755,1112756,1112761,1,5,6,completed,2
16580,Rigid,1112755,1112756,1112761,1,5,6,completed,2
16581,Rigid,1112755,1112756,1112761,1,5,6,completed,2
16582,Rigid,1112755,1112756,1112761,1,5,6,completed,2
16583,Rigid,1112755,1112756,1112761,1,5,6,completed,2
16584,Rigid,1112755,1112756,1112761,1,5,6,completed,2
16585,Rigid,1112755,1112756,1112761,1,5,6,completed,2
16586,Rigid,1112755,1112756,1112761,1,5,6,completed,2
16587,Rigid,1112755,1112756,1112811,1,55,56,completed,2
16588,Rigid,1112755,1112756,1112797,1,41,42,completed,2
16589,Rigid,1112755,1112756,1112798,1,42,43,completed,2
16590,Rigid,1112755,1112756,1112801,1,45,46,completed,2
16591,Rigid,1112755,1112756,1112806,1,50,51,completed,2
16592,Rigid,1112755,1112756,1112808,1,52,53,completed,2
16593,Rigid,1112756,1112756,1112761,0,5,5,completed,2
16594,Rigid,1112756,1112756,1112761,0,5,5,completed,2
16595,Rigid,1112756,1112756,1112761,0,5,5,completed,2
16596,Rigid,1112756,1112756,1112761,0,5,5,completed,2
16597,Rigid,1112756,1112756,1112761,0,5,5,completed,2
16598,Rigid,1112756,1112756,1112761,0,5,5,completed,2
16599,Rigid,1112756,1112756,1112798,0,42,42,completed,2
16600,Rigid,1112756,1112756,1112802,0,46,46,completed,2
16601,Rigid,1112756,1112756,1112797,0,41,41,completed,2
16602,Rigid,1112757,1112757,1112761,0,4,4,completed,2
16603,Rigid,1112757,1112757,1112787,0,30,30,completed,2
16604,Rigid,1112757,1112759,1112776,2,17,19,completed,2
16605,Rigid,1112757,1112759,1112775,2,16,18,completed,2
16606,Rigid,1112757,1112759,1112775,2,16,18,completed,2
16607,Rigid,1112757,1112759,1112775,2,16,18,completed,2
16608,Rigid,1112757,1112759,1112776,2,17,19,completed,2
16609,Rigid,1112757,1112759,1112801,2,42,44,completed,2
16610,Rigid,1112757,1112759,1112805,2,46,48,completed,2
16611,Rigid,1112757,1112759,1112775,2,16,18,completed,2
16612,Rigid,1112757,1112759,1112776,2,17,19,completed,2
16613,Rigid,1112757,1112759,1112775,2,16,18,completed,2
16614,Rigid,1112757,1112759,1112775,2,16,18,completed,2
16615,Rigid,1112757,1112759,1112811,2,52,54,completed,2
16616,Rigid,1112757,1112759,1112809,2,50,52,completed,2
16617,Rigid,1112758,1112759,1112775,1,16,17,completed,2
16618,Rigid,1112758,1112759,1112775,1,16,17,completed,2
16619,Rigid,1112758,1112759,1112776,1,17,18,completed,2
16620,Rigid,1112758,1112759,1112775,1,16,17,completed,2
16621,Rigid,1112758,1112759,1112813,1,54,55,completed,2
16622,Rigid,1112758,1112759,1112815,1,56,57,completed,2
16623,Rigid,1112758,1112759,1112775,1,16,17,completed,2
16624,Rigid,1112758,1112759,1112777,1,18,19,completed,2
16625,Rigid,1112758,1112759,1112775,1,16,17,completed,2
16626,Rigid,1112758,1112759,1112778,1,19,20,completed,2
16627,Rigid,1112758,1112759,1112777,1,18,19,completed,2
16628,Rigid,1112758,1112759,1112819,1,60,61,completed,2
16629,Rigid,1112758,1112759,1112813,1,54,55,completed,2
16630,Rigid,1112758,1112759,1112775,1,16,17,completed,2
16631,Rigid,1112758,1112759,1112775,1,16,17,completed,2
16632,Rigid,1112758,1112759,1112775,1,16,17,completed,2
16633,Rigid,1112758,1112759,1112775,1,16,17,completed,2
16634,Rigid,1112758,1112759,1112808,1,49,50,completed,2
16635,Rigid,1112758,1112759,1112820,1,61,62,completed,2
16636,Rigid,1112758,1112759,1112776,1,17,18,completed,2
16637,Rigid,1112758,1112759,1112775,1,16,17,completed,2
16638,Rigid,1112759,1112759,1112815,0,56,56,completed,2
16639,Rigid,1112759,1112759,1112814,0,55,55,completed,2
16640,Rigid,1112759,1112759,1112775,0,16,16,completed,2
16641,Rigid,1112759,1112759,1112776,0,17,17,completed,2
16642,Rigid,1112759,1112759,1112775,0,16,16,completed,2
16643,Rigid,1112759,1112759,1112775,0,16,16,completed,2
16644,Rigid,1112759,1112759,1112777,0,18,18,completed,2
16645,Rigid,1112759,1112759,1112775,0,16,16,completed,2
16646,Rigid,1112759,1112759,1112790,0,31,31,completed,2
16647,Rigid,1112759,1112759,1112776,0,17,17,completed,2
16648,Rigid,1112759,1112760,1112777,1,17,18,completed,2
16649,Rigid,1112759,1112760,1112777,1,17,18,completed,2
16650,Rigid,1112760,1112760,1112775,0,15,15,completed,2
16651,Rigid,1112760,1112760,1112776,0,16,16,completed,2
16652,Rigid,1112760,1112760,1112791,0,31,31,completed,2
16653,Rigid,1112760,1112760,1112775,0,15,15,completed,2
16654,Rigid,1112760,1112760,1112776,0,16,16,completed,2
16655,Rigid,1112761,1112761,1112792,0,31,31,completed,2
16656,Rigid,1112761,1112761,1112775,0,14,14,completed,2
16657,Rigid,1112761,1112761,1112776,0,15,15,completed,2
16658,Rigid,1112761,1112761,1112775,0,14,14,completed,2
16659,Rigid,1112761,1112761,1112775,0,14,14,completed,2
16660,Rigid,1112761,1112761,1112775,0,14,14,completed,2
16661,Rigid,1112761,1112761,1112775,0,14,14,completed,2
16662,Rigid,1112761,1112761,1112797,0,36,36,completed,2
16663,Rigid,1112761,1112761,1112776,0,15,15,completed,2
16664,Rigid,1112761,1112761,1112776,0,15,15,completed,2
16665,Rigid,1112761,1112762,1112775,1,13,14,completed,2
16666,Rigid,1112761,1112762,1112775,1,13,14,completed,2
16667,Rigid,1112761,1112762,1112775,1,13,14,completed,2
16668,Rigid,1112761,1112762,1112805,1,43,44,completed,2
16669,Rigid,1112762,1112762,1112775,0,13,13,completed,2
16670,Rigid,1112762,1112762,1112775,0,13,13,completed,2
16671,Rigid,1112762,1112762,1112776,0,14,14,completed,2
16672,Rigid,1112762,1112762,1112775,0,13,13,completed,2
16673,Rigid,1112763,1112763,1112775,0,12,12,completed,2
16674,Rigid,1112763,1112764,1112775,1,11,12,completed,2
16675,Rigid,1112763,1112764,1112775,1,11,12,completed,2
16676,Rigid,1112763,1112764,1112775,1,11,12,completed,2
16677,Rigid,1112763,1112764,1112775,1,11,12,completed,2
16678,Rigid,1112764,1112764,1112775,0,11,11,completed,2
16679,Rigid,1112764,1112764,1112775,0,11,11,completed,2
16680,Rigid,1112764,1112764,1112775,0,11,11,completed,2
16681,Rigid,1112764,1112764,1112777,0,13,13,completed,2
16682,Rigid,1112764,1112764,1112775,0,11,11,completed,2
16683,Rigid,1112764,1112764,1112777,0,13,13,completed,2
16684,Rigid,1112764,1112764,1112775,0,11,11,completed,2
16685,Rigid,1112764,1112764,1112775,0,11,11,completed,2
16686,Rigid,1112764,1112764,1112776,0,12,12,completed,2
16687,Rigid,1112764,1112764,1112777,0,13,13,completed,2
16688,Rigid,1112764,1112765,1112775,1,10,11,completed,2
16689,Rigid,1112764,1112765,1112775,1,10,11,completed,2
16690,Rigid,1112765,1112765,1112777,0,12,12,completed,2
16691,Rigid,1112765,1112765,1112777,0,12,12,completed,2
16692,Rigid,1112765,1112765,1112775,0,10,10,completed,2
16693,Rigid,1112765,1112765,1112777,0,12,12,completed,2
16694,Rigid,1112765,1112765,1112775,0,10,10,completed,2
16695,Rigid,1112765,1112765,1112777,0,12,12,completed,2
16696,Rigid,1112765,1112765,1112775,0,10,10,completed,2
16697,Rigid,1112765,1112765,1112775,0,10,10,completed,2
16698,Rigid,1112765,1112765,1112775,0,10,10,completed,2
16699,Rigid,1112765,1112765,1112775,0,10,10,completed,2
16700,Rigid,1112765,1112765,1112775,0,10,10,completed,2
16701,Rigid,1112765,1112765,1112775,0,10,10,completed,2
16702,Rigid,1112765,1112765,1112775,0,10,10,completed,2
16703,Rigid,1112765,1112769,1112798,4,29,33,completed,2
16704,Rigid,1112765,1112769,1112796,4,27,31,completed,2
16705,Rigid,1112765,1112769,1112796,4,27,31,completed,2
16706,Rigid,1112766,1112769,1112796,3,27,30,completed,2
16707,Rigid,1112766,1112769,1112796,3,27,30,completed,2
16708,Rigid,1112766,1112769,1112796,3,27,30,completed,2
16709,Rigid,1112766,1112769,1112796,3,27,30,completed,2
16710,Rigid,1112766,1112769,1112796,3,27,30,completed,2
16711,Rigid,1112766,1112769,1112796,3,27,30,completed,2
16712,Rigid,1112766,1112769,1112796,3,27,30,completed,2
16713,Rigid,1112767,1112769,1112797,2,28,30,completed,2
16714,Rigid,1112767,1112769,1112796,2,27,29,completed,2
16715,Rigid,1112767,1112769,1112796,2,27,29,completed,2
16716,Rigid,1112767,1112769,1112796,2,27,29,completed,2
16717,Rigid,1112767,1112769,1112796,2,27,29,completed,2
16718,Rigid,1112767,1112769,1112796,2,27,29,completed,2
16719,Rigid,1112767,1112769,1112796,2,27,29,completed,2
16720,Rigid,1112767,1112769,1112796,2,27,29,completed,2
16721,Rigid,1112767,1112769,1112797,2,28,30,completed,2
16722,Rigid,1112767,1112769,1112796,2,27,29,completed,2
16723,Rigid,1112767,1112769,1112796,2,27,29,completed,2
16724,Rigid,1112768,1112769,1112796,1,27,28,completed,2
16725,Rigid,1112768,1112769,1112796,1,27,28,completed,2
16726,Rigid,1112774,1112793,1112798,19,5,24,completed,1
16727,Rigid,1112774,1112820,1112823,46,3,49,completed,1
16728,Rigid,1112839,1112840,1112843,1,3,4,completed,1
16729,Rigid,1112839,1112854,1112858,15,4,19,completed,1
16730,Rigid,1113364,1113365,1113369,1,4,5,completed,72
16731,Rigid,1113416,1113418,1113420,2,2,4,completed,72
16732,Rigid,1113462,1113463,1113465,1,2,3,completed,72
16733,Rigid,1113589,1113590,1114819,1,1229,1230,completed,36
16734,Rigid,1113826,1113827,1113830,1,3,4,completed,72
16735,Rigid,1113865,1113866,1114048,1,182,183,completed,1
16736,Rigid,1113865,1113866,1114050,1,184,185,completed,1
16737,Rigid,1113866,1113866,1120324,0,6458,6458,completed,1
16738,Rigid,1113920,1113921,1113924,1,3,4,completed,72
16739,Rigid,1113972,1113972,1113974,0,2,2,completed,72
16740,Rigid,1114011,1114011,1114014,0,3,3,completed,72
16741,Rigid,1114013,1128208,1209822,14195,81614,95809,completed,36
16742,Rigid,1114013,1128208,1247764,14195,119556,133751,completed,36
16743,Rigid,1114013,1128300,1163584,14287,35284,49571,completed,36
16744,Rigid,1114056,1114056,1114111,0,55,55,completed,3
16745,Rigid,1114116,1114116,1114121,0,5,5,completed,1
16746,Rigid,1114206,1114206,1114214,0,8,8,completed,2
16747,Rigid,1114212,1114213,1114217,1,4,5,completed,2
16748,Rigid,1114212,1114213,1114217,1,4,5,completed,2
16749,Rigid,1114212,1114213,1114217,1,4,5,completed,2
16750,Rigid,1114212,1114213,1114217,1,4,5,completed,2
16751,Rigid,1114212,1114213,1114312,1,99,100,completed,2
16752,Rigid,1114213,1114213,1114217,0,4,4,completed,2
16753,Rigid,1114213,1114215,1114219,2,4,6,completed,2
16754,Rigid,1114213,1114215,1114219,2,4,6,completed,2
16755,Rigid,1114213,1114215,1114219,2,4,6,completed,2
16756,Rigid,1114213,1114215,1114219,2,4,6,completed,2
16757,Rigid,1114213,1114215,1114219,2,4,6,completed,2
16758,Rigid,1114213,1114215,1114219,2,4,6,completed,2
16759,Rigid,1114213,1114215,1114219,2,4,6,completed,2
16760,Rigid,1114213,1114215,1114219,2,4,6,completed,2
16761,Rigid,1114213,1114215,1114219,2,4,6,completed,2
16762,Rigid,1114214,1114215,1114219,1,4,5,completed,2
16763,Rigid,1114214,1114215,1114219,1,4,5,completed,2
16764,Rigid,1114218,1114218,1114222,0,4,4,completed,2
16765,Rigid,1114218,1114218,1114222,0,4,4,completed,2
16766,Rigid,1114222,1114223,1114228,1,5,6,completed,2
16767,Rigid,1114222,1114223,1114229,1,6,7,completed,2
16768,Rigid,1114222,1114223,1114228,1,5,6,completed,2
16769,Rigid,1114222,1114223,1114228,1,5,6,completed,2
16770,Rigid,1114222,1114223,1114228,1,5,6,completed,2
16771,Rigid,1114222,1114223,1114228,1,5,6,completed,2
16772,Rigid,1114222,1114223,1114228,1,5,6,completed,2
16773,Rigid,1114223,1114223,1114228,0,5,5,completed,2
16774,Rigid,1114223,1114223,1114228,0,5,5,completed,2
16775,Rigid,1114223,1114223,1114228,0,5,5,completed,2
16776,Rigid,1114223,1114223,1114228,0,5,5,completed,2
16777,Rigid,1114223,1114223,1114228,0,5,5,completed,2
16778,Rigid,1114223,1114223,1114228,0,5,5,completed,2
16779,Rigid,1114230,1114230,1114234,0,4,4,completed,2
16780,Rigid,1114230,1114230,1114234,0,4,4,completed,2
16781,Rigid,1114230,1114231,1114235,1,4,5,completed,2
16782,Rigid,1114230,1114231,1114235,1,4,5,completed,2
16783,Rigid,1114230,1114231,1114235,1,4,5,completed,2
16784,Rigid,1114230,1114231,1114264,1,33,34,completed,6
16785,Rigid,1114230,1114231,1114264,1,33,34,completed,6
16786,Rigid,1114230,1114231,1114269,1,38,39,completed,6
16787,Rigid,1114230,1114231,1114272,1,41,42,completed,6
16788,Rigid,1114230,1114231,1114264,1,33,34,completed,6
16789,Rigid,1114230,1114231,1114264,1,33,34,completed,6
16790,Rigid,1114230,1114231,1114269,1,38,39,completed,6
16791,Rigid,1114231,1114231,1114278,0,47,47,completed,6
16792,Rigid,1114231,1114234,1114288,3,54,57,completed,6
16793,Rigid,1114231,1114234,1114284,3,50,53,completed,6
16794,Rigid,1114231,1114234,1114278,3,44,47,completed,6
16795,Rigid,1114231,1114234,1114237,3,3,6,completed,72
16796,Rigid,1114231,1114234,1114279,3,45,48,completed,6
16797,Rigid,1114231,1114234,1114284,3,50,53,completed,6
16798,Rigid,1114231,1114234,1114279,3,45,48,completed,6
16799,Rigid,1114231,1114234,1114279,3,45,48,completed,6
16800,Rigid,1114231,1114234,1114284,3,50,53,completed,6
16801,Rigid,1114231,1114234,1114279,3,45,48,completed,6
16802,Rigid,1114232,1114234,1114241,2,7,9,completed,2
16803,Rigid,1114232,1114234,1114241,2,7,9,completed,2
16804,Rigid,1114232,1114234,1114241,2,7,9,completed,2
16805,Rigid,1114232,1114234,1114287,2,53,55,completed,6
16806,Rigid,1114232,1114234,1114285,2,51,53,completed,6
16807,Rigid,1114232,1114234,1114264,2,30,32,completed,6
16808,Rigid,1114233,1114234,1114241,1,7,8,completed,2
16809,Rigid,1114233,1114234,1114241,1,7,8,completed,2
16810,Rigid,1114233,1114234,1114241,1,7,8,completed,2
16811,Rigid,1114233,1114234,1114241,1,7,8,completed,2
16812,Rigid,1114233,1114234,1114241,1,7,8,completed,2
16813,Rigid,1114233,1114234,1114241,1,7,8,completed,2
16814,Rigid,1114233,1114234,1114241,1,7,8,completed,2
16815,Rigid,1114233,1114234,1114241,1,7,8,completed,2
16816,Rigid,1114233,1114234,1114264,1,30,31,completed,6
16817,Rigid,1114233,1114234,1114272,1,38,39,completed,6
16818,Rigid,1114233,1114234,1114264,1,30,31,completed,6
16819,Rigid,1114234,1114234,1114241,0,7,7,completed,2
16820,Rigid,1114234,1114234,1114241,0,7,7,completed,2
16821,Rigid,1114234,1114234,1114264,0,30,30,completed,6
16822,Rigid,1114234,1114235,1114269,1,34,35,completed,2
16823,Rigid,1114234,1114235,1114269,1,34,35,completed,2
16824,Rigid,1114234,1114235,1114269,1,34,35,completed,2
16825,Rigid,1114234,1114235,1114269,1,34,35,completed,2
16826,Rigid,1114234,1114235,1114269,1,34,35,completed,2
16827,Rigid,1114234,1114235,1114269,1,34,35,completed,2
16828,Rigid,1114234,1114235,1114269,1,34,35,completed,2
16829,Rigid,1114234,1114235,1114284,1,49,50,completed,6
16830,Rigid,1114234,1114235,1114289,1,54,55,completed,6
16831,Rigid,1114235,1114235,1114297,0,62,62,completed,6
16832,Rigid,1114235,1114235,1114269,0,34,34,completed,2
16833,Rigid,1114235,1114235,1114269,0,34,34,completed,2
16834,Rigid,1114235,1114235,1114269,0,34,34,completed,2
16835,Rigid,1114235,1114235,1114294,0,59,59,completed,6
16836,Rigid,1114235,1114235,1114287,0,52,52,completed,6
16837,Rigid,1114235,1114235,1114294,0,59,59,completed,6
16838,Rigid,1114235,1114235,1114289,0,54,54,completed,6
16839,Rigid,1114235,1114235,1114269,0,34,34,completed,2
16840,Rigid,1114241,1114242,1114303,1,61,62,completed,6
16841,Rigid,1114241,1114242,1114306,1,64,65,completed,6
16842,Rigid,1114241,1114242,1114300,1,58,59,completed,6
16843,Rigid,1114242,1114242,1114303,0,61,61,completed,6
16844,Rigid,1114242,1114242,1114299,0,57,57,completed,6
16845,Rigid,1114286,1114287,1114289,1,2,3,completed,72
16846,Rigid,1114312,1114313,1114326,1,13,14,completed,2
16847,Rigid,1114326,1114327,1114334,1,7,8,completed,2
16848,Rigid,1114326,1114327,1114335,1,8,9,completed,2
16849,Rigid,1114326,1114327,1114346,1,19,20,completed,2
16850,Rigid,1114332,1114332,1114337,0,5,5,completed,2
16851,Rigid,1114332,1114332,1114334,0,2,2,completed,72
16852,Rigid,1114342,1114342,1114349,0,7,7,completed,2
16853,Rigid,1114401,1114401,1114404,0,3,3,completed,72
16854,Rigid,1114454,1114455,1114457,1,2,3,completed,72
16855,Rigid,1114483,1114483,1114486,0,3,3,completed,72
16856,Rigid,1114575,1114575,1114577,0,2,2,completed,72
16857,Rigid,1114627,1114628,1114630,1,2,3,completed,72
16858,Rigid,1114656,1114656,1114659,0,3,3,completed,72
16859,Rigid,1114664,1114665,1114669,1,4,5,completed,72
16860,Rigid,1114697,1114697,1114699,0,2,2,completed,72
16861,Rigid,1114740,1114740,1114743,0,3,3,completed,72
16862,Rigid,1114786,1114787,1114789,1,2,3,completed,72
16863,Rigid,1114803,1114804,1114806,1,2,3,completed,36
16864,Rigid,1114826,1114827,1114830,1,3,4,completed,72
16865,Rigid,1114852,1114853,1114856,1,3,4,completed,72
16866,Rigid,1114884,1114884,1114886,0,2,2,completed,72
16867,Rigid,1114913,1114914,1114916,1,2,3,completed,36
16868,Rigid,1115016,1115017,1115019,1,2,3,completed,72
16869,Rigid,1115053,1115054,1115056,1,2,3,completed,72
16870,Rigid,1115068,1115068,1115075,0,7,7,completed,1
16871,Rigid,1115157,1115157,1115176,0,19,19,completed,4
16872,Rigid,1115160,1115163,1115180,3,17,20,completed,1
16873,Rigid,1115444,1115444,1115448,0,4,4,completed,1
16874,Rigid,1115444,1115468,1115472,24,4,28,completed,1
16875,Rigid,1115478,1115479,1115481,1,2,3,completed,72
16876,Rigid,1115523,1115525,1115527,2,2,4,completed,72
16877,Rigid,1115527,1115529,1116754,2,1225,1227,completed,36
16878,Rigid,1115551,1115551,1115553,0,2,2,completed,72
16879,Rigid,1115586,1115586,1115589,0,3,3,completed,72
16880,Rigid,1115593,1115594,1115598,1,4,5,completed,1
16881,Rigid,1115593,1115609,1115612,16,3,19,completed,1
16882,Rigid,1115622,1115622,1115625,0,3,3,completed,72
16883,Rigid,1115683,1115684,1115686,1,2,3,completed,72
16884,Rigid,1115696,1115699,1115702,3,3,6,completed,1
16885,Rigid,1115696,1115713,1115717,17,4,21,completed,1
16886,Rigid,1115720,1115721,1115723,1,2,3,completed,72
16887,Rigid,1115768,1115768,1115771,0,3,3,completed,72
16888,Rigid,1115799,1115799,1115802,0,3,3,completed,72
16889,Rigid,1115837,1115838,1115841,1,3,4,completed,72
16890,Rigid,1115872,1115873,1115875,1,2,3,completed,72
16891,Rigid,1115947,1116446,1118890,499,2444,2943,completed,144
16892,Rigid,1116157,1116455,1116467,298,12,310,completed,36
16893,Rigid,1116673,1116673,1116689,0,16,16,completed,1
16894,Rigid,1116899,1128496,1128514,11597,18,11615,completed,216
16895,Rigid,1117442,1117443,1117464,1,21,22,completed,1
16896,Rigid,1117809,1117810,1117828,1,18,19,completed,1
16897,Rigid,1117846,1118151,1118171,305,20,325,completed,36
16898,Rigid,1117859,1121103,1121112,3244,9,3253,completed,72
16899,Rigid,1117904,1128515,1179324,10611,50809,61420,completed,144
16900,Rigid,1117908,1128901,1179591,10993,50690,61683,completed,144
16901,Rigid,1118143,1245951,1393265,127808,147314,275122,completed,756
16902,Rigid,1118735,1118736,1406377,1,287641,287642,completed,1
16903,Rigid,1118874,1118875,1384219,1,265344,265345,completed,1
16904,Rigid,1118874,1118875,1393018,1,274143,274144,completed,1
16905,Rigid,1118900,1129734,1180784,10834,51050,61884,completed,144
16906,Rigid,1118905,1118907,1118926,2,19,21,completed,1
16907,Rigid,1118908,1118908,1258109,0,139201,139201,completed,1
16908,Rigid,1119016,1119016,1119021,0,5,5,completed,1
16909,Rigid,1119016,1119016,1119023,0,7,7,completed,1
16910,Rigid,1119016,1119016,1119021,0,5,5,completed,1
16911,Rigid,1119016,1119016,1119021,0,5,5,completed,1
16912,Rigid,1119016,1119020,1119025,4,5,9,completed,1
16913,Rigid,1119016,1119016,1119062,0,46,46,completed,1
16914,Rigid,1119016,1119020,1119060,4,40,44,completed,1
16915,Rigid,1119017,1119020,1119025,3,5,8,completed,1
16916,Rigid,1119017,1119020,1119024,3,4,7,completed,1
16917,Rigid,1119017,1119020,1119024,3,4,7,completed,1
16918,Rigid,1119017,1119020,1119025,3,5,8,completed,1
16919,Rigid,1119017,1119020,1119077,3,57,60,completed,1
16920,Rigid,1119017,1119020,1119060,3,40,43,completed,1
16921,Rigid,1119017,1119020,1119054,3,34,37,completed,1
16922,Rigid,1119017,1119020,1119117,3,97,100,completed,1
16923,Rigid,1119017,1119020,1119101,3,81,84,completed,1
16924,Rigid,1119018,1119020,1119024,2,4,6,completed,1
16925,Rigid,1119018,1119020,1119025,2,5,7,completed,1
16926,Rigid,1119018,1119020,1119024,2,4,6,completed,1
16927,Rigid,1119018,1119020,1119077,2,57,59,completed,1
16928,Rigid,1119018,1119020,1119067,2,47,49,completed,1
16929,Rigid,1119018,1119020,1119046,2,26,28,completed,1
16930,Rigid,1119018,1119020,1119145,2,125,127,completed,1
16931,Rigid,1119019,1119020,1119025,1,5,6,completed,1
16932,Rigid,1119019,1119020,1119025,1,5,6,completed,1
16933,Rigid,1119019,1119020,1119025,1,5,6,completed,1
16934,Rigid,1119019,1119020,1119076,1,56,57,completed,1
16935,Rigid,1119019,1119020,1119069,1,49,50,completed,1
16936,Rigid,1119019,1119020,1119147,1,127,128,completed,1
16937,Rigid,1119019,1119020,1119186,1,166,167,completed,1
16938,Rigid,1119020,1119020,1119025,0,5,5,completed,1
16939,Rigid,1119020,1119020,1119025,0,5,5,completed,1
16940,Rigid,1119020,1119020,1119025,0,5,5,completed,1
16941,Rigid,1119020,1119020,1119025,0,5,5,completed,1
16942,Rigid,1119020,1119020,1119065,0,45,45,completed,1
16943,Rigid,1119020,1119020,1119032,0,12,12,completed,1
16944,Rigid,1119020,1119020,1119104,0,84,84,completed,1
16945,Rigid,1119020,1119020,1119050,0,30,30,completed,1
16946,Rigid,1119020,1119022,1119058,2,36,38,completed,1
16947,Rigid,1119020,1119020,1119156,0,136,136,completed,1
16948,Rigid,1119021,1119022,1119025,1,3,4,completed,1
16949,Rigid,1119021,1119022,1119027,1,5,6,completed,1
16950,Rigid,1119021,1119022,1119026,1,4,5,completed,1
16951,Rigid,1119021,1119022,1119030,1,8,9,completed,1
16952,Rigid,1119021,1119022,1119033,1,11,12,completed,1
16953,Rigid,1119021,1119022,1119079,1,57,58,completed,1
16954,Rigid,1119021,1119022,1119076,1,54,55,completed,1
16955,Rigid,1119021,1119022,1119072,1,50,51,completed,1
16956,Rigid,1119022,1119022,1119026,0,4,4,completed,1
16957,Rigid,1119022,1119022,1119026,0,4,4,completed,1
16958,Rigid,1119022,1119024,1119029,2,5,7,completed,1
16959,Rigid,1119022,1119022,1119038,0,16,16,completed,1
16960,Rigid,1119022,1119022,1119048,0,26,26,completed,1
16961,Rigid,1119022,1119022,1119036,0,14,14,completed,1
16962,Rigid,1119022,1119024,1119037,2,13,15,completed,1
16963,Rigid,1119023,1119024,1119027,1,3,4,completed,1
16964,Rigid,1119023,1119024,1119029,1,5,6,completed,1
16965,Rigid,1119023,1119024,1119028,1,4,5,completed,1
16966,Rigid,1119023,1119024,1119069,1,45,46,completed,1
16967,Rigid,1119023,1119024,1119042,1,18,19,completed,1
16968,Rigid,1119023,1119024,1119036,1,12,13,completed,1
16969,Rigid,1119023,1119024,1119156,1,132,133,completed,1
16970,Rigid,1119024,1119025,1119028,1,3,4,completed,1
16971,Rigid,1119024,1119024,1119046,0,22,22,completed,1
16972,Rigid,1119024,1119025,1119080,1,55,56,completed,1
16973,Rigid,1119025,1119026,1119031,1,5,6,completed,1
16974,Rigid,1119025,1119026,1119030,1,4,5,completed,1
16975,Rigid,1119025,1119026,1119030,1,4,5,completed,1
16976,Rigid,1119025,1119025,1119050,0,25,25,completed,1
16977,Rigid,1119025,1119026,1119101,1,75,76,completed,1
16978,Rigid,1119025,1119026,1119060,1,34,35,completed,1
16979,Rigid,1119025,1119026,1119084,1,58,59,completed,1
16980,Rigid,1119026,1119026,1119030,0,4,4,completed,1
16981,Rigid,1119026,1119027,1119031,1,4,5,completed,1
16982,Rigid,1119026,1119026,1119039,0,13,13,completed,1
16983,Rigid,1119026,1119026,1119080,0,54,54,completed,1
16984,Rigid,1119026,1119026,1119036,0,10,10,completed,1
16985,Rigid,1119026,1119027,1119131,1,104,105,completed,1
16986,Rigid,1119027,1119027,1119036,0,9,9,completed,1
16987,Rigid,1119027,1119028,1119032,1,4,5,completed,1
16988,Rigid,1119028,1119028,1119032,0,4,4,completed,1
16989,Rigid,1119028,1119028,1119032,0,4,4,completed,1
16990,Rigid,1119028,1119028,1119032,0,4,4,completed,1
16991,Rigid,1119028,1119029,1119032,1,3,4,completed,1
16992,Rigid,1119028,1119028,1119044,0,16,16,completed,1
16993,Rigid,1119028,1119028,1119121,0,93,93,completed,1
16994,Rigid,1119028,1119028,1119127,0,99,99,completed,1
16995,Rigid,1119028,1119028,1119042,0,14,14,completed,1
16996,Rigid,1119028,1119029,1119040,1,11,12,completed,1
16997,Rigid,1119029,1119029,1119032,0,3,3,completed,1
16998,Rigid,1119029,1119029,1119035,0,6,6,completed,1
16999,Rigid,1119029,1119029,1119037,0,8,8,completed,1
17000,Rigid,1119029,1119029,1119034,0,5,5,completed,1
17001,Rigid,1119029,1119029,1119051,0,22,22,completed,1
17002,Rigid,1119029,1119029,1119118,0,89,89,completed,1
17003,Rigid,1119029,1119029,1119057,0,28,28,completed,1
17004,Rigid,1119029,1119029,1119047,0,18,18,completed,1
17005,Rigid,1119030,1119030,1119036,0,6,6,completed,1
17006,Rigid,1119030,1119031,1119035,1,4,5,completed,1
17007,Rigid,1119030,1119031,1119034,1,3,4,completed,1
17008,Rigid,1119030,1119030,1119058,0,28,28,completed,1
17009,Rigid,1119030,1119030,1119040,0,10,10,completed,1
17010,Rigid,1119030,1119030,1119046,0,16,16,completed,1
17011,Rigid,1119030,1119030,1119040,0,10,10,completed,1
17012,Rigid,1119030,1119031,1119042,1,11,12,completed,1
17013,Rigid,1119030,1119031,1119081,1,50,51,completed,1
17014,Rigid,1119031,1119031,1119034,0,3,3,completed,1
17015,Rigid,1119031,1119031,1119036,0,5,5,completed,1
17016,Rigid,1119031,1119031,1119035,0,4,4,completed,1
17017,Rigid,1119031,1119031,1119074,0,43,43,completed,1
17018,Rigid,1119031,1119031,1119085,0,54,54,completed,1
17019,Rigid,1119031,1119031,1119074,0,43,43,completed,1
17020,Rigid,1119031,1119031,1119042,0,11,11,completed,1
17021,Rigid,1119032,1119032,1119037,0,5,5,completed,1
17022,Rigid,1119032,1119032,1119036,0,4,4,completed,1
17023,Rigid,1119032,1119032,1119036,0,4,4,completed,1
17024,Rigid,1119032,1119032,1119036,0,4,4,completed,1
17025,Rigid,1119032,1119032,1119108,0,76,76,completed,1
17026,Rigid,1119032,1119032,1119072,0,40,40,completed,1
17027,Rigid,1119032,1119032,1119105,0,73,73,completed,1
17028,Rigid,1119032,1119032,1119112,0,80,80,completed,1
17029,Rigid,1119032,1119032,1119052,0,20,20,completed,1
17030,Rigid,1119033,1119033,1119036,0,3,3,completed,1
17031,Rigid,1119033,1119033,1119037,0,4,4,completed,1
17032,Rigid,1119033,1119033,1119147,0,114,114,completed,1
17033,Rigid,1119036,1119036,1119043,0,7,7,completed,1
17034,Rigid,1119036,1119036,1119047,0,11,11,completed,1
17035,Rigid,1119036,1119037,1119084,1,47,48,completed,1
17036,Rigid,1119255,1119256,1435303,1,316047,316048,completed,1
17037,Rigid,1119264,1119265,1416397,1,297132,297133,completed,1
17038,Rigid,1119264,1119265,1417781,1,298516,298517,completed,1
17039,Rigid,1119293,1119294,1394389,1,275095,275096,completed,1
17040,Rigid,1119293,1119294,1379450,1,260156,260157,completed,1
17041,Rigid,1119293,1119294,1391662,1,272368,272369,completed,1
17042,Rigid,1119321,1119322,1119338,1,16,17,completed,1
17043,Rigid,1119343,1119343,1389744,0,270401,270401,completed,1
17044,Rigid,1119343,1119343,1401826,0,282483,282483,completed,1
17045,Rigid,1119343,1119343,1401104,0,281761,281761,completed,1
17046,Rigid,1119392,1119392,1389064,0,269672,269672,completed,1
17047,Rigid,1119392,1119392,1373420,0,254028,254028,completed,1
17048,Rigid,1119392,1119392,1382443,0,263051,263051,completed,1
17049,Rigid,1119416,1119416,1314862,0,195446,195446,completed,1
17050,Rigid,1119416,1119416,1304557,0,185141,185141,completed,1
17051,Rigid,1119416,1119416,1372537,0,253121,253121,completed,1
17052,Rigid,1119470,1119470,1381886,0,262416,262416,completed,1
17053,Rigid,1119470,1119470,1366462,0,246992,246992,completed,1
17054,Rigid,1119470,1119470,1357040,0,237570,237570,completed,1
17055,Rigid,1119546,1119547,1394698,1,275151,275152,completed,1
17056,Rigid,1119546,1119547,1378157,1,258610,258611,completed,1
17057,Rigid,1119546,1119547,1391616,1,272069,272070,completed,1
17058,Rigid,1119569,1119570,1347953,1,228383,228384,completed,1
17059,Rigid,1119569,1119570,1363708,1,244138,244139,completed,1
17060,Rigid,1119569,1119570,1363670,1,244100,244101,completed,1
17061,Rigid,1119592,1119592,1366712,0,247120,247120,completed,1
17062,Rigid,1119592,1119592,1370426,0,250834,250834,completed,1
17063,Rigid,1119592,1119593,1352650,1,233057,233058,completed,1
17064,Rigid,1119622,1119622,1338788,0,219166,219166,completed,1
17065,Rigid,1119622,1119622,1377636,0,258014,258014,completed,1
17066,Rigid,1119622,1119622,1373259,0,253637,253637,completed,1
17067,Rigid,1119639,1119639,1320775,0,201136,201136,completed,1
17068,Rigid,1119639,1119639,1380112,0,260473,260473,completed,1
17069,Rigid,1119639,1119639,1299090,0,179451,179451,completed,1
17070,Rigid,1119669,1119669,1205631,0,85962,85962,completed,1
17071,Rigid,1119669,1119669,1202251,0,82582,82582,completed,1
17072,Rigid,1119669,1119669,1218848,0,99179,99179,completed,1
17073,Rigid,1119748,1119748,1119807,0,59,59,completed,36
17074,Rigid,1119782,1119782,1344843,0,225061,225061,completed,1
17075,Rigid,1119782,1119782,1352847,0,233065,233065,completed,1
17076,Rigid,1119782,1119782,1383388,0,263606,263606,completed,1
17077,Rigid,1119782,1119782,1352758,0,232976,232976,completed,1
17078,Rigid,1119792,1119793,1122083,1,2290,2291,completed,8
17079,Rigid,1119801,1119801,1241818,0,122017,122017,completed,1
17080,Rigid,1119801,1119801,1232891,0,113090,113090,completed,1
17081,Rigid,1119801,1119801,1242768,0,122967,122967,completed,1
17082,Rigid,1119801,1119801,1237471,0,117670,117670,completed,1
17083,Rigid,1119801,1119801,1240518,0,120717,120717,completed,1
17084,Rigid,1119867,1119867,1119910,0,43,43,completed,36
17085,Rigid,1120087,1120087,1120097,0,10,10,completed,2
17086,Rigid,1120087,1120087,1120097,0,10,10,completed,2
17087,Rigid,1120090,1120091,1120098,1,7,8,completed,2
17088,Rigid,1120091,1120091,1120097,0,6,6,completed,2
17089,Rigid,1120097,1120097,1120104,0,7,7,completed,2
17090,Rigid,1120097,1120097,1120103,0,6,6,completed,2
17091,Rigid,1120097,1120098,1120104,1,6,7,completed,2
17092,Rigid,1120097,1120098,1120105,1,7,8,completed,2
17093,Rigid,1120098,1120098,1120104,0,6,6,completed,2
17094,Rigid,1120098,1120098,1120105,0,7,7,completed,2
17095,Rigid,1120098,1120098,1120105,0,7,7,completed,2
17096,Rigid,1120102,1120105,1120111,3,6,9,completed,2
17097,Rigid,1120102,1120105,1120112,3,7,10,completed,2
17098,Rigid,1120102,1120105,1120111,3,6,9,completed,2
17099,Rigid,1120102,1120105,1120111,3,6,9,completed,2
17100,Rigid,1120102,1120105,1120110,3,5,8,completed,2
17101,Rigid,1120102,1120105,1120123,3,18,21,completed,2
17102,Rigid,1120103,1120105,1120111,2,6,8,completed,2
17103,Rigid,1120103,1120105,1120110,2,5,7,completed,2
17104,Rigid,1120103,1120105,1120110,2,5,7,completed,2
17105,Rigid,1120103,1120105,1120110,2,5,7,completed,2
17106,Rigid,1120110,1120110,1120116,0,6,6,completed,2
17107,Rigid,1120110,1120110,1120116,0,6,6,completed,2
17108,Rigid,1120110,1120110,1120116,0,6,6,completed,2
17109,Rigid,1120110,1120111,1120116,1,5,6,completed,2
17110,Rigid,1120110,1120111,1120116,1,5,6,completed,2
17111,Rigid,1120110,1120111,1120116,1,5,6,completed,2
17112,Rigid,1120111,1120111,1120125,0,14,14,completed,2
17113,Rigid,1120111,1120111,1120125,0,14,14,completed,2
17114,Rigid,1120111,1120111,1120125,0,14,14,completed,2
17115,Rigid,1120111,1120111,1120125,0,14,14,completed,2
17116,Rigid,1120111,1120111,1120125,0,14,14,completed,2
17117,Rigid,1120111,1120111,1120125,0,14,14,completed,2
17118,Rigid,1120115,1120117,1120131,2,14,16,completed,2
17119,Rigid,1120115,1120117,1120131,2,14,16,completed,2
17120,Rigid,1120115,1120117,1120131,2,14,16,completed,2
17121,Rigid,1120115,1120117,1120131,2,14,16,completed,2
17122,Rigid,1120115,1120117,1120131,2,14,16,completed,2
17123,Rigid,1120120,1120122,1120136,2,14,16,completed,2
17124,Rigid,1120121,1120122,1120136,1,14,15,completed,2
17125,Rigid,1120121,1120122,1120136,1,14,15,completed,2
17126,Rigid,1120122,1120124,1120132,2,8,10,completed,2
17127,Rigid,1120122,1120122,1120136,0,14,14,completed,2
17128,Rigid,1120122,1120122,1120136,0,14,14,completed,2
17129,Rigid,1120123,1120123,1120139,0,16,16,completed,2
17130,Rigid,1120131,1120131,1120140,0,9,9,completed,2
17131,Rigid,1120131,1120133,1120146,2,13,15,completed,2
17132,Rigid,1120131,1120133,1120146,2,13,15,completed,2
17133,Rigid,1120153,1120154,1120170,1,16,17,completed,1
17134,Rigid,1120328,1120329,1128418,1,8089,8090,completed,9
17135,Rigid,1120410,1131017,1182082,10607,51065,61672,completed,144
17136,Rigid,1120503,1122205,1133013,1702,10808,12510,completed,360
17137,Rigid,1121000,1121001,1121022,1,21,22,completed,1
17138,Rigid,1121313,1121314,1121325,1,11,12,completed,2
17139,Rigid,1121313,1121314,1121325,1,11,12,completed,2
17140,Rigid,1121314,1121314,1121321,0,7,7,completed,2
17141,Rigid,1121314,1121314,1121321,0,7,7,completed,2
17142,Rigid,1121314,1121317,1121324,3,7,10,completed,2
17143,Rigid,1121314,1121317,1121325,3,8,11,completed,2
17144,Rigid,1121314,1121314,1121325,0,11,11,completed,2
17145,Rigid,1121314,1121314,1121325,0,11,11,completed,2
17146,Rigid,1121314,1121314,1121325,0,11,11,completed,2
17147,Rigid,1121314,1121314,1121325,0,11,11,completed,2
17148,Rigid,1121314,1121314,1121325,0,11,11,completed,2
17149,Rigid,1121315,1121317,1121324,2,7,9,completed,2
17150,Rigid,1121315,1121317,1121323,2,6,8,completed,2
17151,Rigid,1121315,1121317,1121323,2,6,8,completed,2
17152,Rigid,1121315,1121317,1121335,2,18,20,completed,2
17153,Rigid,1121316,1121317,1121323,1,6,7,completed,2
17154,Rigid,1121316,1121317,1121323,1,6,7,completed,2
17155,Rigid,1121316,1121317,1121323,1,6,7,completed,2
17156,Rigid,1121316,1121317,1121325,1,8,9,completed,2
17157,Rigid,1121316,1121317,1121325,1,8,9,completed,2
17158,Rigid,1121316,1121317,1121323,1,6,7,completed,2
17159,Rigid,1121316,1121317,1121324,1,7,8,completed,2
17160,Rigid,1121316,1121317,1121325,1,8,9,completed,2
17161,Rigid,1121317,1121317,1121323,0,6,6,completed,2
17162,Rigid,1121326,1121326,1121332,0,6,6,completed,2
17163,Rigid,1121326,1121326,1121331,0,5,5,completed,2
17164,Rigid,1121326,1121326,1121331,0,5,5,completed,2
17165,Rigid,1121326,1121327,1121332,1,5,6,completed,2
17166,Rigid,1121326,1121327,1121333,1,6,7,completed,2
17167,Rigid,1121326,1121327,1121333,1,6,7,completed,2
17168,Rigid,1121326,1121326,1121336,0,10,10,completed,2
17169,Rigid,1121327,1121327,1121331,0,4,4,completed,2
17170,Rigid,1121327,1121331,1121336,4,5,9,completed,2
17171,Rigid,1121327,1121331,1121336,4,5,9,completed,2
17172,Rigid,1121327,1121331,1121338,4,7,11,completed,2
17173,Rigid,1121327,1121331,1121337,4,6,10,completed,2
17174,Rigid,1121327,1121331,1121337,4,6,10,completed,2
17175,Rigid,1121327,1121331,1121338,4,7,11,completed,2
17176,Rigid,1121327,1121331,1121338,4,7,11,completed,2
17177,Rigid,1121328,1121331,1121337,3,6,9,completed,2
17178,Rigid,1121328,1121331,1121337,3,6,9,completed,2
17179,Rigid,1121328,1121331,1121336,3,5,8,completed,2
17180,Rigid,1121328,1121331,1121336,3,5,8,completed,2
17181,Rigid,1121328,1121331,1121336,3,5,8,completed,2
17182,Rigid,1121328,1121331,1121337,3,6,9,completed,2
17183,Rigid,1121328,1121331,1121337,3,6,9,completed,2
17184,Rigid,1121329,1121331,1121337,2,6,8,completed,2
17185,Rigid,1121329,1121331,1121337,2,6,8,completed,2
17186,Rigid,1121329,1121331,1121337,2,6,8,completed,2
17187,Rigid,1121329,1121331,1121337,2,6,8,completed,2
17188,Rigid,1121329,1121331,1121337,2,6,8,completed,2
17189,Rigid,1121329,1121331,1121345,2,14,16,completed,2
17190,Rigid,1121329,1121331,1121345,2,14,16,completed,2
17191,Rigid,1121330,1121331,1121336,1,5,6,completed,2
17192,Rigid,1121330,1121331,1121337,1,6,7,completed,2
17193,Rigid,1121330,1121331,1121338,1,7,8,completed,2
17194,Rigid,1121330,1121331,1121337,1,6,7,completed,2
17195,Rigid,1121330,1121331,1121336,1,5,6,completed,2
17196,Rigid,1121330,1121331,1121336,1,5,6,completed,2
17197,Rigid,1121330,1121331,1121338,1,7,8,completed,2
17198,Rigid,1121330,1121331,1121345,1,14,15,completed,2
17199,Rigid,1121330,1121331,1121345,1,14,15,completed,2
17200,Rigid,1121330,1121331,1121345,1,14,15,completed,2
17201,Rigid,1121522,1121523,1121532,1,9,10,completed,2
17202,Rigid,1121522,1121523,1121532,1,9,10,completed,2
17203,Rigid,1121522,1121523,1121532,1,9,10,completed,2
17204,Rigid,1121522,1121523,1121532,1,9,10,completed,2
17205,Rigid,1121522,1121523,1121532,1,9,10,completed,2
17206,Rigid,1121523,1121523,1121532,0,9,9,completed,2
17207,Rigid,1121523,1121523,1121532,0,9,9,completed,2
17208,Rigid,1121523,1121523,1121532,0,9,9,completed,2
17209,Rigid,1121523,1121527,1121532,4,5,9,completed,2
17210,Rigid,1121523,1121527,1121532,4,5,9,completed,2
17211,Rigid,1121523,1121527,1121532,4,5,9,completed,2
17212,Rigid,1121523,1121527,1121532,4,5,9,completed,2
17213,Rigid,1121523,1121527,1121532,4,5,9,completed,2
17214,Rigid,1121523,1121527,1121536,4,9,13,completed,2
17215,Rigid,1121523,1121527,1121532,4,5,9,completed,2
17216,Rigid,1121523,1121527,1121532,4,5,9,completed,2
17217,Rigid,1121524,1121527,1121532,3,5,8,completed,2
17218,Rigid,1121524,1121527,1121532,3,5,8,completed,2
17219,Rigid,1121524,1121527,1121532,3,5,8,completed,2
17220,Rigid,1121524,1121527,1121532,3,5,8,completed,2
17221,Rigid,1121524,1121527,1121532,3,5,8,completed,2
17222,Rigid,1121524,1121527,1121532,3,5,8,completed,2
17223,Rigid,1121524,1121527,1121532,3,5,8,completed,2
17224,Rigid,1121524,1121527,1121532,3,5,8,completed,2
17225,Rigid,1121524,1121527,1121532,3,5,8,completed,2
17226,Rigid,1121524,1121527,1121532,3,5,8,completed,2
17227,Rigid,1121524,1121527,1121532,3,5,8,completed,2
17228,Rigid,1121524,1121527,1121532,3,5,8,completed,2
17229,Rigid,1121525,1121527,1121532,2,5,7,completed,2
17230,Rigid,1121525,1121527,1121532,2,5,7,completed,2
17231,Rigid,1121525,1121527,1121532,2,5,7,completed,2
17232,Rigid,1121525,1121527,1121532,2,5,7,completed,2
17233,Rigid,1121525,1121527,1121532,2,5,7,completed,2
17234,Rigid,1121525,1121527,1121532,2,5,7,completed,2
17235,Rigid,1121525,1121527,1121532,2,5,7,completed,2
17236,Rigid,1121525,1121527,1121532,2,5,7,completed,2
17237,Rigid,1121525,1121527,1121532,2,5,7,completed,2
17238,Rigid,1121525,1121527,1121532,2,5,7,completed,2
17239,Rigid,1121525,1121527,1121532,2,5,7,completed,2
17240,Rigid,1121525,1121527,1121532,2,5,7,completed,2
17241,Rigid,1121525,1121527,1121532,2,5,7,completed,2
17242,Rigid,1121525,1121527,1121532,2,5,7,completed,2
17243,Rigid,1121525,1121527,1121555,2,28,30,completed,2
17244,Rigid,1121526,1121527,1121532,1,5,6,completed,2
17245,Rigid,1121526,1121527,1121532,1,5,6,completed,2
17246,Rigid,1121526,1121527,1121532,1,5,6,completed,2
17247,Rigid,1121526,1121527,1121532,1,5,6,completed,2
17248,Rigid,1121526,1121527,1121532,1,5,6,completed,2
17249,Rigid,1121526,1121527,1121532,1,5,6,completed,2
17250,Rigid,1121526,1121527,1121532,1,5,6,completed,2
17251,Rigid,1121526,1121527,1121532,1,5,6,completed,2
17252,Rigid,1121526,1121527,1121532,1,5,6,completed,2
17253,Rigid,1121526,1121527,1121532,1,5,6,completed,2
17254,Rigid,1121526,1121527,1121532,1,5,6,completed,2
17255,Rigid,1121526,1121527,1121532,1,5,6,completed,2
17256,Rigid,1121526,1121527,1121532,1,5,6,completed,2
17257,Rigid,1121527,1121527,1121532,0,5,5,completed,2
17258,Rigid,1121527,1121527,1121532,0,5,5,completed,2
17259,Rigid,1121527,1121527,1121532,0,5,5,completed,2
17260,Rigid,1121527,1121531,1121536,4,5,9,completed,2
17261,Rigid,1121527,1121531,1121536,4,5,9,completed,2
17262,Rigid,1121527,1121531,1121536,4,5,9,completed,2
17263,Rigid,1121527,1121531,1121536,4,5,9,completed,2
17264,Rigid,1121528,1121531,1121536,3,5,8,completed,2
17265,Rigid,1121528,1121531,1121536,3,5,8,completed,2
17266,Rigid,1121528,1121531,1121536,3,5,8,completed,2
17267,Rigid,1121528,1121531,1121536,3,5,8,completed,2
17268,Rigid,1121528,1121531,1121536,3,5,8,completed,2
17269,Rigid,1121528,1121531,1121536,3,5,8,completed,2
17270,Rigid,1121528,1121531,1121536,3,5,8,completed,2
17271,Rigid,1121528,1121531,1121536,3,5,8,completed,2
17272,Rigid,1121528,1121531,1121536,3,5,8,completed,2
17273,Rigid,1121528,1121531,1121536,3,5,8,completed,2
17274,Rigid,1121528,1121531,1121536,3,5,8,completed,2
17275,Rigid,1121533,1121534,1121571,1,37,38,completed,6
17276,Rigid,1121533,1121534,1121544,1,10,11,completed,2
17277,Rigid,1121533,1121534,1121580,1,46,47,completed,6
17278,Rigid,1121533,1121534,1121580,1,46,47,completed,6
17279,Rigid,1121533,1121534,1121570,1,36,37,completed,6
17280,Rigid,1121533,1121534,1121570,1,36,37,completed,6
17281,Rigid,1121533,1121534,1121611,1,77,78,completed,12
17282,Rigid,1121534,1121534,1121544,0,10,10,completed,2
17283,Rigid,1121534,1121534,1121580,0,46,46,completed,6
17284,Rigid,1121534,1121534,1121586,0,52,52,completed,6
17285,Rigid,1121534,1121534,1121571,0,37,37,completed,6
17286,Rigid,1121534,1121535,1121571,1,36,37,completed,6
17287,Rigid,1121534,1121534,1121586,0,52,52,completed,12
17288,Rigid,1121535,1121535,1121580,0,45,45,completed,6
17289,Rigid,1121535,1121535,1121582,0,47,47,completed,6
17290,Rigid,1121535,1121537,1121557,2,20,22,completed,2
17291,Rigid,1121535,1121537,1121585,2,48,50,completed,6
17292,Rigid,1121535,1121537,1121580,2,43,45,completed,6
17293,Rigid,1121535,1121537,1121558,2,21,23,completed,2
17294,Rigid,1121536,1121537,1121593,1,56,57,completed,6
17295,Rigid,1121536,1121537,1121580,1,43,44,completed,6
17296,Rigid,1121536,1121537,1121557,1,20,21,completed,2
17297,Rigid,1121536,1121537,1121580,1,43,44,completed,6
17298,Rigid,1121536,1121537,1121557,1,20,21,completed,2
17299,Rigid,1121536,1121537,1121557,1,20,21,completed,2
17300,Rigid,1121536,1121537,1121557,1,20,21,completed,2
17301,Rigid,1121536,1121537,1121610,1,73,74,completed,12
17302,Rigid,1121536,1121537,1121589,1,52,53,completed,12
17303,Rigid,1121537,1121537,1121586,0,49,49,completed,6
17304,Rigid,1121537,1121537,1121581,0,44,44,completed,6
17305,Rigid,1121537,1121537,1121582,0,45,45,completed,6
17306,Rigid,1121537,1121537,1121557,0,20,20,completed,2
17307,Rigid,1121537,1121537,1121589,0,52,52,completed,12
17308,Rigid,1121537,1121537,1121589,0,52,52,completed,12
17309,Rigid,1121537,1121537,1121586,0,49,49,completed,12
17310,Rigid,1121537,1121537,1121595,0,58,58,completed,12
17311,Rigid,1121537,1121539,1121593,2,54,56,completed,12
17312,Rigid,1121538,1121539,1121557,1,18,19,completed,2
17313,Rigid,1121538,1121539,1121587,1,48,49,completed,12
17314,Rigid,1121546,1121547,1121601,1,54,55,completed,6
17315,Rigid,1121546,1121547,1121614,1,67,68,completed,12
17316,Rigid,1121547,1121547,1121580,0,33,33,completed,2
17317,Rigid,1121812,1131072,1182264,9260,51192,60452,completed,144
17318,Rigid,1121972,1121972,1122040,0,68,68,completed,6
17319,Rigid,1121972,1121972,1122049,0,77,77,completed,6
17320,Rigid,1121972,1121972,1122040,0,68,68,completed,6
17321,Rigid,1121972,1121972,1122028,0,56,56,completed,2
17322,Rigid,1121972,1121972,1122040,0,68,68,completed,6
17323,Rigid,1121972,1121972,1122049,0,77,77,completed,6
17324,Rigid,1121972,1121972,1122063,0,91,91,completed,6
17325,Rigid,1121972,1121976,1122060,4,84,88,completed,6
17326,Rigid,1121972,1121976,1122062,4,86,90,completed,6
17327,Rigid,1121972,1121976,1121999,4,23,27,completed,2
17328,Rigid,1121972,1121976,1122043,4,67,71,completed,6
17329,Rigid,1121972,1121976,1122052,4,76,80,completed,6
17330,Rigid,1121973,1121976,1122027,3,51,54,completed,2
17331,Rigid,1121973,1121976,1121999,3,23,26,completed,2
17332,Rigid,1121973,1121976,1122043,3,67,70,completed,6
17333,Rigid,1121973,1121976,1122058,3,82,85,completed,6
17334,Rigid,1121973,1121976,1122058,3,82,85,completed,6
17335,Rigid,1121973,1121976,1122049,3,73,76,completed,6
17336,Rigid,1121973,1121976,1122040,3,64,67,completed,6
17337,Rigid,1121973,1121976,1121999,3,23,26,completed,2
17338,Rigid,1121973,1121976,1122052,3,76,79,completed,6
17339,Rigid,1121973,1121976,1122043,3,67,70,completed,6
17340,Rigid,1121973,1121976,1122069,3,93,96,completed,6
17341,Rigid,1121973,1121976,1122011,3,35,38,completed,2
17342,Rigid,1121974,1121976,1122027,2,51,53,completed,2
17343,Rigid,1121974,1121976,1122040,2,64,66,completed,6
17344,Rigid,1121974,1121976,1122060,2,84,86,completed,6
17345,Rigid,1121974,1121976,1122063,2,87,89,completed,6
17346,Rigid,1121974,1121976,1122040,2,64,66,completed,6
17347,Rigid,1121974,1121976,1122065,2,89,91,completed,6
17348,Rigid,1121974,1121976,1121999,2,23,25,completed,2
17349,Rigid,1121974,1121976,1122061,2,85,87,completed,6
17350,Rigid,1121974,1121976,1122044,2,68,70,completed,6
17351,Rigid,1121975,1121976,1122027,1,51,52,completed,2
17352,Rigid,1121975,1121976,1121999,1,23,24,completed,2
17353,Rigid,1121975,1121976,1122049,1,73,74,completed,6
17354,Rigid,1121975,1121976,1122051,1,75,76,completed,6
17355,Rigid,1121975,1121976,1122043,1,67,68,completed,6
17356,Rigid,1121975,1121976,1122010,1,34,35,completed,2
17357,Rigid,1121975,1121976,1122040,1,64,65,completed,6
17358,Rigid,1121975,1121976,1122051,1,75,76,completed,6
17359,Rigid,1121975,1121976,1122066,1,90,91,completed,6
17360,Rigid,1121975,1121976,1122027,1,51,52,completed,2
17361,Rigid,1121975,1121976,1122058,1,82,83,completed,6
17362,Rigid,1121976,1121976,1122053,0,77,77,completed,6
17363,Rigid,1121976,1121976,1122062,0,86,86,completed,6
17364,Rigid,1121976,1121976,1122049,0,73,73,completed,6
17365,Rigid,1121976,1121976,1122055,0,79,79,completed,6
17366,Rigid,1121976,1121976,1122050,0,74,74,completed,6
17367,Rigid,1121976,1121976,1122044,0,68,68,completed,6
17368,Rigid,1121976,1121976,1122044,0,68,68,completed,6
17369,Rigid,1121976,1121976,1122043,0,67,67,completed,2
17370,Rigid,1121976,1121976,1121999,0,23,23,completed,2
17371,Rigid,1121976,1121980,1122052,4,72,76,completed,6
17372,Rigid,1121976,1121980,1122049,4,69,73,completed,6
17373,Rigid,1121976,1121980,1121999,4,19,23,completed,2
17374,Rigid,1121977,1121980,1122027,3,47,50,completed,2
17375,Rigid,1121977,1121980,1121999,3,19,22,completed,2
17376,Rigid,1121977,1121980,1122027,3,47,50,completed,2
17377,Rigid,1121977,1121980,1122064,3,84,87,completed,6
17378,Rigid,1121977,1121980,1122049,3,69,72,completed,6
17379,Rigid,1121977,1121980,1122062,3,82,85,completed,6
17380,Rigid,1121977,1121980,1122060,3,80,83,completed,6
17381,Rigid,1121977,1121980,1122027,3,47,50,completed,2
17382,Rigid,1121977,1121980,1122068,3,88,91,completed,6
17383,Rigid,1121977,1121980,1122040,3,60,63,completed,6
17384,Rigid,1121977,1121980,1122053,3,73,76,completed,6
17385,Rigid,1121978,1121980,1122027,2,47,49,completed,2
17386,Rigid,1121978,1121980,1122040,2,60,62,completed,2
17387,Rigid,1121978,1121980,1122050,2,70,72,completed,6
17388,Rigid,1121978,1121980,1122058,2,78,80,completed,6
17389,Rigid,1121978,1121980,1122053,2,73,75,completed,6
17390,Rigid,1121978,1121980,1122028,2,48,50,completed,6
17391,Rigid,1121978,1121980,1122028,2,48,50,completed,2
17392,Rigid,1122021,1122022,1122068,1,46,47,completed,2
17393,Rigid,1122040,1122040,1122066,0,26,26,completed,2
17394,Rigid,1122040,1122041,1122081,1,40,41,completed,2
17395,Rigid,1122041,1122041,1122066,0,25,25,completed,2
17396,Rigid,1122041,1122041,1122080,0,39,39,completed,2
17397,Rigid,1122042,1124920,1134616,2878,9696,12574,completed,72
17398,Rigid,1122044,1122044,1122066,0,22,22,completed,2
17399,Rigid,1122045,1122046,1122081,1,35,36,completed,2
17400,Rigid,1122045,1122046,1122081,1,35,36,completed,2
17401,Rigid,1122045,1122046,1122066,1,20,21,completed,2
17402,Rigid,1122046,1122048,1122066,2,18,20,completed,2
17403,Rigid,1122046,1122048,1122080,2,32,34,completed,2
17404,Rigid,1122048,1122048,1122066,0,18,18,completed,2
17405,Rigid,1122048,1122048,1122080,0,32,32,completed,2
17406,Rigid,1122050,1122050,1122066,0,16,16,completed,2
17407,Rigid,1122051,1122051,1122080,0,29,29,completed,2
17408,Rigid,1122052,1122053,1122071,1,18,19,completed,2
17409,Rigid,1122052,1122053,1122066,1,13,14,completed,2
17410,Rigid,1122052,1122053,1122080,1,27,28,completed,2
17411,Rigid,1122080,1122080,1122087,0,7,7,completed,2
17412,Rigid,1122080,1122081,1122087,1,6,7,completed,2
17413,Rigid,1122080,1122081,1122090,1,9,10,completed,2
17414,Rigid,1122080,1122081,1122099,1,18,19,completed,2
17415,Rigid,1122091,1122091,1122098,0,7,7,completed,2
17416,Rigid,1122091,1122092,1122144,1,52,53,completed,2
17417,Rigid,1122091,1122092,1122106,1,14,15,completed,2
17418,Rigid,1122091,1122092,1122111,1,19,20,completed,2
17419,Rigid,1122092,1122095,1122104,3,9,12,completed,2
17420,Rigid,1122092,1122092,1122105,0,13,13,completed,2
17421,Rigid,1122092,1122095,1122144,3,49,52,completed,2
17422,Rigid,1122092,1122095,1122146,3,51,54,completed,2
17423,Rigid,1122093,1122095,1122104,2,9,11,completed,2
17424,Rigid,1122093,1122095,1122144,2,49,51,completed,2
17425,Rigid,1122094,1122095,1122104,1,9,10,completed,2
17426,Rigid,1122094,1122095,1122146,1,51,52,completed,2
17427,Rigid,1122094,1122095,1122147,1,52,53,completed,2
17428,Rigid,1122094,1122095,1122105,1,10,11,completed,2
17429,Rigid,1122094,1122095,1122105,1,10,11,completed,2
17430,Rigid,1122094,1122095,1122147,1,52,53,completed,2
17431,Rigid,1122094,1122095,1122106,1,11,12,completed,2
17432,Rigid,1122094,1122095,1122146,1,51,52,completed,2
17433,Rigid,1122094,1122095,1122146,1,51,52,completed,2
17434,Rigid,1122095,1122099,1122108,4,9,13,completed,2
17435,Rigid,1122095,1122095,1122148,0,53,53,completed,2
17436,Rigid,1122095,1122095,1122105,0,10,10,completed,2
17437,Rigid,1122095,1122095,1122107,0,12,12,completed,2
17438,Rigid,1122095,1122095,1122146,0,51,51,completed,2
17439,Rigid,1122095,1122099,1122150,4,51,55,completed,2
17440,Rigid,1122096,1122099,1122108,3,9,12,completed,2
17441,Rigid,1122096,1122099,1122108,3,9,12,completed,2
17442,Rigid,1122096,1122099,1122108,3,9,12,completed,2
17443,Rigid,1122096,1122099,1122149,3,50,53,completed,2
17444,Rigid,1122096,1122099,1122109,3,10,13,completed,2
17445,Rigid,1122096,1122099,1122111,3,12,15,completed,2
17446,Rigid,1122096,1122099,1122151,3,52,55,completed,2
17447,Rigid,1122096,1122099,1122150,3,51,54,completed,2
17448,Rigid,1122096,1122099,1122148,3,49,52,completed,2
17449,Rigid,1122096,1122099,1122148,3,49,52,completed,2
17450,Rigid,1122096,1122099,1122109,3,10,13,completed,2
17451,Rigid,1122096,1122099,1122146,3,47,50,completed,2
17452,Rigid,1122096,1122099,1122111,3,12,15,completed,2
17453,Rigid,1122097,1122099,1122108,2,9,11,completed,2
17454,Rigid,1122097,1122099,1122108,2,9,11,completed,2
17455,Rigid,1122097,1122099,1122146,2,47,49,completed,2
17456,Rigid,1122097,1122099,1122150,2,51,53,completed,2
17457,Rigid,1122097,1122099,1122109,2,10,12,completed,2
17458,Rigid,1122097,1122099,1122149,2,50,52,completed,2
17459,Rigid,1122097,1122099,1122111,2,12,14,completed,2
17460,Rigid,1122097,1122099,1122111,2,12,14,completed,2
17461,Rigid,1122097,1122099,1122148,2,49,51,completed,2
17462,Rigid,1122097,1122099,1122111,2,12,14,completed,2
17463,Rigid,1122097,1122099,1122150,2,51,53,completed,2
17464,Rigid,1122097,1122099,1122144,2,45,47,completed,2
17465,Rigid,1122117,1122120,1122126,3,6,9,completed,2
17466,Rigid,1122117,1122120,1122126,3,6,9,completed,2
17467,Rigid,1122118,1122120,1122126,2,6,8,completed,2
17468,Rigid,1122119,1122120,1122126,1,6,7,completed,2
17469,Rigid,1122120,1122124,1122129,4,5,9,completed,2
17470,Rigid,1122120,1122124,1122129,4,5,9,completed,2
17471,Rigid,1122120,1122124,1122129,4,5,9,completed,2
17472,Rigid,1122121,1122124,1122129,3,5,8,completed,2
17473,Rigid,1122161,1122161,1122167,0,6,6,completed,2
17474,Rigid,1122171,1122171,1122182,0,11,11,completed,2
17475,Rigid,1122261,1131093,1182641,8832,51548,60380,completed,144
17476,Rigid,1122334,1122335,1122343,1,8,9,completed,2
17477,Rigid,1122334,1122335,1122343,1,8,9,completed,2
17478,Rigid,1122334,1122335,1122343,1,8,9,completed,2
17479,Rigid,1122334,1122335,1122343,1,8,9,completed,2
17480,Rigid,1122334,1122335,1122343,1,8,9,completed,2
17481,Rigid,1122334,1122335,1122394,1,59,60,completed,2
17482,Rigid,1122334,1122335,1122373,1,38,39,completed,2
17483,Rigid,1122334,1122335,1122385,1,50,51,completed,2
17484,Rigid,1122334,1122335,1122383,1,48,49,completed,2
17485,Rigid,1122335,1122335,1122343,0,8,8,completed,2
17486,Rigid,1122335,1122335,1122343,0,8,8,completed,2
17487,Rigid,1122335,1122335,1122343,0,8,8,completed,2
17488,Rigid,1122335,1122335,1122343,0,8,8,completed,2
17489,Rigid,1122335,1122335,1122343,0,8,8,completed,2
17490,Rigid,1122335,1122335,1122343,0,8,8,completed,2
17491,Rigid,1122335,1122335,1122343,0,8,8,completed,2
17492,Rigid,1122335,1122339,1122344,4,5,9,completed,2
17493,Rigid,1122335,1122339,1122345,4,6,10,completed,2
17494,Rigid,1122335,1122339,1122344,4,5,9,completed,2
17495,Rigid,1122335,1122339,1122344,4,5,9,completed,2
17496,Rigid,1122335,1122339,1122344,4,5,9,completed,2
17497,Rigid,1122335,1122339,1122344,4,5,9,completed,2
17498,Rigid,1122335,1122339,1122344,4,5,9,completed,2
17499,Rigid,1122335,1122335,1122394,0,59,59,completed,2
17500,Rigid,1122335,1122335,1122396,0,61,61,completed,2
17501,Rigid,1122335,1122339,1122382,4,43,47,completed,2
17502,Rigid,1122335,1122339,1122396,4,57,61,completed,2
17503,Rigid,1122336,1122339,1122345,3,6,9,completed,2
17504,Rigid,1122336,1122339,1122344,3,5,8,completed,2
17505,Rigid,1122336,1122339,1122344,3,5,8,completed,2
17506,Rigid,1122336,1122339,1122344,3,5,8,completed,2
17507,Rigid,1122336,1122339,1122344,3,5,8,completed,2
17508,Rigid,1122336,1122339,1122344,3,5,8,completed,2
17509,Rigid,1122336,1122339,1122344,3,5,8,completed,2
17510,Rigid,1122336,1122339,1122344,3,5,8,completed,2
17511,Rigid,1122336,1122339,1122344,3,5,8,completed,2
17512,Rigid,1122336,1122339,1122344,3,5,8,completed,2
17513,Rigid,1122336,1122339,1122344,3,5,8,completed,2
17514,Rigid,1122336,1122339,1122344,3,5,8,completed,2
17515,Rigid,1122336,1122339,1122375,3,36,39,completed,2
17516,Rigid,1122336,1122339,1122375,3,36,39,completed,2
17517,Rigid,1122336,1122339,1122377,3,38,41,completed,2
17518,Rigid,1122336,1122339,1122376,3,37,40,completed,2
17519,Rigid,1122336,1122339,1122403,3,64,67,completed,2
17520,Rigid,1122336,1122339,1122395,3,56,59,completed,2
17521,Rigid,1122337,1122339,1122344,2,5,7,completed,2
17522,Rigid,1122337,1122339,1122344,2,5,7,completed,2
17523,Rigid,1122337,1122339,1122344,2,5,7,completed,2
17524,Rigid,1122337,1122339,1122344,2,5,7,completed,2
17525,Rigid,1122337,1122339,1122344,2,5,7,completed,2
17526,Rigid,1122337,1122339,1122344,2,5,7,completed,2
17527,Rigid,1122337,1122339,1122344,2,5,7,completed,2
17528,Rigid,1122337,1122339,1122344,2,5,7,completed,2
17529,Rigid,1122337,1122339,1122390,2,51,53,completed,2
17530,Rigid,1122337,1122339,1122384,2,45,47,completed,2
17531,Rigid,1122337,1122339,1122394,2,55,57,completed,2
17532,Rigid,1122337,1122339,1122394,2,55,57,completed,2
17533,Rigid,1122337,1122339,1122386,2,47,49,completed,2
17534,Rigid,1122337,1122339,1122390,2,51,53,completed,2
17535,Rigid,1122338,1122339,1122344,1,5,6,completed,2
17536,Rigid,1122338,1122339,1122344,1,5,6,completed,2
17537,Rigid,1122338,1122339,1122344,1,5,6,completed,2
17538,Rigid,1122338,1122339,1122344,1,5,6,completed,2
17539,Rigid,1122338,1122339,1122344,1,5,6,completed,2
17540,Rigid,1122338,1122339,1122345,1,6,7,completed,2
17541,Rigid,1122338,1122339,1122345,1,6,7,completed,2
17542,Rigid,1122338,1122339,1122345,1,6,7,completed,2
17543,Rigid,1122338,1122339,1122345,1,6,7,completed,2
17544,Rigid,1122338,1122339,1122345,1,6,7,completed,2
17545,Rigid,1122338,1122339,1122345,1,6,7,completed,2
17546,Rigid,1122338,1122339,1122382,1,43,44,completed,2
17547,Rigid,1122338,1122339,1122395,1,56,57,completed,2
17548,Rigid,1122338,1122339,1122400,1,61,62,completed,2
17549,Rigid,1122338,1122339,1122390,1,51,52,completed,2
17550,Rigid,1122338,1122339,1122374,1,35,36,completed,2
17551,Rigid,1122338,1122339,1122406,1,67,68,completed,2
17552,Rigid,1122338,1122339,1122354,1,15,16,completed,2
17553,Rigid,1122338,1122339,1122388,1,49,50,completed,2
17554,Rigid,1122338,1122339,1122402,1,63,64,completed,2
17555,Rigid,1122339,1122339,1122345,0,6,6,completed,2
17556,Rigid,1122339,1122339,1122345,0,6,6,completed,2
17557,Rigid,1122339,1122339,1122345,0,6,6,completed,2
17558,Rigid,1122339,1122339,1122345,0,6,6,completed,2
17559,Rigid,1122339,1122339,1122345,0,6,6,completed,2
17560,Rigid,1122339,1122339,1122344,0,5,5,completed,2
17561,Rigid,1122339,1122340,1122344,1,4,5,completed,2
17562,Rigid,1122339,1122340,1122344,1,4,5,completed,2
17563,Rigid,1122339,1122340,1122344,1,4,5,completed,2
17564,Rigid,1122339,1122340,1122345,1,5,6,completed,2
17565,Rigid,1122339,1122339,1122394,0,55,55,completed,2
17566,Rigid,1122339,1122339,1122383,0,44,44,completed,2
17567,Rigid,1122339,1122340,1122376,1,36,37,completed,2
17568,Rigid,1122340,1122340,1122344,0,4,4,completed,2
17569,Rigid,1122340,1122340,1122344,0,4,4,completed,2
17570,Rigid,1122340,1122340,1122372,0,32,32,completed,2
17571,Rigid,1122340,1122343,1122382,3,39,42,completed,2
17572,Rigid,1122340,1122343,1122382,3,39,42,completed,2
17573,Rigid,1122340,1122343,1122383,3,40,43,completed,2
17574,Rigid,1122340,1122343,1122396,3,53,56,completed,2
17575,Rigid,1122340,1122343,1122404,3,61,64,completed,2
17576,Rigid,1122340,1122343,1122382,3,39,42,completed,2
17577,Rigid,1122340,1122343,1122382,3,39,42,completed,2
17578,Rigid,1122340,1122343,1122382,3,39,42,completed,2
17579,Rigid,1122340,1122343,1122382,3,39,42,completed,2
17580,Rigid,1122340,1122343,1122382,3,39,42,completed,2
17581,Rigid,1122340,1122343,1122396,3,53,56,completed,2
17582,Rigid,1122340,1122343,1122407,3,64,67,completed,2
17583,Rigid,1122340,1122343,1122382,3,39,42,completed,2
17584,Rigid,1122340,1122343,1122382,3,39,42,completed,2
17585,Rigid,1122340,1122343,1122382,3,39,42,completed,2
17586,Rigid,1122341,1122343,1122382,2,39,41,completed,2
17587,Rigid,1122341,1122343,1122382,2,39,41,completed,2
17588,Rigid,1122341,1122343,1122383,2,40,42,completed,2
17589,Rigid,1122341,1122343,1122382,2,39,41,completed,2
17590,Rigid,1122341,1122343,1122382,2,39,41,completed,2
17591,Rigid,1122341,1122343,1122382,2,39,41,completed,2
17592,Rigid,1122341,1122343,1122382,2,39,41,completed,2
17593,Rigid,1122341,1122343,1122382,2,39,41,completed,2
17594,Rigid,1122341,1122343,1122382,2,39,41,completed,2
17595,Rigid,1122341,1122343,1122382,2,39,41,completed,2
17596,Rigid,1122341,1122343,1122382,2,39,41,completed,2
17597,Rigid,1122341,1122343,1122383,2,40,42,completed,2
17598,Rigid,1122341,1122343,1122383,2,40,42,completed,2
17599,Rigid,1122341,1122343,1122383,2,40,42,completed,2
17600,Rigid,1122341,1122343,1122383,2,40,42,completed,2
17601,Rigid,1122341,1122343,1122383,2,40,42,completed,2
17602,Rigid,1122341,1122343,1122383,2,40,42,completed,2
17603,Rigid,1122341,1122343,1122383,2,40,42,completed,2
17604,Rigid,1122341,1122343,1122386,2,43,45,completed,2
17605,Rigid,1122341,1122343,1122383,2,40,42,completed,2
17606,Rigid,1122341,1122343,1122383,2,40,42,completed,2
17607,Rigid,1122341,1122343,1122383,2,40,42,completed,2
17608,Rigid,1122341,1122343,1122383,2,40,42,completed,2
17609,Rigid,1122341,1122343,1122383,2,40,42,completed,2
17610,Rigid,1122342,1122343,1122383,1,40,41,completed,2
17611,Rigid,1122342,1122343,1122383,1,40,41,completed,2
17612,Rigid,1122342,1122343,1122383,1,40,41,completed,2
17613,Rigid,1122342,1122343,1122383,1,40,41,completed,2
17614,Rigid,1122342,1122343,1122383,1,40,41,completed,2
17615,Rigid,1122342,1122343,1122382,1,39,40,completed,2
17616,Rigid,1122342,1122343,1122383,1,40,41,completed,2
17617,Rigid,1122342,1122343,1122382,1,39,40,completed,2
17618,Rigid,1122430,1122431,1122443,1,12,13,completed,2
17619,Rigid,1122430,1122431,1122444,1,13,14,completed,2
17620,Rigid,1122522,1122523,1122528,1,5,6,completed,2
17621,Rigid,1122522,1122523,1122531,1,8,9,completed,2
17622,Rigid,1122523,1122523,1122529,0,6,6,completed,2
17623,Rigid,1122523,1122527,1122531,4,4,8,completed,2
17624,Rigid,1122523,1122527,1122531,4,4,8,completed,2
17625,Rigid,1122523,1122527,1122531,4,4,8,completed,2
17626,Rigid,1122523,1122527,1122531,4,4,8,completed,2
17627,Rigid,1122523,1122527,1122531,4,4,8,completed,2
17628,Rigid,1122523,1122527,1122531,4,4,8,completed,2
17629,Rigid,1122523,1122527,1122531,4,4,8,completed,2
17630,Rigid,1122533,1122533,1122539,0,6,6,completed,2
17631,Rigid,1122533,1122537,1122543,4,6,10,completed,2
17632,Rigid,1122543,1122544,1122557,1,13,14,completed,2
17633,Rigid,1122544,1122544,1122551,0,7,7,completed,2
17634,Rigid,1122544,1122544,1122551,0,7,7,completed,2
17635,Rigid,1122544,1122544,1122551,0,7,7,completed,2
17636,Rigid,1122544,1122548,1122554,4,6,10,completed,2
17637,Rigid,1122544,1122548,1122554,4,6,10,completed,2
17638,Rigid,1122544,1122548,1122555,4,7,11,completed,2
17639,Rigid,1122544,1122544,1122556,0,12,12,completed,2
17640,Rigid,1122545,1122548,1122555,3,7,10,completed,2
17641,Rigid,1122545,1122548,1122554,3,6,9,completed,2
17642,Rigid,1122545,1122548,1122554,3,6,9,completed,2
17643,Rigid,1122545,1122548,1122554,3,6,9,completed,2
17644,Rigid,1122545,1122548,1122565,3,17,20,completed,2
17645,Rigid,1122554,1122554,1122569,0,15,15,completed,2
17646,Rigid,1122554,1122554,1122569,0,15,15,completed,2
17647,Rigid,1122554,1122555,1122569,1,14,15,completed,2
17648,Rigid,1122554,1122555,1122569,1,14,15,completed,2
17649,Rigid,1122555,1122556,1122562,1,6,7,completed,2
17650,Rigid,1122555,1122555,1122569,0,14,14,completed,2
17651,Rigid,1122555,1122555,1122569,0,14,14,completed,2
17652,Rigid,1122555,1122556,1122571,1,15,16,completed,2
17653,Rigid,1122555,1122556,1122566,1,10,11,completed,2
17654,Rigid,1122565,1122566,1122580,1,14,15,completed,2
17655,Rigid,1122566,1122566,1122571,0,5,5,completed,2
17656,Rigid,1122566,1122566,1122580,0,14,14,completed,2
17657,Rigid,1122577,1122577,1122582,0,5,5,completed,2
17658,Rigid,1122577,1122581,1122586,4,5,9,completed,2
17659,Rigid,1122577,1122581,1122587,4,6,10,completed,2
17660,Rigid,1122577,1122581,1122588,4,7,11,completed,2
17661,Rigid,1122577,1122581,1122586,4,5,9,completed,2
17662,Rigid,1122577,1122581,1122587,4,6,10,completed,2
17663,Rigid,1122577,1122581,1122588,4,7,11,completed,2
17664,Rigid,1122577,1122581,1122587,4,6,10,completed,2
17665,Rigid,1122577,1122581,1122587,4,6,10,completed,2
17666,Rigid,1122577,1122577,1122591,0,14,14,completed,2
17667,Rigid,1122578,1122581,1122586,3,5,8,completed,2
17668,Rigid,1122578,1122581,1122586,3,5,8,completed,2
17669,Rigid,1122578,1122581,1122588,3,7,10,completed,2
17670,Rigid,1122578,1122581,1122587,3,6,9,completed,2
17671,Rigid,1122578,1122581,1122588,3,7,10,completed,2
17672,Rigid,1122578,1122581,1122586,3,5,8,completed,2
17673,Rigid,1122578,1122581,1122588,3,7,10,completed,2
17674,Rigid,1122578,1122581,1122587,3,6,9,completed,2
17675,Rigid,1122578,1122581,1122588,3,7,10,completed,2
17676,Rigid,1122578,1122581,1122586,3,5,8,completed,2
17677,Rigid,1122578,1122581,1122587,3,6,9,completed,2
17678,Rigid,1122587,1122588,1122602,1,14,15,completed,2
17679,Rigid,1122588,1122588,1122593,0,5,5,completed,2
17680,Rigid,1122588,1122588,1122594,0,6,6,completed,2
17681,Rigid,1122588,1122588,1122594,0,6,6,completed,2
17682,Rigid,1122588,1122588,1122593,0,5,5,completed,2
17683,Rigid,1122588,1122588,1122593,0,5,5,completed,2
17684,Rigid,1122588,1122588,1122594,0,6,6,completed,2
17685,Rigid,1122588,1122588,1122594,0,6,6,completed,2
17686,Rigid,1122588,1122588,1122593,0,5,5,completed,2
17687,Rigid,1122614,1122614,1122633,0,19,19,completed,1
17688,Rigid,1122782,1122783,1122798,1,15,16,completed,1
17689,Rigid,1123345,1124216,1124227,871,11,882,completed,180
17690,Rigid,1123439,1123852,1131061,413,7209,7622,completed,72
17691,Rigid,1123886,1124067,1124087,181,20,201,completed,36
17692,Rigid,1123886,1124067,1128900,181,4833,5014,completed,36
17693,Rigid,1124215,1132412,1183755,8197,51343,59540,completed,144
17694,Rigid,1124519,1124520,1125904,1,1384,1385,completed,36
17695,Rigid,1124571,1128136,1202020,3565,73884,77449,completed,360
17696,Rigid,1124933,1124933,1124939,0,6,6,completed,2
17697,Rigid,1124933,1124933,1124939,0,6,6,completed,2
17698,Rigid,1124939,1124939,1124944,0,5,5,completed,2
17699,Rigid,1124939,1124939,1124944,0,5,5,completed,2
17700,Rigid,1124939,1124939,1124944,0,5,5,completed,2
17701,Rigid,1124939,1124939,1124944,0,5,5,completed,2
17702,Rigid,1124939,1124939,1124944,0,5,5,completed,2
17703,Rigid,1124939,1124939,1124944,0,5,5,completed,2
17704,Rigid,1124939,1124939,1124944,0,5,5,completed,2
17705,Rigid,1124939,1124939,1124944,0,5,5,completed,2
17706,Rigid,1124939,1124939,1124944,0,5,5,completed,2
17707,Rigid,1124939,1124939,1124944,0,5,5,completed,2
17708,Rigid,1124939,1124940,1124946,1,6,7,completed,2
17709,Rigid,1124940,1124940,1124944,0,4,4,completed,2
17710,Rigid,1124940,1124940,1124944,0,4,4,completed,2
17711,Rigid,1124940,1124940,1124944,0,4,4,completed,2
17712,Rigid,1124940,1124940,1124944,0,4,4,completed,2
17713,Rigid,1124940,1124942,1124946,2,4,6,completed,2
17714,Rigid,1124940,1124942,1124946,2,4,6,completed,2
17715,Rigid,1124940,1124942,1124946,2,4,6,completed,2
17716,Rigid,1124940,1124942,1124946,2,4,6,completed,2
17717,Rigid,1124940,1124942,1124946,2,4,6,completed,2
17718,Rigid,1124940,1124942,1124946,2,4,6,completed,2
17719,Rigid,1124940,1124942,1124946,2,4,6,completed,2
17720,Rigid,1124940,1124942,1124946,2,4,6,completed,2
17721,Rigid,1124940,1124942,1124946,2,4,6,completed,2
17722,Rigid,1124940,1124942,1125056,2,114,116,completed,2
17723,Rigid,1124941,1124942,1124946,1,4,5,completed,2
17724,Rigid,1124941,1124942,1124946,1,4,5,completed,2
17725,Rigid,1124941,1124942,1124946,1,4,5,completed,2
17726,Rigid,1124942,1124942,1124946,0,4,4,completed,2
17727,Rigid,1124942,1124945,1124949,3,4,7,completed,2
17728,Rigid,1124942,1124945,1124949,3,4,7,completed,2
17729,Rigid,1124942,1124945,1124949,3,4,7,completed,2
17730,Rigid,1124942,1124945,1124949,3,4,7,completed,2
17731,Rigid,1124948,1124950,1124954,2,4,6,completed,2
17732,Rigid,1124948,1124950,1124954,2,4,6,completed,2
17733,Rigid,1124948,1124950,1124954,2,4,6,completed,2
17734,Rigid,1124948,1124950,1124955,2,5,7,completed,2
17735,Rigid,1124948,1124950,1124955,2,5,7,completed,2
17736,Rigid,1124948,1124950,1124955,2,5,7,completed,2
17737,Rigid,1124948,1124950,1124955,2,5,7,completed,2
17738,Rigid,1124948,1124950,1124996,2,46,48,completed,6
17739,Rigid,1124948,1124950,1124994,2,44,46,completed,6
17740,Rigid,1124948,1124950,1124994,2,44,46,completed,6
17741,Rigid,1124948,1124950,1124999,2,49,51,completed,6
17742,Rigid,1124948,1124950,1125003,2,53,55,completed,6
17743,Rigid,1124948,1124950,1124997,2,47,49,completed,6
17744,Rigid,1124949,1124950,1124955,1,5,6,completed,2
17745,Rigid,1124949,1124950,1124994,1,44,45,completed,6
17746,Rigid,1124949,1124950,1125003,1,53,54,completed,6
17747,Rigid,1124949,1124950,1124997,1,47,48,completed,6
17748,Rigid,1124949,1124950,1125000,1,50,51,completed,6
17749,Rigid,1124949,1124950,1124999,1,49,50,completed,6
17750,Rigid,1124949,1124950,1124994,1,44,45,completed,6
17751,Rigid,1124950,1124950,1124955,0,5,5,completed,2
17752,Rigid,1124950,1124950,1124955,0,5,5,completed,2
17753,Rigid,1124950,1124951,1124955,1,4,5,completed,2
17754,Rigid,1124950,1124950,1124995,0,45,45,completed,6
17755,Rigid,1124950,1124950,1124997,0,47,47,completed,6
17756,Rigid,1124950,1124950,1125003,0,53,53,completed,6
17757,Rigid,1124950,1124950,1124999,0,49,49,completed,6
17758,Rigid,1124950,1124950,1125012,0,62,62,completed,6
17759,Rigid,1124950,1124950,1125005,0,55,55,completed,6
17760,Rigid,1124950,1124950,1124994,0,44,44,completed,6
17761,Rigid,1124950,1124950,1124999,0,49,49,completed,6
17762,Rigid,1124950,1124951,1124994,1,43,44,completed,6
17763,Rigid,1124950,1124950,1124986,0,36,36,completed,6
17764,Rigid,1124951,1124951,1124994,0,43,43,completed,6
17765,Rigid,1124951,1124951,1124999,0,48,48,completed,6
17766,Rigid,1124951,1124954,1125012,3,58,61,completed,6
17767,Rigid,1124951,1124954,1125018,3,64,67,completed,6
17768,Rigid,1124951,1124954,1125023,3,69,72,completed,6
17769,Rigid,1124951,1124954,1125025,3,71,74,completed,6
17770,Rigid,1124951,1124954,1125017,3,63,66,completed,6
17771,Rigid,1124951,1124954,1125028,3,74,77,completed,6
17772,Rigid,1124951,1124954,1125019,3,65,68,completed,6
17773,Rigid,1124951,1124954,1124995,3,41,44,completed,6
17774,Rigid,1124951,1124954,1124985,3,31,34,completed,6
17775,Rigid,1124960,1124961,1125022,1,61,62,completed,6
17776,Rigid,1124961,1124961,1125024,0,63,63,completed,6
17777,Rigid,1124961,1124961,1125020,0,59,59,completed,6
17778,Rigid,1125037,1125038,1125050,1,12,13,completed,2
17779,Rigid,1125057,1125058,1125064,1,6,7,completed,2
17780,Rigid,1125057,1125058,1125081,1,23,24,completed,2
17781,Rigid,1125057,1125058,1125088,1,30,31,completed,2
17782,Rigid,1125057,1125058,1125095,1,37,38,completed,2
17783,Rigid,1125275,1125275,1140392,0,15117,15117,completed,8
17784,Rigid,1126339,1126747,1159956,408,33209,33617,completed,72
17785,Rigid,1126737,1126738,1126755,1,17,18,completed,1
17786,Rigid,1127203,1127204,1127214,1,10,11,completed,2
17787,Rigid,1127203,1127204,1127214,1,10,11,completed,2
17788,Rigid,1127203,1127204,1127215,1,11,12,completed,2
17789,Rigid,1127203,1127204,1127215,1,11,12,completed,2
17790,Rigid,1127203,1127204,1127215,1,11,12,completed,2
17791,Rigid,1127203,1127204,1127215,1,11,12,completed,2
17792,Rigid,1127204,1127205,1127214,1,9,10,completed,2
17793,Rigid,1127204,1127205,1127214,1,9,10,completed,2
17794,Rigid,1127204,1127205,1127214,1,9,10,completed,2
17795,Rigid,1127204,1127204,1127215,0,11,11,completed,2
17796,Rigid,1127204,1127204,1127214,0,10,10,completed,2
17797,Rigid,1127204,1127204,1127215,0,11,11,completed,2
17798,Rigid,1127204,1127205,1127215,1,10,11,completed,2
17799,Rigid,1127204,1127205,1127215,1,10,11,completed,2
17800,Rigid,1127204,1127205,1127215,1,10,11,completed,2
17801,Rigid,1127228,1127232,1127237,4,5,9,completed,2
17802,Rigid,1127228,1127228,1127250,0,22,22,completed,2
17803,Rigid,1127228,1127232,1127260,4,28,32,completed,2
17804,Rigid,1127380,1127380,1127396,0,16,16,completed,1
17805,Rigid,1127474,1127474,1127489,0,15,15,completed,1
17806,Rigid,1127482,1127483,1127504,1,21,22,completed,2
17807,Rigid,1127482,1127483,1127503,1,20,21,completed,2
17808,Rigid,1127482,1127483,1127503,1,20,21,completed,2
17809,Rigid,1127482,1127483,1127503,1,20,21,completed,2
17810,Rigid,1127482,1127483,1127503,1,20,21,completed,2
17811,Rigid,1127482,1127483,1127503,1,20,21,completed,2
17812,Rigid,1127482,1127483,1127503,1,20,21,completed,2
17813,Rigid,1127512,1127513,1127523,1,10,11,completed,2
17814,Rigid,1127638,1127639,1127676,1,37,38,completed,2
17815,Rigid,1127639,1127639,1127676,0,37,37,completed,2
17816,Rigid,1127639,1127642,1127677,3,35,38,completed,2
17817,Rigid,1127639,1127642,1127664,3,22,25,completed,2
17818,Rigid,1127639,1127642,1127677,3,35,38,completed,2
17819,Rigid,1127639,1127642,1127689,3,47,50,completed,2
17820,Rigid,1127639,1127642,1127678,3,36,39,completed,2
17821,Rigid,1127639,1127642,1127678,3,36,39,completed,2
17822,Rigid,1127640,1127642,1127678,2,36,38,completed,2
17823,Rigid,1127640,1127642,1127677,2,35,37,completed,2
17824,Rigid,1127640,1127642,1127666,2,24,26,completed,2
17825,Rigid,1127640,1127642,1127677,2,35,37,completed,2
17826,Rigid,1127640,1127642,1127660,2,18,20,completed,2
17827,Rigid,1127670,1127671,1127702,1,31,32,completed,2
17828,Rigid,1127670,1127671,1127694,1,23,24,completed,2
17829,Rigid,1127671,1127671,1127689,0,18,18,completed,2
17830,Rigid,1127681,1127682,1127706,1,24,25,completed,2
17831,Rigid,1127682,1127682,1127706,0,24,24,completed,2
17832,Rigid,1127682,1127686,1127706,4,20,24,completed,2
17833,Rigid,1127682,1127686,1127706,4,20,24,completed,2
17834,Rigid,1127683,1127686,1127706,3,20,23,completed,2
17835,Rigid,1127683,1127686,1127706,3,20,23,completed,2
17836,Rigid,1127683,1127686,1127706,3,20,23,completed,2
17837,Rigid,1127683,1127686,1127706,3,20,23,completed,2
17838,Rigid,1127683,1127686,1127706,3,20,23,completed,2
17839,Rigid,1127704,1127706,1127714,2,8,10,completed,2
17840,Rigid,1127715,1127716,1127736,1,20,21,completed,2
17841,Rigid,1127715,1127716,1127732,1,16,17,completed,2
17842,Rigid,1127716,1127716,1127727,0,11,11,completed,2
17843,Rigid,1127716,1127716,1127770,0,54,54,completed,2
17844,Rigid,1127716,1127716,1127772,0,56,56,completed,2
17845,Rigid,1127716,1127716,1127770,0,54,54,completed,2
17846,Rigid,1127717,1127720,1127773,3,53,56,completed,2
17847,Rigid,1127717,1127720,1127772,3,52,55,completed,2
17848,Rigid,1127717,1127720,1127740,3,20,23,completed,2
17849,Rigid,1127717,1127720,1127774,3,54,57,completed,2
17850,Rigid,1127717,1127720,1127737,3,17,20,completed,2
17851,Rigid,1127717,1127720,1127773,3,53,56,completed,2
17852,Rigid,1127717,1127720,1127740,3,20,23,completed,2
17853,Rigid,1127717,1127720,1127730,3,10,13,completed,2
17854,Rigid,1127717,1127720,1127740,3,20,23,completed,2
17855,Rigid,1127718,1127720,1127770,2,50,52,completed,2
17856,Rigid,1127718,1127720,1127770,2,50,52,completed,2
17857,Rigid,1127718,1127720,1127730,2,10,12,completed,2
17858,Rigid,1127718,1127720,1127770,2,50,52,completed,2
17859,Rigid,1127718,1127720,1127730,2,10,12,completed,2
17860,Rigid,1127718,1127720,1127740,2,20,22,completed,2
17861,Rigid,1127718,1127720,1127737,2,17,19,completed,2
17862,Rigid,1127718,1127720,1127771,2,51,53,completed,2
17863,Rigid,1127718,1127720,1127730,2,10,12,completed,2
17864,Rigid,1127719,1127720,1127770,1,50,51,completed,2
17865,Rigid,1127719,1127720,1127740,1,20,21,completed,2
17866,Rigid,1127719,1127720,1127730,1,10,11,completed,2
17867,Rigid,1127719,1127720,1127738,1,18,19,completed,2
17868,Rigid,1127719,1127720,1127740,1,20,21,completed,2
17869,Rigid,1127719,1127720,1127773,1,53,54,completed,2
17870,Rigid,1127719,1127720,1127737,1,17,18,completed,2
17871,Rigid,1127719,1127720,1127773,1,53,54,completed,2
17872,Rigid,1127719,1127720,1127731,1,11,12,completed,2
17873,Rigid,1127719,1127720,1127737,1,17,18,completed,2
17874,Rigid,1127719,1127720,1127771,1,51,52,completed,2
17875,Rigid,1127719,1127720,1127735,1,15,16,completed,2
17876,Rigid,1127720,1127720,1127737,0,17,17,completed,2
17877,Rigid,1127720,1127720,1127772,0,52,52,completed,2
17878,Rigid,1127720,1127720,1127772,0,52,52,completed,2
17879,Rigid,1127720,1127720,1127773,0,53,53,completed,2
17880,Rigid,1127720,1127720,1127774,0,54,54,completed,2
17881,Rigid,1127720,1127720,1127772,0,52,52,completed,2
17882,Rigid,1127720,1127721,1127738,1,17,18,completed,2
17883,Rigid,1127721,1127721,1127772,0,51,51,completed,2
17884,Rigid,1127721,1127721,1127774,0,53,53,completed,2
17885,Rigid,1127721,1127721,1127737,0,16,16,completed,2
17886,Rigid,1127721,1127721,1127775,0,54,54,completed,2
17887,Rigid,1127721,1127721,1127773,0,52,52,completed,2
17888,Rigid,1127721,1127721,1127741,0,20,20,completed,2
17889,Rigid,1127721,1127721,1127731,0,10,10,completed,2
17890,Rigid,1127742,1127742,1127749,0,7,7,completed,2
17891,Rigid,1127743,1127747,1127753,4,6,10,completed,2
17892,Rigid,1127744,1127747,1127753,3,6,9,completed,2
17893,Rigid,1127745,1127747,1127753,2,6,8,completed,2
17894,Rigid,1127745,1127747,1127753,2,6,8,completed,2
17895,Rigid,1127745,1127747,1127753,2,6,8,completed,2
17896,Rigid,1127745,1127747,1127764,2,17,19,completed,2
17897,Rigid,1127746,1127747,1127753,1,6,7,completed,2
17898,Rigid,1127746,1127747,1127752,1,5,6,completed,2
17899,Rigid,1127785,1127785,1127794,0,9,9,completed,2
17900,Rigid,1127795,1127795,1127805,0,10,10,completed,2
17901,Rigid,1127834,1127835,1127849,1,14,15,completed,1
17902,Rigid,1127877,1127878,1127883,1,5,6,completed,2
17903,Rigid,1127878,1127878,1127883,0,5,5,completed,2
17904,Rigid,1127878,1127878,1127883,0,5,5,completed,2
17905,Rigid,1127878,1127878,1127883,0,5,5,completed,2
17906,Rigid,1127878,1127878,1127883,0,5,5,completed,2
17907,Rigid,1127878,1127878,1127883,0,5,5,completed,2
17908,Rigid,1127878,1127878,1127883,0,5,5,completed,2
17909,Rigid,1127878,1127878,1127883,0,5,5,completed,2
17910,Rigid,1127878,1127878,1127883,0,5,5,completed,2
17911,Rigid,1127878,1127878,1127883,0,5,5,completed,2
17912,Rigid,1127878,1127878,1127883,0,5,5,completed,2
17913,Rigid,1127878,1127878,1127884,0,6,6,completed,2
17914,Rigid,1127878,1127882,1127887,4,5,9,completed,2
17915,Rigid,1127879,1127882,1127887,3,5,8,completed,2
17916,Rigid,1127879,1127882,1127887,3,5,8,completed,2
17917,Rigid,1127879,1127882,1127887,3,5,8,completed,2
17918,Rigid,1127879,1127882,1127888,3,6,9,completed,2
17919,Rigid,1127879,1127882,1127887,3,5,8,completed,2
17920,Rigid,1127879,1127882,1127887,3,5,8,completed,2
17921,Rigid,1127879,1127882,1127888,3,6,9,completed,2
17922,Rigid,1127879,1127882,1127887,3,5,8,completed,2
17923,Rigid,1127879,1127882,1127887,3,5,8,completed,2
17924,Rigid,1127880,1127882,1127887,2,5,7,completed,2
17925,Rigid,1127880,1127882,1127887,2,5,7,completed,2
17926,Rigid,1127880,1127882,1127887,2,5,7,completed,2
17927,Rigid,1127880,1127882,1127887,2,5,7,completed,2
17928,Rigid,1127880,1127882,1127887,2,5,7,completed,2
17929,Rigid,1127880,1127882,1127887,2,5,7,completed,2
17930,Rigid,1127880,1127882,1127887,2,5,7,completed,2
17931,Rigid,1127881,1127882,1127887,1,5,6,completed,2
17932,Rigid,1127881,1127882,1127887,1,5,6,completed,2
17933,Rigid,1127881,1127882,1127887,1,5,6,completed,2
17934,Rigid,1127881,1127882,1127887,1,5,6,completed,2
17935,Rigid,1127881,1127882,1127887,1,5,6,completed,2
17936,Rigid,1127881,1127882,1127887,1,5,6,completed,2
17937,Rigid,1127881,1127882,1127887,1,5,6,completed,2
17938,Rigid,1127881,1127882,1127887,1,5,6,completed,2
17939,Rigid,1127881,1127882,1127887,1,5,6,completed,2
17940,Rigid,1127882,1127882,1127887,0,5,5,completed,2
17941,Rigid,1127882,1127882,1127887,0,5,5,completed,2
17942,Rigid,1127882,1127882,1127887,0,5,5,completed,2
17943,Rigid,1127882,1127882,1127887,0,5,5,completed,2
17944,Rigid,1127882,1127882,1127887,0,5,5,completed,2
17945,Rigid,1127882,1127882,1127887,0,5,5,completed,2
17946,Rigid,1127882,1127882,1127887,0,5,5,completed,2
17947,Rigid,1127882,1127882,1127887,0,5,5,completed,2
17948,Rigid,1127882,1127882,1127887,0,5,5,completed,2
17949,Rigid,1127882,1127882,1127887,0,5,5,completed,2
17950,Rigid,1127882,1127882,1127887,0,5,5,completed,2
17951,Rigid,1127883,1127884,1127889,1,5,6,completed,2
17952,Rigid,1127883,1127884,1127889,1,5,6,completed,2
17953,Rigid,1127883,1127884,1127889,1,5,6,completed,2
17954,Rigid,1127883,1127884,1127889,1,5,6,completed,2
17955,Rigid,1127883,1127884,1127889,1,5,6,completed,2
17956,Rigid,1127883,1127884,1127889,1,5,6,completed,2
17957,Rigid,1127883,1127884,1127889,1,5,6,completed,2
17958,Rigid,1127883,1127884,1127889,1,5,6,completed,2
17959,Rigid,1127883,1127884,1127889,1,5,6,completed,2
17960,Rigid,1127883,1127884,1127889,1,5,6,completed,2
17961,Rigid,1127883,1127884,1127889,1,5,6,completed,2
17962,Rigid,1127883,1127884,1127889,1,5,6,completed,2
17963,Rigid,1128049,1128050,1128052,1,2,3,completed,36
17964,Rigid,1128145,1128145,1128148,0,3,3,completed,1
17965,Rigid,1128242,1180977,1249566,52735,68589,121324,completed,36
17966,Rigid,1128242,1182660,1262841,54418,80181,134599,completed,36
17967,Rigid,1128242,1186326,1303379,58084,117053,175137,completed,36
17968,Rigid,1128290,1133035,1184609,4745,51574,56319,completed,144
17969,Rigid,1128310,1186807,1286785,58497,99978,158475,completed,36
17970,Rigid,1128310,1186867,1322921,58557,136054,194611,completed,36
17971,Rigid,1128310,1186927,1273220,58617,86293,144910,completed,36
17972,Rigid,1128382,1128383,1128385,1,2,3,completed,1
17973,Rigid,1128421,1128422,1133349,1,4927,4928,completed,1
17974,Rigid,1128440,1128440,1128459,0,19,19,completed,1
17975,Rigid,1128488,1128488,1128490,0,2,2,completed,1
17976,Rigid,1128495,1133785,1185434,5290,51649,56939,completed,144
17977,Rigid,1128568,1128568,1128570,0,2,2,completed,1
17978,Rigid,1128719,1128719,1128726,0,7,7,completed,2
17979,Rigid,1128719,1128719,1128726,0,7,7,completed,2
17980,Rigid,1128719,1128719,1128726,0,7,7,completed,2
17981,Rigid,1128719,1128719,1128726,0,7,7,completed,2
17982,Rigid,1128719,1128722,1128726,3,4,7,completed,2
17983,Rigid,1128719,1128722,1128726,3,4,7,completed,2
17984,Rigid,1128719,1128722,1128726,3,4,7,completed,2
17985,Rigid,1128719,1128722,1128726,3,4,7,completed,2
17986,Rigid,1128719,1128722,1128726,3,4,7,completed,2
17987,Rigid,1128719,1128722,1128726,3,4,7,completed,2
17988,Rigid,1128719,1128722,1128726,3,4,7,completed,2
17989,Rigid,1128720,1128722,1128726,2,4,6,completed,2
17990,Rigid,1128720,1128722,1128726,2,4,6,completed,2
17991,Rigid,1128720,1128722,1128726,2,4,6,completed,2
17992,Rigid,1128720,1128722,1128726,2,4,6,completed,2
17993,Rigid,1128720,1128722,1128726,2,4,6,completed,2
17994,Rigid,1128720,1128722,1128726,2,4,6,completed,2
17995,Rigid,1128720,1128722,1128727,2,5,7,completed,2
17996,Rigid,1128720,1128722,1128727,2,5,7,completed,2
17997,Rigid,1128720,1128722,1128727,2,5,7,completed,2
17998,Rigid,1128720,1128722,1128727,2,5,7,completed,2
17999,Rigid,1128721,1128722,1128727,1,5,6,completed,2
18000,Rigid,1128721,1128722,1128727,1,5,6,completed,2
18001,Rigid,1128721,1128722,1128727,1,5,6,completed,2
18002,Rigid,1128721,1128722,1128727,1,5,6,completed,2
18003,Rigid,1128721,1128722,1128727,1,5,6,completed,2
18004,Rigid,1128721,1128722,1128727,1,5,6,completed,2
18005,Rigid,1128721,1128722,1128727,1,5,6,completed,2
18006,Rigid,1128721,1128722,1128727,1,5,6,completed,2
18007,Rigid,1128721,1128722,1128727,1,5,6,completed,2
18008,Rigid,1128721,1128722,1128727,1,5,6,completed,2
18009,Rigid,1128721,1128722,1128727,1,5,6,completed,2
18010,Rigid,1128721,1128722,1128727,1,5,6,completed,2
18011,Rigid,1128721,1128722,1128727,1,5,6,completed,2
18012,Rigid,1128722,1128722,1128727,0,5,5,completed,2
18013,Rigid,1128722,1128722,1128727,0,5,5,completed,2
18014,Rigid,1129198,1129202,1129207,4,5,9,completed,12
18015,Rigid,1129733,1133799,1185917,4066,52118,56184,completed,144
18016,Rigid,1131378,1131437,1134298,59,2861,2920,completed,36
18017,Rigid,1131482,1131935,1131939,453,4,457,completed,36
18018,Rigid,1131512,1131935,1131937,423,2,425,completed,36
18019,Rigid,1131933,1134454,1186670,2521,52216,54737,completed,144
18020,Rigid,1132421,1132438,1218847,17,86409,86426,completed,36
18021,Rigid,1132669,1133035,1134452,366,1417,1783,completed,216
18022,Rigid,1133357,1133358,1133362,1,4,5,completed,4
18023,Rigid,1133367,1133368,1137097,1,3729,3730,completed,4
18024,Rigid,1133378,1133379,1133391,1,12,13,completed,36
18025,Rigid,1133994,1140422,1313249,6428,172827,179255,completed,24
18026,Rigid,1134397,1134398,1177618,1,43220,43221,completed,36
18027,Rigid,1134696,1134715,1134737,19,22,41,completed,36
18028,Rigid,1134898,1134958,1134968,60,10,70,completed,36
18029,Rigid,1135559,1135559,1135571,0,12,12,completed,36
18030,Rigid,1137101,1137102,1137777,1,675,676,completed,1
18031,Rigid,1137101,1137102,1137490,1,388,389,completed,1
18032,Rigid,1137101,1137102,1137908,1,806,807,completed,1
18033,Rigid,1137101,1137102,1143547,1,6445,6446,completed,1
18034,Rigid,1137101,1137102,1140762,1,3660,3661,completed,1
18035,Rigid,1137785,1137788,1137798,3,10,13,completed,6
18036,Rigid,1138922,1138923,1138936,1,13,14,completed,36
18037,Rigid,1140764,1140765,1140896,1,131,132,completed,1
18038,Rigid,1141603,1141604,1141613,1,9,10,completed,36
18039,Rigid,1142358,1142359,1142364,1,5,6,completed,36
18040,Rigid,1143552,1143553,1143642,1,89,90,completed,6
18041,Rigid,1143643,1143643,1143649,0,6,6,completed,1
18042,Rigid,1143653,1143654,1143690,1,36,37,completed,1
18043,Rigid,1143656,1143658,1143662,2,4,6,completed,1
18044,Rigid,1144505,1193995,1366625,49490,172630,222120,completed,144
18045,Rigid,1144586,1215908,1367032,71322,151124,222446,completed,108
18046,Rigid,1175177,1175178,1176548,1,1370,1371,completed,36
18047,Rigid,1179323,1179325,1230198,2,50873,50875,completed,144
18048,Rigid,1179590,1179592,1230638,2,51046,51048,completed,144
18049,Rigid,1180783,1180785,1231640,2,50855,50857,completed,144
18050,Rigid,1182082,1182083,1233647,1,51564,51565,completed,144
18051,Rigid,1182264,1182265,1233557,1,51292,51293,completed,144
18052,Rigid,1182641,1182642,1234138,1,51496,51497,completed,144
18053,Rigid,1183755,1183756,1235042,1,51286,51287,completed,144
18054,Rigid,1184609,1184610,1236518,1,51908,51909,completed,144
18055,Rigid,1185434,1185435,1237302,1,51867,51868,completed,144
18056,Rigid,1185916,1185918,1238711,2,52793,52795,completed,144
18057,Rigid,1186670,1186671,1238888,1,52217,52218,completed,144
18058,Rigid,1186806,1186807,1186811,1,4,5,completed,36
18059,Rigid,1187436,1187437,1187440,1,3,4,completed,36
18060,Rigid,1187659,1187709,1313654,50,125945,125995,completed,36
18061,Rigid,1187659,1188250,1205842,591,17592,18183,completed,36
18062,Rigid,1187659,1188430,1203502,771,15072,15843,completed,36
18063,Rigid,1187698,1190865,1232396,3167,41531,44698,completed,36
18064,Rigid,1187698,1195409,1296444,7711,101035,108746,completed,36
18065,Rigid,1187698,1195439,1222828,7741,27389,35130,completed,36
18066,Rigid,1187748,1196341,1313988,8593,117647,126240,completed,36
18067,Rigid,1187748,1213383,1351356,25635,137973,163608,completed,36
18068,Rigid,1187748,1214616,1372012,26868,157396,184264,completed,36
18069,Rigid,1187782,1215938,1356715,28156,140777,168933,completed,36
18070,Rigid,1187782,1216119,1283420,28337,67301,95638,completed,36
18071,Rigid,1187782,1216179,1341533,28397,125354,153751,completed,36
18072,Rigid,1187816,1216750,1364750,28934,148000,176934,completed,36
18073,Rigid,1187816,1218613,1285346,30797,66733,97530,completed,36
18074,Rigid,1187816,1220596,1299453,32780,78857,111637,completed,36
18075,Rigid,1187844,1187844,1200738,0,12894,12894,completed,36
18076,Rigid,1188107,1188107,1188111,0,4,4,completed,36
18077,Rigid,1188375,1188376,1188378,1,2,3,completed,36
18078,Rigid,1188452,1188452,1188455,0,3,3,completed,36
18079,Rigid,1188515,1188515,1188660,0,145,145,completed,1
18080,Rigid,1188515,1188519,1188678,4,159,163,completed,1
18081,Rigid,1188515,1188519,1188659,4,140,144,completed,1
18082,Rigid,1188515,1188519,1188673,4,154,158,completed,1
18083,Rigid,1188515,1188515,1193408,0,4893,4893,completed,1
18084,Rigid,1188515,1188519,1193818,4,5299,5303,completed,1
18085,Rigid,1188550,1220596,1384323,32046,163727,195773,completed,36
18086,Rigid,1188550,1220596,1344880,32046,124284,156330,completed,36
18087,Rigid,1188550,1220596,1316779,32046,96183,128229,completed,36
18088,Rigid,1188606,1220596,1331331,31990,110735,142725,completed,36
18089,Rigid,1188606,1220597,1337898,31991,117301,149292,completed,36
18090,Rigid,1188606,1220597,1359370,31991,138773,170764,completed,36
18091,Rigid,1188651,1220597,1291670,31946,71073,103019,completed,36
18092,Rigid,1188651,1220657,1280604,32006,59947,91953,completed,36
18093,Rigid,1188651,1220687,1299985,32036,79298,111334,completed,36
18094,Rigid,1188657,1188658,1188661,1,3,4,completed,36
18095,Rigid,1188665,1188665,1188717,0,52,52,completed,3
18096,Rigid,1188685,1188685,1188731,0,46,46,completed,3
18097,Rigid,1188698,1220687,1275500,31989,54813,86802,completed,36
18098,Rigid,1188698,1220687,1358547,31989,137860,169849,completed,36
18099,Rigid,1188698,1220687,1371344,31989,150657,182646,completed,36
18100,Rigid,1188706,1188707,1188709,1,2,3,completed,36
18101,Rigid,1188725,1188726,1188730,1,4,5,completed,1
18102,Rigid,1188735,1188736,1188741,1,5,6,completed,1
18103,Rigid,1188752,1188753,1188756,1,3,4,completed,36
18104,Rigid,1188870,1188870,1188873,0,3,3,completed,36
18105,Rigid,1188898,1193958,1539571,5060,345613,350673,completed,216
18106,Rigid,1188906,1188906,1188909,0,3,3,completed,36
18107,Rigid,1188935,1188935,1191946,0,3011,3011,completed,36
18108,Rigid,1188936,1188939,1188942,3,3,6,completed,36
18109,Rigid,1188970,1188970,1188973,0,3,3,completed,36
18110,Rigid,1189539,1190437,1195395,898,4958,5856,completed,36
18111,Rigid,1190412,1190437,1190790,25,353,378,completed,72
18112,Rigid,1190794,1190797,1192098,3,1301,1304,completed,72
18113,Rigid,1191075,1192105,1192111,1030,6,1036,completed,72
18114,Rigid,1191545,1191546,1191578,1,32,33,completed,2
18115,Rigid,1191545,1191546,1191578,1,32,33,completed,2
18116,Rigid,1191545,1191546,1191578,1,32,33,completed,2
18117,Rigid,1191545,1191546,1191578,1,32,33,completed,2
18118,Rigid,1191546,1191546,1191578,0,32,32,completed,2
18119,Rigid,1191546,1191546,1191578,0,32,32,completed,2
18120,Rigid,1191546,1191546,1191578,0,32,32,completed,2
18121,Rigid,1191546,1191546,1191578,0,32,32,completed,2
18122,Rigid,1191546,1191546,1191578,0,32,32,completed,2
18123,Rigid,1191546,1191546,1191578,0,32,32,completed,2
18124,Rigid,1191546,1191546,1191578,0,32,32,completed,2
18125,Rigid,1191546,1191550,1191578,4,28,32,completed,2
18126,Rigid,1191546,1191550,1191578,4,28,32,completed,2
18127,Rigid,1191546,1191550,1191578,4,28,32,completed,2
18128,Rigid,1191547,1191550,1191578,3,28,31,completed,2
18129,Rigid,1191547,1191550,1191578,3,28,31,completed,2
18130,Rigid,1191547,1191550,1191578,3,28,31,completed,2
18131,Rigid,1191547,1191550,1191578,3,28,31,completed,2
18132,Rigid,1191547,1191550,1191578,3,28,31,completed,2
18133,Rigid,1191547,1191550,1191578,3,28,31,completed,2
18134,Rigid,1191547,1191550,1191578,3,28,31,completed,2
18135,Rigid,1191547,1191550,1191578,3,28,31,completed,2
18136,Rigid,1191547,1191550,1191578,3,28,31,completed,2
18137,Rigid,1191547,1191550,1191578,3,28,31,completed,2
18138,Rigid,1192016,1192112,1192121,96,9,105,completed,72
18139,Rigid,1192075,1192076,1195419,1,3343,3344,completed,36
18140,Rigid,1192170,1192171,1192177,1,6,7,completed,72
18141,Rigid,1192208,1192209,1192214,1,5,6,completed,1
18142,Rigid,1192208,1192229,1192233,21,4,25,completed,1
18143,Rigid,1192237,1193958,1193971,1721,13,1734,completed,144
18144,Rigid,1192271,1192272,1192275,1,3,4,completed,1
18145,Rigid,1192271,1192286,1192290,15,4,19,completed,1
18146,Rigid,1192308,1192460,1193744,152,1284,1436,completed,72
18147,Rigid,1192316,1192317,1192320,1,3,4,completed,1
18148,Rigid,1192316,1192332,1192335,16,3,19,completed,1
18149,Rigid,1192454,1192457,1192460,3,3,6,completed,1
18150,Rigid,1192454,1192471,1192474,17,3,20,completed,1
18151,Rigid,1192543,1192543,1192546,0,3,3,completed,1
18152,Rigid,1192543,1192557,1192560,14,3,17,completed,1
18153,Rigid,1192704,1192704,1192707,0,3,3,completed,1
18154,Rigid,1192704,1192718,1192721,14,3,17,completed,1
18155,Rigid,1192891,1192892,1194258,1,1366,1367,completed,36
18156,Rigid,1193414,1193417,1226217,3,32800,32803,completed,9
18157,Rigid,1193825,1193826,1229760,1,35934,35935,completed,9
18158,Rigid,1193899,1193900,1193907,1,7,8,completed,2
18159,Rigid,1193899,1193900,1193918,1,18,19,completed,2
18160,Rigid,1193899,1193900,1193937,1,37,38,completed,2
18161,Rigid,1193909,1193909,1193914,0,5,5,completed,2
18162,Rigid,1193909,1193909,1193914,0,5,5,completed,2
18163,Rigid,1193909,1193909,1193914,0,5,5,completed,2
18164,Rigid,1193909,1193909,1193914,0,5,5,completed,2
18165,Rigid,1193909,1193913,1193918,4,5,9,completed,2
18166,Rigid,1193909,1193913,1193918,4,5,9,completed,2
18167,Rigid,1193909,1193913,1193918,4,5,9,completed,2
18168,Rigid,1193909,1193913,1193918,4,5,9,completed,2
18169,Rigid,1193940,1193940,1193946,0,6,6,completed,2
18170,Rigid,1193940,1193940,1193949,0,9,9,completed,2
18171,Rigid,1193940,1193940,1193948,0,8,8,completed,2
18172,Rigid,1193940,1193940,1193945,0,5,5,completed,2
18173,Rigid,1193940,1193940,1193955,0,15,15,completed,2
18174,Rigid,1193950,1193950,1193958,0,8,8,completed,2
18175,Rigid,1193950,1193953,1193960,3,7,10,completed,2
18176,Rigid,1193950,1193953,1193970,3,17,20,completed,2
18177,Rigid,1193960,1193961,1193968,1,7,8,completed,2
18178,Rigid,1193961,1193961,1193973,0,12,12,completed,2
18179,Rigid,1193961,1193961,1193973,0,12,12,completed,2
18180,Rigid,1193961,1193961,1193973,0,12,12,completed,2
18181,Rigid,1193961,1193961,1193973,0,12,12,completed,2
18182,Rigid,1193961,1193961,1193973,0,12,12,completed,2
18183,Rigid,1193961,1193961,1193973,0,12,12,completed,2
18184,Rigid,1193961,1193961,1193973,0,12,12,completed,2
18185,Rigid,1193961,1193961,1193976,0,15,15,completed,2
18186,Rigid,1193961,1193961,1193973,0,12,12,completed,2
18187,Rigid,1193961,1193961,1193978,0,17,17,completed,2
18188,Rigid,1193961,1193965,1193977,4,12,16,completed,2
18189,Rigid,1193962,1193965,1193972,3,7,10,completed,2
18190,Rigid,1193970,1193971,1193977,1,6,7,completed,2
18191,Rigid,1193971,1193971,1193982,0,11,11,completed,2
18192,Rigid,1193971,1193971,1193986,0,15,15,completed,2
18193,Rigid,1193982,1193982,1193987,0,5,5,completed,2
18194,Rigid,1193982,1193982,1193987,0,5,5,completed,2
18195,Rigid,1193982,1193982,1193987,0,5,5,completed,2
18196,Rigid,1193982,1193983,1193988,1,5,6,completed,2
18197,Rigid,1193982,1193983,1193988,1,5,6,completed,2
18198,Rigid,1193982,1193983,1193988,1,5,6,completed,2
18199,Rigid,1193982,1193982,1193996,0,14,14,completed,2
18200,Rigid,1193982,1193982,1193996,0,14,14,completed,2
18201,Rigid,1193982,1193982,1193996,0,14,14,completed,2
18202,Rigid,1193982,1193983,1193997,1,14,15,completed,2
18203,Rigid,1193982,1193983,1193998,1,15,16,completed,2
18204,Rigid,1193982,1193983,1193997,1,14,15,completed,2
18205,Rigid,1193983,1193983,1193988,0,5,5,completed,2
18206,Rigid,1193983,1193983,1193988,0,5,5,completed,2
18207,Rigid,1193983,1193983,1193990,0,7,7,completed,2
18208,Rigid,1193983,1193983,1193997,0,14,14,completed,2
18209,Rigid,1193983,1193983,1193997,0,14,14,completed,2
18210,Rigid,1193994,1193995,1194001,1,6,7,completed,2
18211,Rigid,1193994,1193995,1194001,1,6,7,completed,2
18212,Rigid,1193994,1193995,1194008,1,13,14,completed,2
18213,Rigid,1193997,1193998,1195377,1,1379,1380,completed,36
18214,Rigid,1193997,1193998,1194494,1,496,497,completed,36
18215,Rigid,1193997,1194266,1195377,269,1111,1380,completed,36
18216,Rigid,1193997,1194507,1194831,510,324,834,completed,36
18217,Rigid,1193997,1194687,1195377,690,690,1380,completed,36
18218,Rigid,1193997,1194687,1195377,690,690,1380,completed,36
18219,Rigid,1193997,1194838,1195377,841,539,1380,completed,36
18220,Rigid,1194004,1194005,1194012,1,7,8,completed,2
18221,Rigid,1194004,1194005,1194013,1,8,9,completed,2
18222,Rigid,1194004,1194005,1194011,1,6,7,completed,2
18223,Rigid,1194004,1194005,1194038,1,33,34,completed,2
18224,Rigid,1194004,1194005,1194037,1,32,33,completed,2
18225,Rigid,1194004,1194005,1194037,1,32,33,completed,2
18226,Rigid,1194005,1194005,1194012,0,7,7,completed,2
18227,Rigid,1194005,1194009,1194017,4,8,12,completed,2
18228,Rigid,1194005,1194009,1194016,4,7,11,completed,2
18229,Rigid,1194005,1194009,1194017,4,8,12,completed,2
18230,Rigid,1194005,1194009,1194017,4,8,12,completed,2
18231,Rigid,1194005,1194005,1194038,0,33,33,completed,2
18232,Rigid,1194005,1194005,1194037,0,32,32,completed,2
18233,Rigid,1194005,1194009,1194040,4,31,35,completed,2
18234,Rigid,1194005,1194009,1194041,4,32,36,completed,2
18235,Rigid,1194005,1194009,1194041,4,32,36,completed,2
18236,Rigid,1194006,1194009,1194017,3,8,11,completed,2
18237,Rigid,1194006,1194009,1194016,3,7,10,completed,2
18238,Rigid,1194006,1194009,1194017,3,8,11,completed,2
18239,Rigid,1194006,1194009,1194017,3,8,11,completed,2
18240,Rigid,1194006,1194009,1194016,3,7,10,completed,2
18241,Rigid,1194006,1194009,1194017,3,8,11,completed,2
18242,Rigid,1194006,1194009,1194016,3,7,10,completed,2
18243,Rigid,1194006,1194009,1194018,3,9,12,completed,2
18244,Rigid,1194006,1194009,1194016,3,7,10,completed,2
18245,Rigid,1194006,1194009,1194018,3,9,12,completed,2
18246,Rigid,1194006,1194009,1194017,3,8,11,completed,2
18247,Rigid,1194006,1194009,1194017,3,8,11,completed,2
18248,Rigid,1194006,1194009,1194018,3,9,12,completed,2
18249,Rigid,1194006,1194009,1194040,3,31,34,completed,2
18250,Rigid,1194006,1194009,1194039,3,30,33,completed,2
18251,Rigid,1194006,1194009,1194040,3,31,34,completed,2
18252,Rigid,1194006,1194009,1194040,3,31,34,completed,2
18253,Rigid,1194006,1194009,1194040,3,31,34,completed,2
18254,Rigid,1194006,1194009,1194041,3,32,35,completed,2
18255,Rigid,1194006,1194009,1194041,3,32,35,completed,2
18256,Rigid,1194006,1194009,1194041,3,32,35,completed,2
18257,Rigid,1194006,1194009,1194040,3,31,34,completed,2
18258,Rigid,1194006,1194009,1194041,3,32,35,completed,2
18259,Rigid,1194007,1194009,1194017,2,8,10,completed,2
18260,Rigid,1194007,1194009,1194016,2,7,9,completed,2
18261,Rigid,1194007,1194009,1194017,2,8,10,completed,2
18262,Rigid,1194007,1194009,1194042,2,33,35,completed,2
18263,Rigid,1194007,1194009,1194041,2,32,34,completed,2
18264,Rigid,1194007,1194009,1194041,2,32,34,completed,2
18265,Rigid,1194007,1194009,1194040,2,31,33,completed,2
18266,Rigid,1194007,1194009,1194039,2,30,32,completed,2
18267,Rigid,1194007,1194009,1194039,2,30,32,completed,2
18268,Rigid,1194007,1194009,1194023,2,14,16,completed,2
18269,Rigid,1194015,1194017,1194022,2,5,7,completed,2
18270,Rigid,1194016,1194017,1194022,1,5,6,completed,2
18271,Rigid,1194016,1194017,1194022,1,5,6,completed,2
18272,Rigid,1194017,1194017,1194023,0,6,6,completed,2
18273,Rigid,1194017,1194017,1194023,0,6,6,completed,2
18274,Rigid,1194018,1194018,1194023,0,5,5,completed,2
18275,Rigid,1194019,1194019,1194025,0,6,6,completed,2
18276,Rigid,1194019,1194021,1194027,2,6,8,completed,2
18277,Rigid,1194049,1194049,1194054,0,5,5,completed,2
18278,Rigid,1194059,1194059,1194068,0,9,9,completed,2
18279,Rigid,1194130,1194131,1194136,1,5,6,completed,2
18280,Rigid,1194130,1194131,1194136,1,5,6,completed,2
18281,Rigid,1194130,1194131,1194136,1,5,6,completed,2
18282,Rigid,1194130,1194131,1194166,1,35,36,completed,2
18283,Rigid,1194130,1194131,1194160,1,29,30,completed,2
18284,Rigid,1194130,1194131,1194160,1,29,30,completed,2
18285,Rigid,1194130,1194131,1194166,1,35,36,completed,2
18286,Rigid,1194131,1194131,1194136,0,5,5,completed,2
18287,Rigid,1194131,1194131,1194136,0,5,5,completed,2
18288,Rigid,1194131,1194131,1194136,0,5,5,completed,2
18289,Rigid,1194131,1194133,1194138,2,5,7,completed,2
18290,Rigid,1194131,1194133,1194138,2,5,7,completed,2
18291,Rigid,1194131,1194133,1194138,2,5,7,completed,2
18292,Rigid,1194131,1194133,1194138,2,5,7,completed,2
18293,Rigid,1194131,1194133,1194138,2,5,7,completed,2
18294,Rigid,1194131,1194133,1194167,2,34,36,completed,2
18295,Rigid,1194131,1194133,1194173,2,40,42,completed,2
18296,Rigid,1194131,1194133,1194176,2,43,45,completed,2
18297,Rigid,1194131,1194133,1194180,2,47,49,completed,2
18298,Rigid,1194131,1194133,1194176,2,43,45,completed,2
18299,Rigid,1194132,1194133,1194138,1,5,6,completed,2
18300,Rigid,1194132,1194133,1194138,1,5,6,completed,2
18301,Rigid,1194132,1194133,1194138,1,5,6,completed,2
18302,Rigid,1194132,1194133,1194138,1,5,6,completed,2
18303,Rigid,1194132,1194133,1194138,1,5,6,completed,2
18304,Rigid,1194132,1194133,1194138,1,5,6,completed,2
18305,Rigid,1194132,1194133,1194138,1,5,6,completed,2
18306,Rigid,1194132,1194133,1194138,1,5,6,completed,2
18307,Rigid,1194132,1194133,1194138,1,5,6,completed,2
18308,Rigid,1194132,1194133,1194138,1,5,6,completed,2
18309,Rigid,1194132,1194133,1194138,1,5,6,completed,2
18310,Rigid,1194132,1194133,1194138,1,5,6,completed,2
18311,Rigid,1194132,1194133,1194138,1,5,6,completed,2
18312,Rigid,1194132,1194133,1194186,1,53,54,completed,2
18313,Rigid,1194132,1194133,1194174,1,41,42,completed,2
18314,Rigid,1194132,1194133,1194166,1,33,34,completed,2
18315,Rigid,1194132,1194133,1194183,1,50,51,completed,2
18316,Rigid,1194132,1194133,1194185,1,52,53,completed,2
18317,Rigid,1194132,1194133,1194183,1,50,51,completed,2
18318,Rigid,1194132,1194133,1194174,1,41,42,completed,2
18319,Rigid,1194132,1194133,1194183,1,50,51,completed,2
18320,Rigid,1194132,1194133,1194166,1,33,34,completed,2
18321,Rigid,1194132,1194133,1194189,1,56,57,completed,2
18322,Rigid,1194132,1194133,1194186,1,53,54,completed,2
18323,Rigid,1194133,1194133,1194138,0,5,5,completed,2
18324,Rigid,1194133,1194133,1194138,0,5,5,completed,2
18325,Rigid,1194133,1194133,1194138,0,5,5,completed,2
18326,Rigid,1194133,1194133,1194138,0,5,5,completed,2
18327,Rigid,1194133,1194133,1194174,0,41,41,completed,2
18328,Rigid,1194133,1194133,1194174,0,41,41,completed,2
18329,Rigid,1194133,1194133,1194167,0,34,34,completed,2
18330,Rigid,1194133,1194133,1194176,0,43,43,completed,2
18331,Rigid,1194133,1194133,1194167,0,34,34,completed,2
18332,Rigid,1194133,1194133,1194168,0,35,35,completed,2
18333,Rigid,1194133,1194137,1194168,4,31,35,completed,2
18334,Rigid,1194133,1194137,1194168,4,31,35,completed,2
18335,Rigid,1194133,1194137,1194171,4,34,38,completed,2
18336,Rigid,1194133,1194137,1194189,4,52,56,completed,2
18337,Rigid,1194133,1194137,1194186,4,49,53,completed,2
18338,Rigid,1194133,1194137,1194168,4,31,35,completed,2
18339,Rigid,1194133,1194137,1194173,4,36,40,completed,2
18340,Rigid,1194133,1194137,1194173,4,36,40,completed,2
18341,Rigid,1194133,1194137,1194191,4,54,58,completed,2
18342,Rigid,1194133,1194137,1194198,4,61,65,completed,2
18343,Rigid,1194134,1194137,1194168,3,31,34,completed,2
18344,Rigid,1194134,1194137,1194168,3,31,34,completed,2
18345,Rigid,1194134,1194137,1194173,3,36,39,completed,2
18346,Rigid,1194134,1194137,1194203,3,66,69,completed,2
18347,Rigid,1194134,1194137,1194203,3,66,69,completed,2
18348,Rigid,1194134,1194137,1194168,3,31,34,completed,2
18349,Rigid,1194134,1194137,1194173,3,36,39,completed,2
18350,Rigid,1194134,1194137,1194168,3,31,34,completed,2
18351,Rigid,1194134,1194137,1194198,3,61,64,completed,2
18352,Rigid,1194134,1194137,1194198,3,61,64,completed,2
18353,Rigid,1194134,1194137,1194168,3,31,34,completed,2
18354,Rigid,1194134,1194137,1194174,3,37,40,completed,2
18355,Rigid,1194134,1194137,1194173,3,36,39,completed,2
18356,Rigid,1194134,1194137,1194197,3,60,63,completed,2
18357,Rigid,1194134,1194137,1194200,3,63,66,completed,2
18358,Rigid,1194134,1194137,1194185,3,48,51,completed,2
18359,Rigid,1194134,1194137,1194168,3,31,34,completed,2
18360,Rigid,1194134,1194137,1194168,3,31,34,completed,2
18361,Rigid,1194134,1194137,1194168,3,31,34,completed,2
18362,Rigid,1194134,1194137,1194169,3,32,35,completed,2
18363,Rigid,1194134,1194137,1194170,3,33,36,completed,2
18364,Rigid,1194134,1194137,1194169,3,32,35,completed,2
18365,Rigid,1194135,1194137,1194168,2,31,33,completed,2
18366,Rigid,1194135,1194137,1194168,2,31,33,completed,2
18367,Rigid,1194135,1194137,1194169,2,32,34,completed,2
18368,Rigid,1194135,1194137,1194169,2,32,34,completed,2
18369,Rigid,1194135,1194137,1194168,2,31,33,completed,2
18370,Rigid,1194135,1194137,1194168,2,31,33,completed,2
18371,Rigid,1194135,1194137,1194169,2,32,34,completed,2
18372,Rigid,1194135,1194137,1194168,2,31,33,completed,2
18373,Rigid,1194135,1194137,1194168,2,31,33,completed,2
18374,Rigid,1194135,1194137,1194168,2,31,33,completed,2
18375,Rigid,1194135,1194137,1194168,2,31,33,completed,2
18376,Rigid,1194135,1194137,1194168,2,31,33,completed,2
18377,Rigid,1194136,1194137,1194168,1,31,32,completed,2
18378,Rigid,1194136,1194137,1194169,1,32,33,completed,2
18379,Rigid,1194136,1194137,1194169,1,32,33,completed,2
18380,Rigid,1194136,1194137,1194168,1,31,32,completed,2
18381,Rigid,1194136,1194137,1194168,1,31,32,completed,2
18382,Rigid,1194136,1194137,1194169,1,32,33,completed,2
18383,Rigid,1194136,1194137,1194168,1,31,32,completed,2
18384,Rigid,1194136,1194137,1194168,1,31,32,completed,2
18385,Rigid,1194136,1194137,1194168,1,31,32,completed,2
18386,Rigid,1194136,1194137,1194169,1,32,33,completed,2
18387,Rigid,1194136,1194137,1194168,1,31,32,completed,2
18388,Rigid,1194136,1194137,1194168,1,31,32,completed,2
18389,Rigid,1194136,1194137,1194168,1,31,32,completed,2
18390,Rigid,1194136,1194137,1194168,1,31,32,completed,2
18391,Rigid,1194137,1194137,1194168,0,31,31,completed,2
18392,Rigid,1194137,1194137,1194169,0,32,32,completed,2
18393,Rigid,1194137,1194137,1194168,0,31,31,completed,2
18394,Rigid,1194137,1194137,1194168,0,31,31,completed,2
18395,Rigid,1194137,1194137,1194169,0,32,32,completed,2
18396,Rigid,1194137,1194137,1194169,0,32,32,completed,2
18397,Rigid,1194137,1194137,1194169,0,32,32,completed,2
18398,Rigid,1194137,1194137,1194169,0,32,32,completed,2
18399,Rigid,1194137,1194137,1194169,0,32,32,completed,2
18400,Rigid,1194137,1194137,1194169,0,32,32,completed,2
18401,Rigid,1194137,1194137,1194169,0,32,32,completed,2
18402,Rigid,1194137,1194137,1194169,0,32,32,completed,2
18403,Rigid,1194137,1194137,1194169,0,32,32,completed,2
18404,Rigid,1194137,1194138,1194169,1,31,32,completed,2
18405,Rigid,1194137,1194138,1194169,1,31,32,completed,2
18406,Rigid,1194137,1194138,1194169,1,31,32,completed,2
18407,Rigid,1194138,1194139,1194172,1,33,34,completed,2
18408,Rigid,1194138,1194139,1194172,1,33,34,completed,2
18409,Rigid,1194138,1194139,1194169,1,30,31,completed,2
18410,Rigid,1194138,1194139,1194172,1,33,34,completed,2
18411,Rigid,1194138,1194139,1194173,1,34,35,completed,2
18412,Rigid,1194138,1194139,1194172,1,33,34,completed,2
18413,Rigid,1194138,1194139,1194169,1,30,31,completed,2
18414,Rigid,1194138,1194139,1194169,1,30,31,completed,2
18415,Rigid,1194138,1194139,1194169,1,30,31,completed,2
18416,Rigid,1194138,1194139,1194169,1,30,31,completed,2
18417,Rigid,1194138,1194139,1194169,1,30,31,completed,2
18418,Rigid,1194138,1194139,1194173,1,34,35,completed,2
18419,Rigid,1194139,1194139,1194169,0,30,30,completed,2
18420,Rigid,1194139,1194139,1194169,0,30,30,completed,2
18421,Rigid,1194240,1195381,1195392,1141,11,1152,completed,216
18422,Rigid,1194345,1194346,1194351,1,5,6,completed,36
18423,Rigid,1194352,1194353,1194385,1,32,33,completed,2
18424,Rigid,1194352,1194353,1194384,1,31,32,completed,2
18425,Rigid,1194352,1194353,1194384,1,31,32,completed,2
18426,Rigid,1194352,1194353,1194385,1,32,33,completed,2
18427,Rigid,1194352,1194353,1194384,1,31,32,completed,2
18428,Rigid,1194352,1194353,1194384,1,31,32,completed,2
18429,Rigid,1194352,1194353,1194385,1,32,33,completed,2
18430,Rigid,1194352,1194353,1194384,1,31,32,completed,2
18431,Rigid,1194352,1194353,1194384,1,31,32,completed,2
18432,Rigid,1194352,1194353,1194385,1,32,33,completed,2
18433,Rigid,1194352,1194353,1194384,1,31,32,completed,2
18434,Rigid,1194352,1194353,1194384,1,31,32,completed,2
18435,Rigid,1194352,1194353,1194385,1,32,33,completed,2
18436,Rigid,1194353,1194353,1194385,0,32,32,completed,2
18437,Rigid,1194353,1194353,1194384,0,31,31,completed,2
18438,Rigid,1194353,1194353,1194385,0,32,32,completed,2
18439,Rigid,1194353,1194353,1194384,0,31,31,completed,2
18440,Rigid,1194353,1194353,1194385,0,32,32,completed,2
18441,Rigid,1194353,1194356,1194384,3,28,31,completed,2
18442,Rigid,1194353,1194356,1194385,3,29,32,completed,2
18443,Rigid,1194353,1194356,1194385,3,29,32,completed,2
18444,Rigid,1194353,1194356,1194385,3,29,32,completed,2
18445,Rigid,1194353,1194356,1194384,3,28,31,completed,2
18446,Rigid,1194353,1194356,1194385,3,29,32,completed,2
18447,Rigid,1194439,1194439,1194442,0,3,3,completed,36
18448,Rigid,1194500,1194500,1194503,0,3,3,completed,36
18449,Rigid,1194535,1194535,1194538,0,3,3,completed,36
18450,Rigid,1194567,1194568,1194571,1,3,4,completed,36
18451,Rigid,1194602,1194602,1194605,0,3,3,completed,36
18452,Rigid,1194642,1194642,1194645,0,3,3,completed,36
18453,Rigid,1194665,1194665,1194668,0,3,3,completed,36
18454,Rigid,1194705,1194705,1194708,0,3,3,completed,36
18455,Rigid,1194717,1195394,1195926,677,532,1209,completed,144
18456,Rigid,1194727,1194727,1194730,0,3,3,completed,36
18457,Rigid,1194753,1194754,1194757,1,3,4,completed,36
18458,Rigid,1194784,1194784,1194787,0,3,3,completed,36
18459,Rigid,1194808,1194808,1194811,0,3,3,completed,36
18460,Rigid,1194947,1194947,1194950,0,3,3,completed,36
18461,Rigid,1195094,1195097,1195100,3,3,6,completed,36
18462,Rigid,1195489,1195490,1196268,1,778,779,completed,36
18463,Rigid,1195489,1195490,1196268,1,778,779,completed,36
18464,Rigid,1195489,1195934,1196268,445,334,779,completed,36
18465,Rigid,1195489,1195934,1196268,445,334,779,completed,36
18466,Rigid,1195489,1195934,1196268,445,334,779,completed,36
18467,Rigid,1195489,1195934,1196268,445,334,779,completed,36
18468,Rigid,1195588,1195589,1195596,1,7,8,completed,2
18469,Rigid,1195588,1195589,1195637,1,48,49,completed,2
18470,Rigid,1195639,1195640,1195649,1,9,10,completed,2
18471,Rigid,1195639,1195640,1195645,1,5,6,completed,2
18472,Rigid,1195639,1195640,1195658,1,18,19,completed,2
18473,Rigid,1195639,1195640,1195651,1,11,12,completed,2
18474,Rigid,1195768,1195769,1195772,1,3,4,completed,72
18475,Rigid,1195794,1195795,1195797,1,2,3,completed,72
18476,Rigid,1195822,1195822,1195825,0,3,3,completed,72
18477,Rigid,1195838,1195838,1195847,0,9,9,completed,2
18478,Rigid,1195838,1195838,1195849,0,11,11,completed,2
18479,Rigid,1195848,1195849,1195857,1,8,9,completed,2
18480,Rigid,1195848,1195849,1195865,1,16,17,completed,2
18481,Rigid,1195848,1195849,1195868,1,19,20,completed,2
18482,Rigid,1195858,1195858,1195871,0,13,13,completed,2
18483,Rigid,1195858,1195858,1195871,0,13,13,completed,2
18484,Rigid,1195858,1195858,1195876,0,18,18,completed,2
18485,Rigid,1195858,1195858,1195872,0,14,14,completed,2
18486,Rigid,1195858,1195858,1195871,0,13,13,completed,2
18487,Rigid,1195858,1195858,1195872,0,14,14,completed,2
18488,Rigid,1195859,1195860,1195876,1,16,17,completed,2
18489,Rigid,1195859,1195860,1195876,1,16,17,completed,2
18490,Rigid,1195859,1195860,1195872,1,12,13,completed,2
18491,Rigid,1195859,1195860,1195876,1,16,17,completed,2
18492,Rigid,1195880,1195881,1195896,1,15,16,completed,2
18493,Rigid,1195881,1195885,1195893,4,8,12,completed,2
18494,Rigid,1195881,1195881,1195896,0,15,15,completed,2
18495,Rigid,1195881,1195881,1195896,0,15,15,completed,2
18496,Rigid,1195881,1195881,1195896,0,15,15,completed,2
18497,Rigid,1195881,1195881,1195896,0,15,15,completed,2
18498,Rigid,1195881,1195885,1195900,4,15,19,completed,2
18499,Rigid,1195881,1195885,1195900,4,15,19,completed,2
18500,Rigid,1195882,1195885,1195893,3,8,11,completed,2
18501,Rigid,1195882,1195885,1195900,3,15,18,completed,2
18502,Rigid,1195882,1195885,1195901,3,16,19,completed,2
18503,Rigid,1195882,1195885,1195898,3,13,16,completed,2
18504,Rigid,1195902,1195903,1195912,1,9,10,completed,2
18505,Rigid,1195903,1195903,1195910,0,7,7,completed,2
18506,Rigid,1195903,1195903,1195911,0,8,8,completed,2
18507,Rigid,1195903,1195903,1195911,0,8,8,completed,2
18508,Rigid,1195903,1195903,1195912,0,9,9,completed,2
18509,Rigid,1195903,1195903,1195912,0,9,9,completed,2
18510,Rigid,1195903,1195903,1195936,0,33,33,completed,2
18511,Rigid,1195903,1195903,1195936,0,33,33,completed,2
18512,Rigid,1195903,1195903,1195936,0,33,33,completed,2
18513,Rigid,1195903,1195903,1195936,0,33,33,completed,2
18514,Rigid,1195903,1195903,1195937,0,34,34,completed,2
18515,Rigid,1195903,1195907,1195938,4,31,35,completed,2
18516,Rigid,1195904,1195907,1195915,3,8,11,completed,2
18517,Rigid,1195904,1195907,1195915,3,8,11,completed,2
18518,Rigid,1195904,1195907,1195914,3,7,10,completed,2
18519,Rigid,1195904,1195907,1195915,3,8,11,completed,2
18520,Rigid,1195904,1195907,1195914,3,7,10,completed,2
18521,Rigid,1195904,1195907,1195916,3,9,12,completed,2
18522,Rigid,1195904,1195907,1195916,3,9,12,completed,2
18523,Rigid,1195904,1195907,1195915,3,8,11,completed,2
18524,Rigid,1195904,1195907,1195915,3,8,11,completed,2
18525,Rigid,1195904,1195907,1195915,3,8,11,completed,2
18526,Rigid,1195904,1195907,1195915,3,8,11,completed,2
18527,Rigid,1195904,1195907,1195939,3,32,35,completed,2
18528,Rigid,1195904,1195907,1195939,3,32,35,completed,2
18529,Rigid,1195904,1195907,1195939,3,32,35,completed,2
18530,Rigid,1195904,1195907,1195938,3,31,34,completed,2
18531,Rigid,1195904,1195907,1195939,3,32,35,completed,2
18532,Rigid,1195904,1195907,1195939,3,32,35,completed,2
18533,Rigid,1195904,1195907,1195939,3,32,35,completed,2
18534,Rigid,1195905,1195907,1195915,2,8,10,completed,2
18535,Rigid,1195905,1195907,1195915,2,8,10,completed,2
18536,Rigid,1195905,1195907,1195938,2,31,33,completed,2
18537,Rigid,1195905,1195907,1195938,2,31,33,completed,2
18538,Rigid,1195905,1195907,1195939,2,32,34,completed,2
18539,Rigid,1195905,1195907,1195939,2,32,34,completed,2
18540,Rigid,1195905,1195907,1195940,2,33,35,completed,2
18541,Rigid,1195905,1195907,1195938,2,31,33,completed,2
18542,Rigid,1195905,1195907,1195917,2,10,12,completed,2
18543,Rigid,1195905,1195907,1195942,2,35,37,completed,2
18544,Rigid,1195905,1195907,1195917,2,10,12,completed,2
18545,Rigid,1195905,1195907,1195939,2,32,34,completed,2
18546,Rigid,1195906,1195907,1195915,1,8,9,completed,2
18547,Rigid,1195906,1195907,1195914,1,7,8,completed,2
18548,Rigid,1195906,1195907,1195916,1,9,10,completed,2
18549,Rigid,1195906,1195907,1195915,1,8,9,completed,2
18550,Rigid,1195906,1195907,1195914,1,7,8,completed,2
18551,Rigid,1195906,1195907,1195940,1,33,34,completed,2
18552,Rigid,1195906,1195907,1195939,1,32,33,completed,2
18553,Rigid,1195906,1195907,1195921,1,14,15,completed,2
18554,Rigid,1195906,1195907,1195936,1,29,30,completed,2
18555,Rigid,1195914,1195914,1195920,0,6,6,completed,2
18556,Rigid,1195915,1195915,1195921,0,6,6,completed,2
18557,Rigid,1195915,1195915,1195921,0,6,6,completed,2
18558,Rigid,1195916,1195916,1195921,0,5,5,completed,2
18559,Rigid,1195916,1195916,1195921,0,5,5,completed,2
18560,Rigid,1195916,1195916,1195921,0,5,5,completed,2
18561,Rigid,1195917,1195918,1195923,1,5,6,completed,2
18562,Rigid,1195918,1195918,1195924,0,6,6,completed,2
18563,Rigid,1195919,1195920,1195933,1,13,14,completed,2
18564,Rigid,1195945,1195945,1195955,0,10,10,completed,2
18565,Rigid,1195955,1195956,1195965,1,9,10,completed,2
18566,Rigid,1195974,1196272,1201014,298,4742,5040,completed,36
18567,Rigid,1196026,1196026,1196031,0,5,5,completed,2
18568,Rigid,1196026,1196026,1196031,0,5,5,completed,2
18569,Rigid,1196026,1196026,1196031,0,5,5,completed,2
18570,Rigid,1196026,1196026,1196031,0,5,5,completed,2
18571,Rigid,1196026,1196026,1196031,0,5,5,completed,2
18572,Rigid,1196026,1196026,1196031,0,5,5,completed,2
18573,Rigid,1196026,1196026,1196031,0,5,5,completed,2
18574,Rigid,1196026,1196026,1196031,0,5,5,completed,2
18575,Rigid,1196026,1196026,1196031,0,5,5,completed,2
18576,Rigid,1196026,1196026,1196031,0,5,5,completed,2
18577,Rigid,1196026,1196026,1196031,0,5,5,completed,2
18578,Rigid,1196026,1196026,1196031,0,5,5,completed,2
18579,Rigid,1196026,1196030,1196035,4,5,9,completed,2
18580,Rigid,1196026,1196030,1196035,4,5,9,completed,2
18581,Rigid,1196026,1196030,1196035,4,5,9,completed,2
18582,Rigid,1196026,1196030,1196035,4,5,9,completed,2
18583,Rigid,1196026,1196030,1196035,4,5,9,completed,2
18584,Rigid,1196026,1196030,1196035,4,5,9,completed,2
18585,Rigid,1196026,1196030,1196035,4,5,9,completed,2
18586,Rigid,1196027,1196030,1196035,3,5,8,completed,2
18587,Rigid,1196027,1196030,1196035,3,5,8,completed,2
18588,Rigid,1196027,1196030,1196035,3,5,8,completed,2
18589,Rigid,1196027,1196030,1196035,3,5,8,completed,2
18590,Rigid,1196027,1196030,1196035,3,5,8,completed,2
18591,Rigid,1196027,1196030,1196035,3,5,8,completed,2
18592,Rigid,1196027,1196030,1196035,3,5,8,completed,2
18593,Rigid,1196027,1196030,1196035,3,5,8,completed,2
18594,Rigid,1196027,1196030,1196035,3,5,8,completed,2
18595,Rigid,1196027,1196030,1196035,3,5,8,completed,2
18596,Rigid,1196027,1196030,1196035,3,5,8,completed,2
18597,Rigid,1196027,1196030,1196035,3,5,8,completed,2
18598,Rigid,1196027,1196030,1196035,3,5,8,completed,2
18599,Rigid,1196027,1196030,1196035,3,5,8,completed,2
18600,Rigid,1196027,1196030,1196035,3,5,8,completed,2
18601,Rigid,1196027,1196030,1196035,3,5,8,completed,2
18602,Rigid,1196027,1196030,1196035,3,5,8,completed,2
18603,Rigid,1196027,1196030,1196035,3,5,8,completed,2
18604,Rigid,1196027,1196030,1196035,3,5,8,completed,2
18605,Rigid,1196027,1196030,1196035,3,5,8,completed,2
18606,Rigid,1196027,1196030,1196035,3,5,8,completed,2
18607,Rigid,1196027,1196030,1196035,3,5,8,completed,2
18608,Rigid,1196028,1196030,1196035,2,5,7,completed,2
18609,Rigid,1196028,1196030,1196035,2,5,7,completed,2
18610,Rigid,1196028,1196030,1196035,2,5,7,completed,2
18611,Rigid,1196028,1196030,1196035,2,5,7,completed,2
18612,Rigid,1196028,1196030,1196035,2,5,7,completed,2
18613,Rigid,1196028,1196030,1196035,2,5,7,completed,2
18614,Rigid,1196028,1196030,1196035,2,5,7,completed,2
18615,Rigid,1196028,1196030,1196035,2,5,7,completed,2
18616,Rigid,1196028,1196030,1196035,2,5,7,completed,2
18617,Rigid,1196028,1196030,1196035,2,5,7,completed,2
18618,Rigid,1196028,1196030,1196035,2,5,7,completed,2
18619,Rigid,1196028,1196030,1196035,2,5,7,completed,2
18620,Rigid,1196028,1196030,1196035,2,5,7,completed,2
18621,Rigid,1196028,1196030,1196035,2,5,7,completed,2
18622,Rigid,1196028,1196030,1196035,2,5,7,completed,2
18623,Rigid,1196028,1196030,1196035,2,5,7,completed,2
18624,Rigid,1196028,1196030,1196035,2,5,7,completed,2
18625,Rigid,1196028,1196030,1196035,2,5,7,completed,2
18626,Rigid,1196028,1196030,1196035,2,5,7,completed,2
18627,Rigid,1196069,1196069,1196072,0,3,3,completed,72
18628,Rigid,1196095,1196095,1196098,0,3,3,completed,72
18629,Rigid,1196110,1196272,1196283,162,11,173,completed,144
18630,Rigid,1196123,1196123,1196126,0,3,3,completed,72
18631,Rigid,1196159,1196159,1196162,0,3,3,completed,72
18632,Rigid,1196203,1196203,1196207,0,4,4,completed,72
18633,Rigid,1196301,1196301,1196303,0,2,2,completed,72
18634,Rigid,1196339,1196340,1197344,1,1004,1005,completed,36
18635,Rigid,1196561,1196561,1196565,0,4,4,completed,72
18636,Rigid,1196615,1196615,1196618,0,3,3,completed,72
18637,Rigid,1196654,1196657,1196660,3,3,6,completed,72
18638,Rigid,1196729,1196730,1232038,1,35308,35309,completed,144
18639,Rigid,1196753,1197079,1279536,326,82457,82783,completed,144
18640,Rigid,1197324,1197324,1198827,0,1503,1503,completed,8
18641,Rigid,1197424,1197424,1197474,0,50,50,completed,36
18642,Rigid,1197483,1197484,1198621,1,1137,1138,completed,36
18643,Rigid,1197533,1197534,1197537,1,3,4,completed,72
18644,Rigid,1197560,1197561,1197563,1,2,3,completed,72
18645,Rigid,1197603,1197603,1197605,0,2,2,completed,72
18646,Rigid,1197625,1197625,1197627,0,2,2,completed,72
18647,Rigid,1197664,1197664,1197666,0,2,2,completed,72
18648,Rigid,1197697,1197697,1197700,0,3,3,completed,72
18649,Rigid,1197732,1197732,1197735,0,3,3,completed,72
18650,Rigid,1198051,1198051,1198057,0,6,6,completed,12
18651,Rigid,1198140,1198140,1198143,0,3,3,completed,72
18652,Rigid,1198143,1198144,1198150,1,6,7,completed,12
18653,Rigid,1198178,1198178,1198181,0,3,3,completed,72
18654,Rigid,1198233,1198234,1198236,1,2,3,completed,72
18655,Rigid,1198273,1198277,1198279,4,2,6,completed,72
18656,Rigid,1198310,1198311,1198313,1,2,3,completed,72
18657,Rigid,1198362,1198362,1198365,0,3,3,completed,72
18658,Rigid,1198428,1198429,1198434,1,5,6,completed,12
18659,Rigid,1198436,1198436,1198439,0,3,3,completed,72
18660,Rigid,1198469,1198469,1198472,0,3,3,completed,72
18661,Rigid,1198493,1198493,1198496,0,3,3,completed,72
18662,Rigid,1198567,1198568,1198573,1,5,6,completed,12
18663,Rigid,1198608,1198608,1198610,0,2,2,completed,72
18664,Rigid,1198649,1198650,1198655,1,5,6,completed,12
18665,Rigid,1198679,1198679,1198898,0,219,219,completed,36
18666,Rigid,1198682,1198683,1198685,1,2,3,completed,72
18667,Rigid,1198724,1198725,1198728,1,3,4,completed,72
18668,Rigid,1198779,1198779,1198782,0,3,3,completed,72
18669,Rigid,1198812,1198812,1198815,0,3,3,completed,72
18670,Rigid,1198834,1198834,1198837,0,3,3,completed,72
18671,Rigid,1198855,1198855,1198861,0,6,6,completed,12
18672,Rigid,1198931,1198932,1198937,1,5,6,completed,12
18673,Rigid,1198932,1198943,1199058,11,115,126,completed,36
18674,Rigid,1198936,1198937,1198942,1,5,6,completed,12
18675,Rigid,1199013,1199014,1199019,1,5,6,completed,12
18676,Rigid,1199038,1199060,1213399,22,14339,14361,completed,36
18677,Rigid,1199038,1200426,1214427,1388,14001,15389,completed,36
18678,Rigid,1199038,1200426,1214428,1388,14002,15390,completed,36
18679,Rigid,1199038,1200426,1214403,1388,13977,15365,completed,36
18680,Rigid,1199039,1202025,1205007,2986,2982,5968,completed,36
18681,Rigid,1199039,1202025,1204755,2986,2730,5716,completed,36
18682,Rigid,1199039,1200426,1214292,1387,13866,15253,completed,36
18683,Rigid,1199039,1200426,1214448,1387,14022,15409,completed,36
18684,Rigid,1199039,1200426,1214605,1387,14179,15566,completed,36
18685,Rigid,1199039,1200426,1214356,1387,13930,15317,completed,36
18686,Rigid,1199039,1200426,1214485,1387,14059,15446,completed,36
18687,Rigid,1199039,1200436,1214239,1397,13803,15200,completed,36
18688,Rigid,1199039,1200436,1214359,1397,13923,15320,completed,36
18689,Rigid,1199039,1201033,1215086,1994,14053,16047,completed,36
18690,Rigid,1199039,1201984,1215899,2945,13915,16860,completed,36
18691,Rigid,1199039,1201988,1216170,2949,14182,17131,completed,36
18692,Rigid,1199051,1199051,1199628,0,577,577,completed,8
18693,Rigid,1199146,1199147,1199156,1,9,10,completed,12
18694,Rigid,1199192,1199192,1199207,0,15,15,completed,12
18695,Rigid,1199254,1202025,1202091,2771,66,2837,completed,36
18696,Rigid,1199254,1202062,1202117,2808,55,2863,completed,36
18697,Rigid,1199254,1202076,1202164,2822,88,2910,completed,36
18698,Rigid,1199254,1202103,1202356,2849,253,3102,completed,36
18699,Rigid,1199254,1202133,1202311,2879,178,3057,completed,36
18700,Rigid,1199254,1202133,1202199,2879,66,2945,completed,36
18701,Rigid,1199254,1202025,1202125,2771,100,2871,completed,36
18702,Rigid,1199254,1202025,1202097,2771,72,2843,completed,36
18703,Rigid,1199254,1202025,1202106,2771,81,2852,completed,36
18704,Rigid,1199254,1202025,1202116,2771,91,2862,completed,36
18705,Rigid,1199254,1202025,1202133,2771,108,2879,completed,36
18706,Rigid,1199254,1202025,1202075,2771,50,2821,completed,36
18707,Rigid,1199254,1202025,1202260,2771,235,3006,completed,36
18708,Rigid,1199402,1200426,1200435,1024,9,1033,completed,24
18709,Rigid,1199731,1199744,1200105,13,361,374,completed,8
18710,Rigid,1199826,1200426,1200434,600,8,608,completed,24
18711,Rigid,1200260,1200260,1200297,0,37,37,completed,8
18712,Rigid,1200499,1200499,1200580,0,81,81,completed,8
18713,Rigid,1200531,1201016,1201024,485,8,493,completed,24
18714,Rigid,1200601,1201025,1201032,424,7,431,completed,36
18715,Rigid,1200877,1200895,1205391,18,4496,4514,completed,8
18716,Rigid,1201160,1201161,1201166,1,5,6,completed,36
18717,Rigid,1201256,1201335,1202059,79,724,803,completed,36
18718,Rigid,1201422,1201422,1201426,0,4,4,completed,72
18719,Rigid,1201522,1223151,1223898,21629,747,22376,completed,108
18720,Rigid,1201815,1201815,1201894,0,79,79,completed,1
18721,Rigid,1201883,1201883,1201951,0,68,68,completed,1
18722,Rigid,1201883,1201883,1201934,0,51,51,completed,1
18723,Rigid,1201883,1201883,1201951,0,68,68,completed,1
18724,Rigid,1201883,1201883,1201928,0,45,45,completed,1
18725,Rigid,1201893,1201984,1201987,91,3,94,completed,36
18726,Rigid,1201994,1201995,1525384,1,323389,323390,completed,1
18727,Rigid,1202025,1202026,1202031,1,5,6,completed,1
18728,Rigid,1202081,1202092,1203192,11,1100,1111,completed,36
18729,Rigid,1202084,1207311,1257106,5227,49795,55022,completed,360
18730,Rigid,1202094,1202094,1202103,0,9,9,completed,1
18731,Rigid,1202158,1202158,1496639,0,294481,294481,completed,1
18732,Rigid,1202158,1202158,1509323,0,307165,307165,completed,1
18733,Rigid,1202158,1202159,1493612,1,291453,291454,completed,1
18734,Rigid,1202158,1202159,1504591,1,302432,302433,completed,1
18735,Rigid,1202206,1202206,1202215,0,9,9,completed,36
18736,Rigid,1202241,1202241,1202251,0,10,10,completed,36
18737,Rigid,1202465,1203217,1206943,752,3726,4478,completed,36
18738,Rigid,1202465,1203337,1209376,872,6039,6911,completed,36
18739,Rigid,1202465,1203518,1210234,1053,6716,7769,completed,36
18740,Rigid,1202465,1204060,1215936,1595,11876,13471,completed,36
18741,Rigid,1202465,1204603,1212259,2138,7656,9794,completed,36
18742,Rigid,1202465,1204783,1214272,2318,9489,11807,completed,36
18743,Rigid,1202465,1202494,1210047,29,7553,7582,completed,36
18744,Rigid,1202465,1202494,1206829,29,4335,4364,completed,36
18745,Rigid,1202465,1202494,1211652,29,9158,9187,completed,36
18746,Rigid,1202465,1202494,1209006,29,6512,6541,completed,36
18747,Rigid,1202465,1202494,1209902,29,7408,7437,completed,36
18748,Rigid,1202465,1202494,1204128,29,1634,1663,completed,36
18749,Rigid,1202465,1202494,1204849,29,2355,2384,completed,36
18750,Rigid,1202822,1203197,1203221,375,24,399,completed,36
18751,Rigid,1202861,1202862,1202867,1,5,6,completed,72
18752,Rigid,1202927,1202927,1202932,0,5,5,completed,72
18753,Rigid,1203013,1203013,1203017,0,4,4,completed,72
18754,Rigid,1203039,1203039,1203043,0,4,4,completed,72
18755,Rigid,1203218,1203222,1204368,4,1146,1150,completed,36
18756,Rigid,1203226,1209866,1253052,6640,43186,49826,completed,360
18757,Rigid,1203306,1203306,1203315,0,9,9,completed,36
18758,Rigid,1203363,1203363,1203371,0,8,8,completed,1
18759,Rigid,1204014,1204874,1222897,860,18023,18883,completed,36
18760,Rigid,1204014,1205024,1215111,1010,10087,11097,completed,36
18761,Rigid,1204115,1204129,1208982,14,4853,4867,completed,36
18762,Rigid,1204274,1204370,1204999,96,629,725,completed,36
18763,Rigid,1205017,1205017,1208712,0,3695,3695,completed,36
18764,Rigid,1205845,1207371,1208464,1526,1093,2619,completed,72
18765,Rigid,1206194,1206195,1206200,1,5,6,completed,36
18766,Rigid,1206334,1206334,1207281,0,947,947,completed,36
18767,Rigid,1206367,1206367,1223149,0,16782,16782,completed,36
18768,Rigid,1206407,1206407,1206412,0,5,5,completed,72
18769,Rigid,1206453,1206455,1206459,2,4,6,completed,72
18770,Rigid,1206476,1206476,1210086,0,3610,3610,completed,36
18771,Rigid,1206544,1206545,1206549,1,4,5,completed,72
18772,Rigid,1206585,1206585,1206589,0,4,4,completed,72
18773,Rigid,1207173,1207173,1207178,0,5,5,completed,72
18774,Rigid,1207214,1207214,1207218,0,4,4,completed,72
18775,Rigid,1207381,1207382,1207385,1,3,4,completed,72
18776,Rigid,1207414,1207415,1207419,1,4,5,completed,72
18777,Rigid,1207454,1207455,1207459,1,4,5,completed,72
18778,Rigid,1207493,1207493,1207497,0,4,4,completed,72
18779,Rigid,1208173,1208416,1209177,243,761,1004,completed,144
18780,Rigid,1208487,1208488,1208506,1,18,19,completed,36
18781,Rigid,1208703,1208715,1209998,12,1283,1295,completed,36
18782,Rigid,1208839,1208964,1210262,125,1298,1423,completed,72
18783,Rigid,1208942,1208942,1208946,0,4,4,completed,36
18784,Rigid,1209215,1209216,1209438,1,222,223,completed,144
18785,Rigid,1209510,1209510,1209537,0,27,27,completed,144
18786,Rigid,1209649,1209653,1209657,4,4,8,completed,72
18787,Rigid,1209675,1209679,1209857,4,178,182,completed,144
18788,Rigid,1209888,1210087,1210213,199,126,325,completed,144
18789,Rigid,1210340,1212171,1212584,1831,413,2244,completed,144
18790,Rigid,1212504,1212504,1216117,0,3613,3613,completed,36
18791,Rigid,1212566,1212593,1212780,27,187,214,completed,144
18792,Rigid,1212739,1212789,1212871,50,82,132,completed,144
18793,Rigid,1213129,1214293,1215258,1164,965,2129,completed,144
18794,Rigid,1213189,1213203,1217329,14,4126,4140,completed,8
18795,Rigid,1213366,1214428,1216964,1062,2536,3598,completed,144
18796,Rigid,1214212,1214450,1216693,238,2243,2481,completed,72
18797,Rigid,1214276,1238954,1243340,24678,4386,29064,completed,36
18798,Rigid,1214276,1223902,1242129,9626,18227,27853,completed,36
18799,Rigid,1214276,1223933,1227982,9657,4049,13706,completed,36
18800,Rigid,1214276,1223933,1238324,9657,14391,24048,completed,36
18801,Rigid,1214276,1224264,1241476,9988,17212,27200,completed,36
18802,Rigid,1214276,1225977,1247981,11701,22004,33705,completed,36
18803,Rigid,1214276,1227990,1238929,13714,10939,24653,completed,36
18804,Rigid,1214276,1232374,1246348,18098,13974,32072,completed,36
18805,Rigid,1214276,1232405,1241914,18129,9509,27638,completed,36
18806,Rigid,1214276,1238353,1245933,24077,7580,31657,completed,36
18807,Rigid,1214700,1241567,1375013,26867,133446,160313,completed,36
18808,Rigid,1214700,1241927,1365166,27227,123239,150466,completed,36
18809,Rigid,1214700,1242138,1367426,27438,125288,152726,completed,36
18810,Rigid,1215324,1215324,1215697,0,373,373,completed,144
18811,Rigid,1215753,1215753,1215887,0,134,134,completed,144
18812,Rigid,1215945,1215946,1216253,1,307,308,completed,144
18813,Rigid,1216147,1216148,1217084,1,936,937,completed,36
18814,Rigid,1216258,1216262,1216335,4,73,77,completed,144
18815,Rigid,1216468,1216469,1218925,1,2456,2457,completed,144
18816,Rigid,1216795,1216795,1576803,0,360008,360008,completed,36
18817,Rigid,1216954,1216965,1217041,11,76,87,completed,144
18818,Rigid,1216968,1217042,1217437,74,395,469,completed,144
18819,Rigid,1218690,1218691,1485238,1,266547,266548,completed,216
18820,Rigid,1219276,1219280,1222887,4,3607,3611,completed,144
18821,Rigid,1220713,1220714,1230125,1,9411,9412,completed,32
18822,Rigid,1220729,1220729,1232109,0,11380,11380,completed,32
18823,Rigid,1220738,1220738,1263282,0,42544,42544,completed,32
18824,Rigid,1220747,1220748,1235817,1,15069,15070,completed,32
18825,Rigid,1220760,1221351,1231227,591,9876,10467,completed,32
18826,Rigid,1222862,1222888,1366880,26,143992,144018,completed,108
18827,Rigid,1223876,1224264,1367425,388,143161,143549,completed,108
18828,Rigid,1226226,1226227,1230473,1,4246,4247,completed,1
18829,Rigid,1229760,1229760,1233788,0,4028,4028,completed,1
18830,Rigid,1230198,1230200,1281421,2,51221,51223,completed,144
18831,Rigid,1230247,1230247,1232381,0,2134,2134,completed,144
18832,Rigid,1230481,1230481,1230486,0,5,5,completed,4
18833,Rigid,1230492,1230492,1233610,0,3118,3118,completed,4
18834,Rigid,1230638,1230639,1281633,1,50994,50995,completed,144
18835,Rigid,1231639,1231641,1282665,2,51024,51026,completed,144
18836,Rigid,1232787,1232795,1405612,8,172817,172825,completed,24
18837,Rigid,1233557,1233558,1285148,1,51590,51591,completed,144
18838,Rigid,1233615,1233615,1233938,0,323,323,completed,1
18839,Rigid,1233615,1233616,1234232,1,616,617,completed,1
18840,Rigid,1233615,1233616,1238676,1,5060,5061,completed,1
18841,Rigid,1233616,1233616,1234123,0,507,507,completed,1
18842,Rigid,1233616,1233616,1236814,0,3198,3198,completed,1
18843,Rigid,1233647,1233647,1284774,0,51127,51127,completed,144
18844,Rigid,1233795,1233795,1233799,0,4,4,completed,4
18845,Rigid,1233806,1233806,1237640,0,3834,3834,completed,4
18846,Rigid,1234126,1234127,1234136,1,9,10,completed,6
18847,Rigid,1234138,1234138,1286076,0,51938,51938,completed,144
18848,Rigid,1234817,1234836,1367130,19,132294,132313,completed,24
18849,Rigid,1234914,1234914,1237084,0,2170,2170,completed,144
18850,Rigid,1234914,1234914,1237084,0,2170,2170,completed,144
18851,Rigid,1234914,1234918,1237084,4,2166,2170,completed,144
18852,Rigid,1234915,1235044,1237190,129,2146,2275,completed,144
18853,Rigid,1234915,1235207,1237345,292,2138,2430,completed,144
18854,Rigid,1234915,1236519,1238648,1604,2129,3733,completed,144
18855,Rigid,1234915,1237085,1239274,2170,2189,4359,completed,144
18856,Rigid,1234915,1237085,1239278,2170,2193,4363,completed,144
18857,Rigid,1234915,1237086,1239278,2171,2192,4363,completed,144
18858,Rigid,1234915,1237192,1239354,2277,2162,4439,completed,144
18859,Rigid,1234915,1237303,1239430,2388,2127,4515,completed,144
18860,Rigid,1234915,1237346,1239496,2431,2150,4581,completed,144
18861,Rigid,1234915,1238650,1240809,3735,2159,5894,completed,144
18862,Rigid,1234915,1238712,1240831,3797,2119,5916,completed,144
18863,Rigid,1234916,1238890,1241072,3974,2182,6156,completed,144
18864,Rigid,1234916,1239275,1241432,4359,2157,6516,completed,144
18865,Rigid,1235042,1239279,1290906,4237,51627,55864,completed,144
18866,Rigid,1236518,1239280,1291160,2762,51880,54642,completed,144
18867,Rigid,1236820,1236821,1236868,1,47,48,completed,1
18868,Rigid,1237302,1239356,1291393,2054,52037,54091,completed,144
18869,Rigid,1237641,1237642,1242787,1,5145,5146,completed,1
18870,Rigid,1237642,1237642,1238202,0,560,560,completed,1
18871,Rigid,1237642,1237642,1237992,0,350,350,completed,1
18872,Rigid,1237642,1237642,1238322,0,680,680,completed,1
18873,Rigid,1237642,1237642,1240891,0,3249,3249,completed,1
18874,Rigid,1238203,1238203,1238212,0,9,9,completed,6
18875,Rigid,1238684,1238685,1238755,1,70,71,completed,6
18876,Rigid,1238711,1239431,1292073,720,52642,53362,completed,144
18877,Rigid,1238764,1238765,1238768,1,3,4,completed,1
18878,Rigid,1238888,1239497,1292363,609,52866,53475,completed,144
18879,Rigid,1240897,1240897,1240946,0,49,49,completed,1
18880,Rigid,1242789,1242790,1242862,1,72,73,completed,6
18881,Rigid,1242870,1242871,1242875,1,4,5,completed,1
18882,Rigid,1242881,1242881,1242916,0,35,35,completed,1
18883,Rigid,1242883,1242885,1242889,2,4,6,completed,1
18884,Rigid,1263422,1263423,1263424,1,1,2,completed,1
18885,Rigid,1263423,1263425,1263445,2,20,22,completed,1
18886,Rigid,1263423,1263425,1263445,2,20,22,completed,1
18887,Rigid,1263432,1263433,1265961,1,2528,2529,completed,1
18888,Rigid,1263432,1263433,1265949,1,2516,2517,completed,1
18889,Rigid,1263432,1263433,1265936,1,2503,2504,completed,1
18890,Rigid,1263432,1263433,1265934,1,2501,2502,completed,1
18891,Rigid,1264933,1264933,1284048,0,19115,19115,completed,72
18892,Rigid,1265309,1265309,1265314,0,5,5,completed,36
18893,Rigid,1265980,1265981,1265984,1,3,4,completed,1
18894,Rigid,1265980,1265981,1265989,1,8,9,completed,1
18895,Rigid,1265980,1265981,1265984,1,3,4,completed,1
18896,Rigid,1265980,1265981,1266032,1,51,52,completed,1
18897,Rigid,1265980,1265981,1265995,1,14,15,completed,1
18898,Rigid,1266921,1266921,1266979,0,58,58,completed,36
18899,Rigid,1274733,1274733,1274740,0,7,7,completed,72
18900,Rigid,1274944,1274945,1275078,1,133,134,completed,72
18901,Rigid,1275122,1275122,1275750,0,628,628,completed,72
18902,Rigid,1275594,1275595,1279045,1,3450,3451,completed,36
18903,Rigid,1275594,1275595,1280720,1,5125,5126,completed,36
18904,Rigid,1275594,1275595,1280922,1,5327,5328,completed,36
18905,Rigid,1275594,1275595,1284524,1,8929,8930,completed,36
18906,Rigid,1275594,1275595,1281528,1,5933,5934,completed,36
18907,Rigid,1275594,1275595,1285940,1,10345,10346,completed,36
18908,Rigid,1275594,1275596,1279025,2,3429,3431,completed,36
18909,Rigid,1275594,1275595,1281179,1,5584,5585,completed,36
18910,Rigid,1275594,1275595,1280414,1,4819,4820,completed,36
18911,Rigid,1275594,1275595,1278012,1,2417,2418,completed,36
18912,Rigid,1275594,1275595,1277982,1,2387,2388,completed,36
18913,Rigid,1275594,1275595,1279242,1,3647,3648,completed,36
18914,Rigid,1275594,1275595,1278898,1,3303,3304,completed,36
18915,Rigid,1275594,1275595,1276141,1,546,547,completed,36
18916,Rigid,1275594,1275595,1278361,1,2766,2767,completed,36
18917,Rigid,1276413,1276414,1277107,1,693,694,completed,1
18918,Rigid,1276414,1276414,1277109,0,695,695,completed,1
18919,Rigid,1276414,1276414,1277130,0,716,716,completed,1
18920,Rigid,1276414,1276418,1277080,4,662,666,completed,1
18921,Rigid,1276414,1276418,1277271,4,853,857,completed,1
18922,Rigid,1276414,1276418,1277788,4,1370,1374,completed,1
18923,Rigid,1276414,1276418,1277752,4,1334,1338,completed,1
18924,Rigid,1276414,1276418,1277469,4,1051,1055,completed,1
18925,Rigid,1276415,1276418,1277677,3,1259,1262,completed,1
18926,Rigid,1276583,1276584,1276709,1,125,126,completed,36
18927,Rigid,1276647,1276648,1365878,1,89230,89231,completed,36
18928,Rigid,1276647,1276648,1374165,1,97517,97518,completed,36
18929,Rigid,1276647,1276648,1358843,1,82195,82196,completed,36
18930,Rigid,1276731,1276732,1357888,1,81156,81157,completed,36
18931,Rigid,1276731,1276732,1405493,1,128761,128762,completed,36
18932,Rigid,1276731,1276732,1346895,1,70163,70164,completed,36
18933,Rigid,1276850,1276850,1276943,0,93,93,completed,36
18934,Rigid,1277034,1277037,1277067,3,30,33,completed,144
18935,Rigid,1277076,1277076,1449901,0,172825,172825,completed,36
18936,Rigid,1277076,1277076,1449901,0,172825,172825,completed,36
18937,Rigid,1277076,1277076,1449901,0,172825,172825,completed,36
18938,Rigid,1277160,1277161,1449961,1,172800,172801,completed,36
18939,Rigid,1277160,1277161,1449961,1,172800,172801,completed,36
18940,Rigid,1277160,1277161,1449961,1,172800,172801,completed,36
18941,Rigid,1277200,1277200,1277361,0,161,161,completed,36
18942,Rigid,1277265,1277266,1363667,1,86401,86402,completed,36
18943,Rigid,1277265,1277266,1363667,1,86401,86402,completed,36
18944,Rigid,1277265,1277266,1277307,1,41,42,completed,36
18945,Rigid,1277337,1277338,1277346,1,8,9,completed,36
18946,Rigid,1277337,1277338,1277346,1,8,9,completed,36
18947,Rigid,1277337,1277338,1277346,1,8,9,completed,36
18948,Rigid,1277352,1277353,1363757,1,86404,86405,completed,36
18949,Rigid,1277352,1277353,1363757,1,86404,86405,completed,36
18950,Rigid,1277404,1277404,1279530,0,2126,2126,completed,144
18951,Rigid,1277451,1277452,1277600,1,148,149,completed,36
18952,Rigid,1277480,1277480,1363907,0,86427,86427,completed,36
18953,Rigid,1277480,1277480,1363907,0,86427,86427,completed,36
18954,Rigid,1277724,1277725,1450531,1,172806,172807,completed,36
18955,Rigid,1277724,1277725,1450531,1,172806,172807,completed,36
18956,Rigid,1277724,1277725,1297458,1,19733,19734,completed,36
18957,Rigid,1277724,1277725,1278069,1,344,345,completed,72
18958,Rigid,1277796,1277796,1297233,0,19437,19437,completed,18
18959,Rigid,1277880,1277881,1349895,1,72014,72015,completed,36
18960,Rigid,1277880,1277881,1349895,1,72014,72015,completed,36
18961,Rigid,1277880,1277881,1349895,1,72014,72015,completed,36
18962,Rigid,1277949,1277949,1278131,0,182,182,completed,36
18963,Rigid,1278302,1278302,1278629,0,327,327,completed,72
18964,Rigid,1278344,1278344,1278735,0,391,391,completed,36
18965,Rigid,1278955,1278955,1279251,0,296,296,completed,36
18966,Rigid,1279016,1279017,1282252,1,3235,3236,completed,72
18967,Rigid,1279320,1279320,1279616,0,296,296,completed,36
18968,Rigid,1279679,1279679,1279949,0,270,270,completed,36
18969,Rigid,1279967,1279967,1280255,0,288,288,completed,36
18970,Rigid,1280127,1280128,1280136,1,8,9,completed,36
18971,Rigid,1280159,1280160,1287373,1,7213,7214,completed,144
18972,Rigid,1280215,1280216,1366639,1,86423,86424,completed,36
18973,Rigid,1280272,1280272,1280683,0,411,411,completed,36
18974,Rigid,1280407,1280407,1422313,0,141906,141906,completed,144
18975,Rigid,1280458,1280458,1406050,0,125592,125592,completed,144
18976,Rigid,1280750,1280750,1281194,0,444,444,completed,36
18977,Rigid,1280800,1280801,1294085,1,13284,13285,completed,144
18978,Rigid,1281207,1281208,1281614,1,406,407,completed,36
18979,Rigid,1281392,1281392,1282135,0,743,743,completed,36
18980,Rigid,1281421,1281421,1332583,0,51162,51162,completed,144
18981,Rigid,1281591,1281592,1312577,1,30985,30986,completed,36
18982,Rigid,1281633,1281634,1333073,1,51439,51440,completed,144
18983,Rigid,1281654,1281655,1282095,1,440,441,completed,36
18984,Rigid,1282125,1282126,1282999,1,873,874,completed,36
18985,Rigid,1282226,1282226,1282255,0,29,29,completed,36
18986,Rigid,1282665,1282665,1335618,0,52953,52953,completed,144
18987,Rigid,1282752,1282753,1282757,1,4,5,completed,72
18988,Rigid,1282811,1282812,1282853,1,41,42,completed,36
18989,Rigid,1283173,1283174,1285371,1,2197,2198,completed,36
18990,Rigid,1283173,1283174,1284731,1,1557,1558,completed,36
18991,Rigid,1283173,1283174,1285914,1,2740,2741,completed,36
18992,Rigid,1283173,1283174,1285542,1,2368,2369,completed,36
18993,Rigid,1283173,1283174,1286361,1,3187,3188,completed,36
18994,Rigid,1283801,1417260,1473483,133459,56223,189682,completed,144
18995,Rigid,1283802,1418826,1471715,135024,52889,187913,completed,144
18996,Rigid,1283803,1421425,1462027,137622,40602,178224,completed,144
18997,Rigid,1283805,1427015,1465852,143210,38837,182047,completed,144
18998,Rigid,1283805,1443356,1483309,159551,39953,199504,completed,144
18999,Rigid,1283806,1444504,1488873,160698,44369,205067,completed,144
19000,Rigid,1283807,1449958,1507684,166151,57726,223877,completed,144
19001,Rigid,1283807,1451353,1494294,167546,42941,210487,completed,144
19002,Rigid,1283807,1457040,1500622,173233,43582,216815,completed,144
19003,Rigid,1283807,1462028,1503362,178221,41334,219555,completed,144
19004,Rigid,1283808,1465854,1518402,182046,52548,234594,completed,144
19005,Rigid,1283808,1471716,1513413,187908,41697,229605,completed,144
19006,Rigid,1283809,1473484,1530238,189675,56754,246429,completed,144
19007,Rigid,1283809,1483310,1526995,199501,43685,243186,completed,144
19008,Rigid,1283809,1488875,1528728,205066,39853,244919,completed,144
19009,Rigid,1283809,1494296,1542837,210487,48541,259028,completed,144
19010,Rigid,1283809,1500623,1545277,216814,44654,261468,completed,144
19011,Rigid,1283809,1503363,1544182,219554,40819,260373,completed,144
19012,Rigid,1283810,1507685,1546423,223875,38738,262613,completed,144
19013,Rigid,1283810,1513415,1549209,229605,35794,265399,completed,144
19014,Rigid,1283810,1518404,1556084,234594,37680,272274,completed,144
19015,Rigid,1283810,1526996,1579526,243186,52530,295716,completed,144
19016,Rigid,1283810,1528729,1585458,244919,56729,301648,completed,144
19017,Rigid,1283810,1530240,1584177,246430,53937,300367,completed,144
19018,Rigid,1283810,1542838,1591153,259028,48315,307343,completed,144
19019,Rigid,1283810,1544183,1595819,260373,51636,312009,completed,144
19020,Rigid,1283810,1545278,1603005,261468,57727,319195,completed,144
19021,Rigid,1283810,1546424,1601951,262614,55527,318141,completed,144
19022,Rigid,1283810,1549210,1600660,265400,51450,316850,completed,144
19023,Rigid,1283811,1556085,1606504,272274,50419,322693,completed,144
19024,Rigid,1283811,1579527,1627258,295716,47731,343447,completed,144
19025,Rigid,1283811,1584178,1629259,300367,45081,345448,completed,144
19026,Rigid,1283811,1585459,1640981,301648,55522,357170,completed,144
19027,Rigid,1283811,1591154,1647000,307343,55846,363189,completed,144
19028,Rigid,1283811,1595820,1640195,312009,44375,356384,completed,144
19029,Rigid,1283811,1600662,1656537,316851,55875,372726,completed,144
19030,Rigid,1283811,1601952,1644626,318141,42674,360815,completed,144
19031,Rigid,1283811,1603007,1643316,319196,40309,359505,completed,144
19032,Rigid,1283811,1606505,1653406,322694,46901,369595,completed,144
19033,Rigid,1283812,1627259,1676669,343447,49410,392857,completed,144
19034,Rigid,1284459,1284459,1285485,0,1026,1026,completed,36
19035,Rigid,1284570,1284571,1350648,1,66077,66078,completed,216
19036,Rigid,1284573,1284575,1349498,2,64923,64925,completed,216
19037,Rigid,1284580,1284776,1350624,196,65848,66044,completed,216
19038,Rigid,1284585,1285149,1349476,564,64327,64891,completed,216
19039,Rigid,1284587,1286077,1351396,1490,65319,66809,completed,216
19040,Rigid,1284590,1290806,1356511,6216,65705,71921,completed,216
19041,Rigid,1284590,1290907,1355534,6317,64627,70944,completed,216
19042,Rigid,1284592,1291394,1356165,6802,64771,71573,completed,216
19043,Rigid,1284774,1291613,1343262,6839,51649,58488,completed,144
19044,Rigid,1285148,1292946,1344549,7798,51603,59401,completed,144
19045,Rigid,1285282,1285373,1285915,91,542,633,completed,36
19046,Rigid,1285319,1285348,1291377,29,6029,6058,completed,36
19047,Rigid,1285657,1285657,1289179,0,3522,3522,completed,72
19048,Rigid,1285917,1285918,1286505,1,587,588,completed,36
19049,Rigid,1286076,1293240,1344871,7164,51631,58795,completed,144
19050,Rigid,1286229,1286246,1302351,17,16105,16122,completed,24
19051,Rigid,1286567,1286568,1290802,1,4234,4235,completed,36
19052,Rigid,1286567,1286568,1290802,1,4234,4235,completed,36
19053,Rigid,1286567,1286766,1290802,199,4036,4235,completed,36
19054,Rigid,1286567,1286787,1290802,220,4015,4235,completed,36
19055,Rigid,1286567,1287375,1290802,808,3427,4235,completed,36
19056,Rigid,1286567,1288750,1290802,2183,2052,4235,completed,36
19057,Rigid,1286810,1287375,1291611,565,4236,4801,completed,36
19058,Rigid,1286810,1287375,1288749,565,1374,1939,completed,36
19059,Rigid,1286900,1287375,1304072,475,16697,17172,completed,36
19060,Rigid,1287249,1287249,1287255,0,6,6,completed,72
19061,Rigid,1290485,1290486,1290491,1,5,6,completed,1
19062,Rigid,1290486,1290507,1290510,21,3,24,completed,1
19063,Rigid,1290578,1290578,1293558,0,2980,2980,completed,72
19064,Rigid,1290875,1290875,1290879,0,4,4,completed,1
19065,Rigid,1290875,1290894,1290898,19,4,23,completed,1
19066,Rigid,1290906,1309631,1361349,18725,51718,70443,completed,144
19067,Rigid,1290957,1290958,1290961,1,3,4,completed,1
19068,Rigid,1290957,1290972,1290975,15,3,18,completed,1
19069,Rigid,1291160,1312486,1364787,21326,52301,73627,completed,144
19070,Rigid,1291393,1313989,1366575,22596,52586,75182,completed,144
19071,Rigid,1291415,1291416,1291419,1,3,4,completed,1
19072,Rigid,1291415,1291435,1291438,20,3,23,completed,1
19073,Rigid,1291538,1291538,1291541,0,3,3,completed,1
19074,Rigid,1291538,1291553,1291556,15,3,18,completed,1
19075,Rigid,1291628,1291628,1291632,0,4,4,completed,1
19076,Rigid,1291628,1291644,1291647,16,3,19,completed,1
19077,Rigid,1291688,1294154,1303781,2466,9627,12093,completed,36
19078,Rigid,1291688,1294154,1301928,2466,7774,10240,completed,36
19079,Rigid,1291688,1296553,1303853,4865,7300,12165,completed,36
19080,Rigid,1291688,1296997,1303337,5309,6340,11649,completed,36
19081,Rigid,1291688,1293240,1303853,1552,10613,12165,completed,36
19082,Rigid,1291688,1296997,1303853,5309,6856,12165,completed,36
19083,Rigid,1291688,1297059,1303853,5371,6794,12165,completed,36
19084,Rigid,1291688,1293247,1301608,1559,8361,9920,completed,36
19085,Rigid,1291688,1293358,1302775,1670,9417,11087,completed,36
19086,Rigid,1291688,1293363,1296996,1675,3633,5308,completed,36
19087,Rigid,1291688,1293404,1297730,1716,4326,6042,completed,36
19088,Rigid,1291688,1293404,1299188,1716,5784,7500,completed,36
19089,Rigid,1291688,1293560,1298207,1872,4647,6519,completed,36
19090,Rigid,1291688,1293560,1294854,1872,1294,3166,completed,36
19091,Rigid,1291688,1294086,1299706,2398,5620,8018,completed,36
19092,Rigid,1292052,1292052,1292634,0,582,582,completed,36
19093,Rigid,1292052,1292074,1292656,22,582,604,completed,36
19094,Rigid,1292053,1292074,1292655,21,581,602,completed,36
19095,Rigid,1292054,1292074,1292657,20,583,603,completed,36
19096,Rigid,1292054,1292074,1292656,20,582,602,completed,36
19097,Rigid,1292055,1292365,1292946,310,581,891,completed,36
19098,Rigid,1292055,1292365,1292945,310,580,890,completed,36
19099,Rigid,1292056,1292365,1292946,309,581,890,completed,36
19100,Rigid,1292057,1292365,1292945,308,580,888,completed,36
19101,Rigid,1292058,1292635,1293219,577,584,1161,completed,36
19102,Rigid,1292058,1292656,1293245,598,589,1187,completed,36
19103,Rigid,1292059,1292657,1293238,598,581,1179,completed,36
19104,Rigid,1292060,1292657,1293239,597,582,1179,completed,36
19105,Rigid,1292060,1292658,1293239,598,581,1179,completed,36
19106,Rigid,1292061,1292776,1293357,715,581,1296,completed,36
19107,Rigid,1292061,1292776,1293362,715,586,1301,completed,36
19108,Rigid,1292073,1314043,1366610,21970,52567,74537,completed,144
19109,Rigid,1292165,1292165,1292168,0,3,3,completed,72
19110,Rigid,1292203,1292204,1292206,1,2,3,completed,72
19111,Rigid,1292253,1292254,1292257,1,3,4,completed,72
19112,Rigid,1292283,1292284,1292288,1,4,5,completed,72
19113,Rigid,1292337,1292337,1292340,0,3,3,completed,72
19114,Rigid,1292363,1292364,1292367,1,3,4,completed,72
19115,Rigid,1292432,1292433,1292435,1,2,3,completed,72
19116,Rigid,1292505,1292505,1292509,0,4,4,completed,72
19117,Rigid,1292544,1292544,1292547,0,3,3,completed,72
19118,Rigid,1292560,1292561,1292565,1,4,5,completed,72
19119,Rigid,1292637,1292637,1292643,0,6,6,completed,72
19120,Rigid,1292780,1292781,1292785,1,4,5,completed,72
19121,Rigid,1292959,1292961,1292965,2,4,6,completed,72
19122,Rigid,1292974,1292974,1292977,0,3,3,completed,72
19123,Rigid,1293102,1293102,1308652,0,15550,15550,completed,18
19124,Rigid,1293102,1293102,1308371,0,15269,15269,completed,18
19125,Rigid,1293147,1293147,1293152,0,5,5,completed,72
19126,Rigid,1293189,1293190,1293194,1,4,5,completed,72
19127,Rigid,1293207,1293208,1299016,1,5808,5809,completed,36
19128,Rigid,1293247,1293248,1293252,1,4,5,completed,72
19129,Rigid,1293560,1293561,1293564,1,3,4,completed,72
19130,Rigid,1293623,1294086,1294810,463,724,1187,completed,36
19131,Rigid,1293631,1293632,1293635,1,3,4,completed,72
19132,Rigid,1293803,1293803,1293806,0,3,3,completed,72
19133,Rigid,1293895,1293895,1298332,0,4437,4437,completed,36
19134,Rigid,1293920,1319933,1407851,26013,87918,113931,completed,36
19135,Rigid,1293920,1320381,1493191,26461,172810,199271,completed,36
19136,Rigid,1293920,1320679,1414353,26759,93674,120433,completed,36
19137,Rigid,1294006,1294086,1294147,80,61,141,completed,72
19138,Rigid,1294230,1294811,1294813,581,2,583,completed,36
19139,Rigid,1294252,1295761,1299519,1509,3758,5267,completed,36
19140,Rigid,1294337,1294337,1294340,0,3,3,completed,72
19141,Rigid,1294384,1294385,1294388,1,3,4,completed,72
19142,Rigid,1294454,1294455,1294457,1,2,3,completed,72
19143,Rigid,1294505,1294505,1294507,0,2,2,completed,72
19144,Rigid,1294565,1294565,1294568,0,3,3,completed,72
19145,Rigid,1294567,1294814,1294911,247,97,344,completed,36
19146,Rigid,1294587,1294587,1294590,0,3,3,completed,72
19147,Rigid,1294840,1294913,1295754,73,841,914,completed,72
19148,Rigid,1295168,1295761,1295866,593,105,698,completed,36
19149,Rigid,1295216,1295217,1295220,1,3,4,completed,72
19150,Rigid,1295694,1309537,1311974,13843,2437,16280,completed,144
19151,Rigid,1295820,1295868,1296520,48,652,700,completed,36
19152,Rigid,1295832,1296445,1297058,613,613,1226,completed,36
19153,Rigid,1297093,1297094,1297102,1,8,9,completed,72
19154,Rigid,1297235,1297235,1297754,0,519,519,completed,72
19155,Rigid,1297402,1297402,1297691,0,289,289,completed,4
19156,Rigid,1297424,1297426,1297437,2,11,13,completed,1
19157,Rigid,1297440,1297441,1297458,1,17,18,completed,12
19158,Rigid,1297472,1297472,1297500,0,28,28,completed,1
19159,Rigid,1297480,1297731,1298147,251,416,667,completed,72
19160,Rigid,1297766,1297766,1297777,0,11,11,completed,1
19161,Rigid,1298124,1298124,1299068,0,944,944,completed,4
19162,Rigid,1298124,1298124,1299068,0,944,944,completed,4
19163,Rigid,1298124,1298124,1299068,0,944,944,completed,4
19164,Rigid,1298124,1298124,1299068,0,944,944,completed,4
19165,Rigid,1298124,1298124,1299064,0,940,940,completed,4
19166,Rigid,1298124,1298124,1300002,0,1878,1878,completed,4
19167,Rigid,1298124,1298124,1299175,0,1051,1051,completed,4
19168,Rigid,1298124,1298124,1299175,0,1051,1051,completed,4
19169,Rigid,1298124,1298124,1299175,0,1051,1051,completed,4
19170,Rigid,1298124,1298128,1299132,4,1004,1008,completed,4
19171,Rigid,1298125,1298128,1299064,3,936,939,completed,4
19172,Rigid,1298125,1298128,1299081,3,953,956,completed,4
19173,Rigid,1298125,1298128,1299064,3,936,939,completed,4
19174,Rigid,1298125,1298128,1299065,3,937,940,completed,4
19175,Rigid,1298125,1298128,1299061,3,933,936,completed,4
19176,Rigid,1298125,1298128,1299055,3,927,930,completed,4
19177,Rigid,1298125,1298128,1299056,3,928,931,completed,4
19178,Rigid,1298125,1298129,1299055,4,926,930,completed,4
19179,Rigid,1298125,1298129,1299057,4,928,932,completed,4
19180,Rigid,1298125,1298129,1299055,4,926,930,completed,4
19181,Rigid,1298125,1298128,1299958,3,1830,1833,completed,4
19182,Rigid,1298125,1298128,1299287,3,1159,1162,completed,4
19183,Rigid,1298125,1298128,1299966,3,1838,1841,completed,4
19184,Rigid,1298125,1298128,1300537,3,2409,2412,completed,4
19185,Rigid,1298125,1298129,1299296,4,1167,1171,completed,4
19186,Rigid,1298126,1298129,1299109,3,980,983,completed,4
19187,Rigid,1298126,1298129,1299043,3,914,917,completed,4
19188,Rigid,1298126,1298129,1299043,3,914,917,completed,4
19189,Rigid,1298126,1298129,1299043,3,914,917,completed,4
19190,Rigid,1298126,1298129,1299062,3,933,936,completed,4
19191,Rigid,1298126,1298129,1299996,3,1867,1870,completed,4
19192,Rigid,1298126,1298129,1299469,3,1340,1343,completed,4
19193,Rigid,1298126,1298129,1299465,3,1336,1339,completed,4
19194,Rigid,1298126,1298129,1299173,3,1044,1047,completed,4
19195,Rigid,1298127,1298129,1299046,2,917,919,completed,4
19196,Rigid,1298127,1298129,1299046,2,917,919,completed,4
19197,Rigid,1298127,1298129,1299046,2,917,919,completed,4
19198,Rigid,1298127,1298129,1299046,2,917,919,completed,4
19199,Rigid,1298127,1298129,1299046,2,917,919,completed,4
19200,Rigid,1298127,1298129,1299051,2,922,924,completed,4
19201,Rigid,1298127,1298129,1299051,2,922,924,completed,4
19202,Rigid,1298127,1298129,1299051,2,922,924,completed,4
19203,Rigid,1298127,1298129,1299053,2,924,926,completed,4
19204,Rigid,1298127,1298129,1299802,2,1673,1675,completed,4
19205,Rigid,1298127,1298129,1300234,2,2105,2107,completed,4
19206,Rigid,1298127,1298129,1299203,2,1074,1076,completed,4
19207,Rigid,1298127,1298129,1300232,2,2103,2105,completed,4
19208,Rigid,1298127,1298129,1301198,2,3069,3071,completed,4
19209,Rigid,1298127,1298129,1299149,2,1020,1022,completed,4
19210,Rigid,1298127,1298129,1300009,2,1880,1882,completed,4
19211,Rigid,1298127,1298129,1299149,2,1020,1022,completed,4
19212,Rigid,1298127,1298129,1299931,2,1802,1804,completed,4
19213,Rigid,1298127,1298129,1299949,2,1820,1822,completed,4
19214,Rigid,1298128,1298129,1299057,1,928,929,completed,4
19215,Rigid,1298128,1298129,1299049,1,920,921,completed,4
19216,Rigid,1298128,1298129,1299050,1,921,922,completed,4
19217,Rigid,1298128,1298129,1299050,1,921,922,completed,4
19218,Rigid,1298128,1298129,1299053,1,924,925,completed,4
19219,Rigid,1298128,1298129,1299050,1,921,922,completed,4
19220,Rigid,1298128,1298129,1299043,1,914,915,completed,4
19221,Rigid,1298128,1298129,1299043,1,914,915,completed,4
19222,Rigid,1298128,1298129,1299043,1,914,915,completed,4
19223,Rigid,1298128,1298129,1299064,1,935,936,completed,4
19224,Rigid,1298128,1298129,1299043,1,914,915,completed,4
19225,Rigid,1298128,1298129,1299043,1,914,915,completed,4
19226,Rigid,1298128,1298129,1299043,1,914,915,completed,4
19227,Rigid,1298128,1298129,1299051,1,922,923,completed,4
19228,Rigid,1298128,1298129,1299051,1,922,923,completed,4
19229,Rigid,1298128,1298129,1299170,1,1041,1042,completed,4
19230,Rigid,1298128,1298129,1299724,1,1595,1596,completed,4
19231,Rigid,1298128,1298129,1299829,1,1700,1701,completed,4
19232,Rigid,1298128,1298129,1299133,1,1004,1005,completed,4
19233,Rigid,1298128,1298129,1299838,1,1709,1710,completed,4
19234,Rigid,1298128,1298129,1300027,1,1898,1899,completed,4
19235,Rigid,1298129,1298132,1299051,3,919,922,completed,4
19236,Rigid,1298129,1298132,1299051,3,919,922,completed,4
19237,Rigid,1298129,1298132,1299051,3,919,922,completed,4
19238,Rigid,1298129,1298132,1299056,3,924,927,completed,4
19239,Rigid,1298129,1298132,1299115,3,983,986,completed,4
19240,Rigid,1298129,1298132,1299046,3,914,917,completed,4
19241,Rigid,1298129,1298132,1299114,3,982,985,completed,4
19242,Rigid,1298129,1298132,1300299,3,2167,2170,completed,4
19243,Rigid,1298129,1298132,1300030,3,1898,1901,completed,4
19244,Rigid,1298130,1298132,1299046,2,914,916,completed,4
19245,Rigid,1298130,1298132,1299046,2,914,916,completed,4
19246,Rigid,1298130,1298132,1299046,2,914,916,completed,4
19247,Rigid,1298130,1298132,1299051,2,919,921,completed,4
19248,Rigid,1298130,1298132,1299113,2,981,983,completed,4
19249,Rigid,1298130,1298132,1299053,2,921,923,completed,4
19250,Rigid,1298130,1298132,1299043,2,911,913,completed,4
19251,Rigid,1298130,1298132,1299043,2,911,913,completed,4
19252,Rigid,1298130,1298132,1299043,2,911,913,completed,4
19253,Rigid,1298130,1298132,1299076,2,944,946,completed,4
19254,Rigid,1298130,1298132,1299043,2,911,913,completed,4
19255,Rigid,1298130,1298132,1299076,2,944,946,completed,4
19256,Rigid,1298130,1298132,1299043,2,911,913,completed,4
19257,Rigid,1298130,1298132,1299043,2,911,913,completed,4
19258,Rigid,1298130,1298132,1299069,2,937,939,completed,4
19259,Rigid,1298130,1298132,1299043,2,911,913,completed,4
19260,Rigid,1298130,1298132,1299849,2,1717,1719,completed,4
19261,Rigid,1298130,1298132,1300374,2,2242,2244,completed,4
19262,Rigid,1298130,1298132,1300084,2,1952,1954,completed,4
19263,Rigid,1298130,1298132,1299785,2,1653,1655,completed,4
19264,Rigid,1298130,1298132,1299782,2,1650,1652,completed,4
19265,Rigid,1298130,1298132,1299667,2,1535,1537,completed,4
19266,Rigid,1298131,1298132,1299074,1,942,943,completed,4
19267,Rigid,1298131,1298132,1299043,1,911,912,completed,4
19268,Rigid,1298131,1298132,1299043,1,911,912,completed,4
19269,Rigid,1298131,1298132,1299043,1,911,912,completed,4
19270,Rigid,1298131,1298132,1299081,1,949,950,completed,4
19271,Rigid,1298131,1298132,1299793,1,1661,1662,completed,4
19272,Rigid,1298131,1298132,1299471,1,1339,1340,completed,4
19273,Rigid,1298131,1298132,1299198,1,1066,1067,completed,4
19274,Rigid,1298131,1298132,1299466,1,1334,1335,completed,4
19275,Rigid,1298131,1298132,1299468,1,1336,1337,completed,4
19276,Rigid,1298131,1298132,1299829,1,1697,1698,completed,4
19277,Rigid,1298131,1298132,1299964,1,1832,1833,completed,4
19278,Rigid,1298131,1298132,1299926,1,1794,1795,completed,4
19279,Rigid,1298132,1298136,1299080,4,944,948,completed,4
19280,Rigid,1298132,1298136,1299080,4,944,948,completed,4
19281,Rigid,1298132,1298136,1299080,4,944,948,completed,4
19282,Rigid,1298132,1298136,1299064,4,928,932,completed,4
19283,Rigid,1298132,1298136,1299064,4,928,932,completed,4
19284,Rigid,1298132,1298136,1299507,4,1371,1375,completed,4
19285,Rigid,1298132,1298136,1299507,4,1371,1375,completed,4
19286,Rigid,1298133,1298136,1299064,3,928,931,completed,4
19287,Rigid,1298133,1298136,1299064,3,928,931,completed,4
19288,Rigid,1298133,1298154,1299080,21,926,947,completed,4
19289,Rigid,1298133,1298136,1301214,3,3078,3081,completed,4
19290,Rigid,1298133,1298136,1299789,3,1653,1656,completed,4
19291,Rigid,1298133,1298136,1299789,3,1653,1656,completed,4
19292,Rigid,1298133,1298136,1299624,3,1488,1491,completed,4
19293,Rigid,1298133,1298136,1299149,3,1013,1016,completed,4
19294,Rigid,1298133,1298136,1299621,3,1485,1488,completed,4
19295,Rigid,1298133,1298154,1299837,21,1683,1704,completed,4
19296,Rigid,1298134,1298154,1299079,20,925,945,completed,4
19297,Rigid,1298134,1298154,1299080,20,926,946,completed,4
19298,Rigid,1298134,1298154,1299081,20,927,947,completed,4
19299,Rigid,1298134,1298154,1299075,20,921,941,completed,4
19300,Rigid,1298134,1298154,1300501,20,2347,2367,completed,4
19301,Rigid,1298134,1298154,1299188,20,1034,1054,completed,4
19302,Rigid,1298134,1298154,1299188,20,1034,1054,completed,4
19303,Rigid,1298134,1298154,1299985,20,1831,1851,completed,4
19304,Rigid,1298134,1298154,1300272,20,2118,2138,completed,4
19305,Rigid,1298134,1298154,1300031,20,1877,1897,completed,4
19306,Rigid,1298135,1298154,1299101,19,947,966,completed,4
19307,Rigid,1298135,1298154,1299069,19,915,934,completed,4
19308,Rigid,1298135,1298154,1299070,19,916,935,completed,4
19309,Rigid,1298135,1298154,1299070,19,916,935,completed,4
19310,Rigid,1298135,1298154,1299267,19,1113,1132,completed,4
19311,Rigid,1298135,1298154,1300040,19,1886,1905,completed,4
19312,Rigid,1298135,1298208,1299624,73,1416,1489,completed,4
19313,Rigid,1298135,1298208,1299920,73,1712,1785,completed,4
19314,Rigid,1298136,1298208,1299168,72,960,1032,completed,4
19315,Rigid,1298136,1298208,1299168,72,960,1032,completed,4
19316,Rigid,1298136,1298208,1299205,72,997,1069,completed,4
19317,Rigid,1298136,1298208,1299168,72,960,1032,completed,4
19318,Rigid,1298136,1298334,1299255,198,921,1119,completed,4
19319,Rigid,1298136,1298334,1299255,198,921,1119,completed,4
19320,Rigid,1298136,1298334,1299255,198,921,1119,completed,4
19321,Rigid,1298136,1298334,1299255,198,921,1119,completed,4
19322,Rigid,1298136,1298334,1299255,198,921,1119,completed,4
19323,Rigid,1298136,1298334,1299255,198,921,1119,completed,4
19324,Rigid,1298136,1299018,1299963,882,945,1827,completed,4
19325,Rigid,1298136,1299018,1299963,882,945,1827,completed,4
19326,Rigid,1298136,1299018,1299984,882,966,1848,completed,4
19327,Rigid,1298136,1298208,1299624,72,1416,1488,completed,4
19328,Rigid,1298136,1298208,1300101,72,1893,1965,completed,4
19329,Rigid,1298136,1298208,1300840,72,2632,2704,completed,4
19330,Rigid,1298136,1298334,1299376,198,1042,1240,completed,4
19331,Rigid,1298136,1298334,1300243,198,1909,2107,completed,4
19332,Rigid,1298136,1298334,1300261,198,1927,2125,completed,4
19333,Rigid,1298136,1299018,1300093,882,1075,1957,completed,4
19334,Rigid,1298136,1299018,1300649,882,1631,2513,completed,4
19335,Rigid,1298137,1299018,1299963,881,945,1826,completed,4
19336,Rigid,1298137,1299018,1299985,881,967,1848,completed,4
19337,Rigid,1298137,1299018,1299993,881,975,1856,completed,4
19338,Rigid,1298137,1299045,1299970,908,925,1833,completed,4
19339,Rigid,1298137,1299045,1299970,908,925,1833,completed,4
19340,Rigid,1298137,1299045,1299971,908,926,1834,completed,4
19341,Rigid,1298137,1299045,1299960,908,915,1823,completed,4
19342,Rigid,1298137,1299045,1299951,908,906,1814,completed,4
19343,Rigid,1298137,1299018,1300688,881,1670,2551,completed,4
19344,Rigid,1298138,1299045,1299951,907,906,1813,completed,4
19345,Rigid,1298138,1299045,1299955,907,910,1817,completed,4
19346,Rigid,1298138,1299045,1299951,907,906,1813,completed,4
19347,Rigid,1298138,1299045,1299951,907,906,1813,completed,4
19348,Rigid,1298138,1299045,1299953,907,908,1815,completed,4
19349,Rigid,1298138,1299045,1299953,907,908,1815,completed,4
19350,Rigid,1298138,1299045,1299995,907,950,1857,completed,4
19351,Rigid,1298138,1299045,1299995,907,950,1857,completed,4
19352,Rigid,1298138,1299045,1299995,907,950,1857,completed,4
19353,Rigid,1298138,1299045,1300092,907,1047,1954,completed,4
19354,Rigid,1298139,1299045,1300024,906,979,1885,completed,4
19355,Rigid,1298139,1299045,1300024,906,979,1885,completed,4
19356,Rigid,1298139,1299045,1300024,906,979,1885,completed,4
19357,Rigid,1298139,1299045,1300024,906,979,1885,completed,4
19358,Rigid,1298139,1299047,1300073,908,1026,1934,completed,4
19359,Rigid,1298139,1299047,1300867,908,1820,2728,completed,4
19360,Rigid,1298139,1299047,1300074,908,1027,1935,completed,4
19361,Rigid,1298417,1300304,1309536,1887,9232,11119,completed,144
19362,Rigid,1298417,1300304,1306793,1887,6489,8376,completed,144
19363,Rigid,1298417,1300304,1308225,1887,7921,9808,completed,144
19364,Rigid,1298417,1300304,1308605,1887,8301,10188,completed,144
19365,Rigid,1298417,1300304,1314906,1887,14602,16489,completed,144
19366,Rigid,1298516,1301609,1308732,3093,7123,10216,completed,144
19367,Rigid,1298516,1303243,1309630,4727,6387,11114,completed,144
19368,Rigid,1298516,1305353,1312475,6837,7122,13959,completed,144
19369,Rigid,1298516,1308226,1317387,9710,9161,18871,completed,144
19370,Rigid,1298516,1302510,1314042,3994,11532,15526,completed,144
19371,Rigid,1298516,1303339,1350000,4823,46661,51484,completed,144
19372,Rigid,1298516,1303857,1341949,5341,38092,43433,completed,144
19373,Rigid,1298516,1306166,1319765,7650,13599,21249,completed,144
19374,Rigid,1298516,1306794,1331359,8278,24565,32843,completed,144
19375,Rigid,1298517,1308606,1338108,10089,29502,39591,completed,144
19376,Rigid,1298517,1308734,1343647,10217,34913,45130,completed,144
19377,Rigid,1298517,1309154,1349003,10637,39849,50486,completed,144
19378,Rigid,1298713,1309334,1309344,10621,10,10631,completed,72
19379,Rigid,1299044,1299047,1299971,3,924,927,completed,4
19380,Rigid,1299044,1299047,1300073,3,1026,1029,completed,4
19381,Rigid,1299044,1299047,1300073,3,1026,1029,completed,4
19382,Rigid,1299045,1299047,1299970,2,923,925,completed,4
19383,Rigid,1299045,1299047,1299970,2,923,925,completed,4
19384,Rigid,1299045,1299047,1299970,2,923,925,completed,4
19385,Rigid,1299046,1299051,1299951,5,900,905,completed,4
19386,Rigid,1299046,1299051,1299951,5,900,905,completed,4
19387,Rigid,1299046,1299051,1299951,5,900,905,completed,4
19388,Rigid,1299047,1299051,1299951,4,900,904,completed,4
19389,Rigid,1299067,1299068,1300147,1,1079,1080,completed,4
19390,Rigid,1299068,1299068,1300046,0,978,978,completed,4
19391,Rigid,1299068,1299069,1300043,1,974,975,completed,4
19392,Rigid,1299068,1299069,1299963,1,894,895,completed,4
19393,Rigid,1299068,1299069,1299963,1,894,895,completed,4
19394,Rigid,1299068,1299069,1299996,1,927,928,completed,4
19395,Rigid,1299069,1299069,1299996,0,927,927,completed,4
19396,Rigid,1299069,1299069,1299996,0,927,927,completed,4
19397,Rigid,1299069,1299069,1300005,0,936,936,completed,4
19398,Rigid,1299069,1299070,1299962,1,892,893,completed,4
19399,Rigid,1299069,1299070,1299962,1,892,893,completed,4
19400,Rigid,1299069,1299070,1299962,1,892,893,completed,4
19401,Rigid,1299069,1299070,1299962,1,892,893,completed,4
19402,Rigid,1299070,1299070,1299996,0,926,926,completed,4
19403,Rigid,1299070,1299070,1299997,0,927,927,completed,4
19404,Rigid,1299070,1299070,1300013,0,943,943,completed,4
19405,Rigid,1299070,1299071,1300013,1,942,943,completed,4
19406,Rigid,1299071,1299071,1300014,0,943,943,completed,4
19407,Rigid,1299071,1299071,1300013,0,942,942,completed,4
19408,Rigid,1299071,1299072,1300067,1,995,996,completed,4
19409,Rigid,1299071,1299071,1300372,0,1301,1301,completed,4
19410,Rigid,1299072,1299072,1300027,0,955,955,completed,4
19411,Rigid,1299072,1299075,1300028,3,953,956,completed,4
19412,Rigid,1299072,1299075,1300027,3,952,955,completed,4
19413,Rigid,1299072,1299075,1300028,3,953,956,completed,4
19414,Rigid,1299072,1299075,1300027,3,952,955,completed,4
19415,Rigid,1299072,1299072,1300415,0,1343,1343,completed,4
19416,Rigid,1299072,1299987,1315679,915,15692,16607,completed,72
19417,Rigid,1299073,1299075,1300031,2,956,958,completed,4
19418,Rigid,1299073,1299075,1300024,2,949,951,completed,4
19419,Rigid,1299073,1299075,1300045,2,970,972,completed,4
19420,Rigid,1299073,1299075,1300123,2,1048,1050,completed,4
19421,Rigid,1299073,1299075,1300092,2,1017,1019,completed,4
19422,Rigid,1299073,1299075,1300092,2,1017,1019,completed,4
19423,Rigid,1299074,1299075,1300045,1,970,971,completed,4
19424,Rigid,1299074,1299075,1300045,1,970,971,completed,4
19425,Rigid,1299074,1299075,1300045,1,970,971,completed,4
19426,Rigid,1299074,1299075,1300040,1,965,966,completed,4
19427,Rigid,1299074,1299075,1300040,1,965,966,completed,4
19428,Rigid,1299074,1299075,1300041,1,966,967,completed,4
19429,Rigid,1299074,1299077,1300031,3,954,957,completed,4
19430,Rigid,1299074,1299077,1300024,3,947,950,completed,4
19431,Rigid,1299075,1299077,1300024,2,947,949,completed,4
19432,Rigid,1299075,1299081,1299984,6,903,909,completed,4
19433,Rigid,1299075,1299081,1299984,6,903,909,completed,4
19434,Rigid,1299075,1299081,1299984,6,903,909,completed,4
19435,Rigid,1299075,1299081,1300073,6,992,998,completed,4
19436,Rigid,1299076,1299081,1300073,5,992,997,completed,4
19437,Rigid,1299076,1299081,1300074,5,993,998,completed,4
19438,Rigid,1299076,1299082,1300043,6,961,967,completed,4
19439,Rigid,1299077,1299083,1300266,6,1183,1189,completed,4
19440,Rigid,1299078,1299103,1300031,25,928,953,completed,4
19441,Rigid,1299078,1299083,1300372,5,1289,1294,completed,4
19442,Rigid,1299078,1299110,1300147,32,1037,1069,completed,4
19443,Rigid,1299079,1299116,1300123,37,1007,1044,completed,4
19444,Rigid,1299095,1299116,1300123,21,1007,1028,completed,4
19445,Rigid,1299096,1299116,1300123,20,1007,1027,completed,4
19446,Rigid,1299096,1299133,1300648,37,1515,1552,completed,4
19447,Rigid,1299096,1299134,1300538,38,1404,1442,completed,4
19448,Rigid,1299096,1299150,1300277,54,1127,1181,completed,4
19449,Rigid,1299097,1299169,1300104,72,935,1007,completed,4
19450,Rigid,1299097,1299150,1300274,53,1124,1177,completed,4
19451,Rigid,1299097,1299151,1300463,54,1312,1366,completed,4
19452,Rigid,1299102,1299169,1300102,67,933,1000,completed,4
19453,Rigid,1299102,1299169,1300102,67,933,1000,completed,4
19454,Rigid,1299103,1299174,1300147,71,973,1044,completed,4
19455,Rigid,1299103,1299172,1300538,69,1366,1435,completed,4
19456,Rigid,1299103,1299176,1300271,73,1095,1168,completed,4
19457,Rigid,1299107,1299176,1300271,69,1095,1164,completed,4
19458,Rigid,1299107,1299176,1300271,69,1095,1164,completed,4
19459,Rigid,1299108,1299189,1300147,81,958,1039,completed,4
19460,Rigid,1299108,1299189,1300147,81,958,1039,completed,4
19461,Rigid,1299108,1299189,1300503,81,1314,1395,completed,4
19462,Rigid,1299108,1299189,1300503,81,1314,1395,completed,4
19463,Rigid,1299128,1299189,1300147,61,958,1019,completed,4
19464,Rigid,1299134,1299189,1300148,55,959,1014,completed,4
19465,Rigid,1299135,1299189,1300147,54,958,1012,completed,4
19466,Rigid,1299136,1299189,1300147,53,958,1011,completed,4
19467,Rigid,1299137,1299189,1300147,52,958,1010,completed,4
19468,Rigid,1299137,1299189,1300147,52,958,1010,completed,4
19469,Rigid,1299137,1299189,1301030,52,1841,1893,completed,4
19470,Rigid,1299166,1299199,1300415,33,1216,1249,completed,4
19471,Rigid,1299166,1299204,1300814,38,1610,1648,completed,4
19472,Rigid,1299169,1299207,1300503,38,1296,1334,completed,4
19473,Rigid,1299189,1299256,1300184,67,928,995,completed,4
19474,Rigid,1299189,1299256,1300184,67,928,995,completed,4
19475,Rigid,1299190,1299256,1300184,66,928,994,completed,4
19476,Rigid,1299190,1299256,1300184,66,928,994,completed,4
19477,Rigid,1299190,1299256,1300184,66,928,994,completed,4
19478,Rigid,1299194,1299256,1300184,62,928,990,completed,4
19479,Rigid,1299194,1299268,1300814,74,1546,1620,completed,4
19480,Rigid,1299195,1299288,1300648,93,1360,1453,completed,4
19481,Rigid,1299195,1299297,1300894,102,1597,1699,completed,4
19482,Rigid,1299196,1299377,1300684,181,1307,1488,completed,4
19483,Rigid,1299220,1299454,1300372,234,918,1152,completed,4
19484,Rigid,1299226,1299454,1300372,228,918,1146,completed,4
19485,Rigid,1299228,1299454,1300372,226,918,1144,completed,4
19486,Rigid,1299280,1299454,1300372,174,918,1092,completed,4
19487,Rigid,1299281,1299454,1300372,173,918,1091,completed,4
19488,Rigid,1299281,1299454,1300372,173,918,1091,completed,4
19489,Rigid,1299281,1299454,1300372,173,918,1091,completed,4
19490,Rigid,1299281,1299454,1300372,173,918,1091,completed,4
19491,Rigid,1299282,1299454,1301087,172,1633,1805,completed,4
19492,Rigid,1299282,1299467,1300556,185,1089,1274,completed,4
19493,Rigid,1299315,1299467,1300415,152,948,1100,completed,4
19494,Rigid,1299315,1299469,1300415,154,946,1100,completed,4
19495,Rigid,1299402,1299470,1300556,68,1086,1154,completed,4
19496,Rigid,1299466,1299472,1300415,6,943,949,completed,4
19497,Rigid,1299468,1299508,1301061,40,1553,1593,completed,4
19498,Rigid,1299468,1299508,1301061,40,1553,1593,completed,4
19499,Rigid,1299497,1299521,1300453,24,932,956,completed,4
19500,Rigid,1299499,1299521,1300453,22,932,954,completed,4
19501,Rigid,1299528,1299529,1300453,1,924,925,completed,4
19502,Rigid,1299529,1299533,1300453,4,920,924,completed,4
19503,Rigid,1299643,1299644,1300760,1,1116,1117,completed,4
19504,Rigid,1299643,1299644,1300760,1,1116,1117,completed,4
19505,Rigid,1299650,1299651,1300761,1,1110,1111,completed,4
19506,Rigid,1299650,1299651,1300761,1,1110,1111,completed,4
19507,Rigid,1299679,1299681,1300789,2,1108,1110,completed,4
19508,Rigid,1299738,1299741,1300841,3,1100,1103,completed,4
19509,Rigid,1299799,1299801,1300789,2,988,990,completed,4
19510,Rigid,1299799,1299801,1300789,2,988,990,completed,4
19511,Rigid,1299799,1299801,1301406,2,1605,1607,completed,4
19512,Rigid,1299800,1299801,1300863,1,1062,1063,completed,4
19513,Rigid,1299800,1299801,1300863,1,1062,1063,completed,4
19514,Rigid,1299828,1299829,1301556,1,1727,1728,completed,4
19515,Rigid,1299829,1299830,1301340,1,1510,1511,completed,4
19516,Rigid,1299859,1299861,1301555,2,1694,1696,completed,4
19517,Rigid,1299859,1299861,1301523,2,1662,1664,completed,4
19518,Rigid,1299860,1299861,1301350,1,1489,1490,completed,4
19519,Rigid,1299860,1299861,1301555,1,1694,1695,completed,4
19520,Rigid,1299899,1300322,1302173,423,1851,2274,completed,36
19521,Rigid,1299944,1299945,1300909,1,964,965,completed,4
19522,Rigid,1299949,1299950,1301073,1,1123,1124,completed,4
19523,Rigid,1299949,1299950,1301001,1,1051,1052,completed,4
19524,Rigid,1299950,1299952,1301623,2,1671,1673,completed,4
19525,Rigid,1299958,1320799,1413009,20841,92210,113051,completed,36
19526,Rigid,1299958,1321125,1493941,21167,172816,193983,completed,36
19527,Rigid,1299958,1321129,1350416,21171,29287,50458,completed,36
19528,Rigid,1299968,1299969,1300863,1,894,895,completed,4
19529,Rigid,1299968,1299969,1300863,1,894,895,completed,4
19530,Rigid,1299969,1299971,1300863,2,892,894,completed,4
19531,Rigid,1299970,1299971,1300863,1,892,893,completed,4
19532,Rigid,1299970,1299971,1300956,1,985,986,completed,4
19533,Rigid,1299970,1299971,1300956,1,985,986,completed,4
19534,Rigid,1299974,1299977,1300957,3,980,983,completed,4
19535,Rigid,1299974,1299977,1300841,3,864,867,completed,4
19536,Rigid,1299974,1299977,1300841,3,864,867,completed,4
19537,Rigid,1299974,1299977,1300841,3,864,867,completed,4
19538,Rigid,1299974,1299977,1300841,3,864,867,completed,4
19539,Rigid,1299974,1299977,1301738,3,1761,1764,completed,4
19540,Rigid,1299975,1299977,1300842,2,865,867,completed,4
19541,Rigid,1299975,1299977,1300841,2,864,866,completed,4
19542,Rigid,1299976,1299977,1300841,1,864,865,completed,4
19543,Rigid,1299976,1299977,1300843,1,866,867,completed,4
19544,Rigid,1299976,1299977,1300841,1,864,865,completed,4
19545,Rigid,1299977,1299977,1300841,0,864,864,completed,4
19546,Rigid,1299977,1299977,1300886,0,909,909,completed,4
19547,Rigid,1299977,1299981,1300887,4,906,910,completed,4
19548,Rigid,1299977,1299981,1300887,4,906,910,completed,4
19549,Rigid,1299977,1299981,1300887,4,906,910,completed,4
19550,Rigid,1299978,1299981,1300863,3,882,885,completed,4
19551,Rigid,1299978,1299981,1300863,3,882,885,completed,4
19552,Rigid,1299978,1299981,1300863,3,882,885,completed,4
19553,Rigid,1299978,1299981,1300995,3,1014,1017,completed,4
19554,Rigid,1299978,1299981,1300995,3,1014,1017,completed,4
19555,Rigid,1299978,1299981,1301721,3,1740,1743,completed,4
19556,Rigid,1299979,1299981,1300943,2,962,964,completed,4
19557,Rigid,1299979,1299981,1300863,2,882,884,completed,4
19558,Rigid,1299980,1299981,1300864,1,883,884,completed,4
19559,Rigid,1300002,1300002,1300887,0,885,885,completed,4
19560,Rigid,1300002,1300002,1300887,0,885,885,completed,4
19561,Rigid,1300002,1300002,1300887,0,885,885,completed,4
19562,Rigid,1300002,1300003,1301321,1,1318,1319,completed,4
19563,Rigid,1300003,1300003,1300893,0,890,890,completed,4
19564,Rigid,1300006,1300006,1300943,0,937,937,completed,4
19565,Rigid,1300006,1300006,1300943,0,937,937,completed,4
19566,Rigid,1300006,1300006,1300943,0,937,937,completed,4
19567,Rigid,1300007,1300010,1300893,3,883,886,completed,4
19568,Rigid,1300008,1300010,1300893,2,883,885,completed,4
19569,Rigid,1300008,1300010,1300893,2,883,885,completed,4
19570,Rigid,1300008,1300010,1300893,2,883,885,completed,4
19571,Rigid,1300008,1300010,1300900,2,890,892,completed,4
19572,Rigid,1300008,1300010,1300935,2,925,927,completed,4
19573,Rigid,1300008,1300010,1301921,2,1911,1913,completed,4
19574,Rigid,1300009,1300010,1300935,1,925,926,completed,4
19575,Rigid,1300010,1300010,1300935,0,925,925,completed,4
19576,Rigid,1300010,1300010,1300935,0,925,925,completed,4
19577,Rigid,1300021,1321155,1457614,21134,136459,157593,completed,36
19578,Rigid,1300021,1321157,1375242,21136,54085,75221,completed,36
19579,Rigid,1300021,1321182,1428164,21161,106982,128143,completed,36
19580,Rigid,1300034,1300034,1300908,0,874,874,completed,4
19581,Rigid,1300034,1300037,1300917,3,880,883,completed,4
19582,Rigid,1300034,1300037,1300908,3,871,874,completed,4
19583,Rigid,1300034,1300037,1300908,3,871,874,completed,4
19584,Rigid,1300035,1300037,1300916,2,879,881,completed,4
19585,Rigid,1300035,1300037,1300919,2,882,884,completed,4
19586,Rigid,1300035,1300037,1300919,2,882,884,completed,4
19587,Rigid,1300035,1300037,1300919,2,882,884,completed,4
19588,Rigid,1300035,1300037,1300919,2,882,884,completed,4
19589,Rigid,1300035,1300037,1300926,2,889,891,completed,4
19590,Rigid,1300035,1300037,1300925,2,888,890,completed,4
19591,Rigid,1300036,1300037,1300919,1,882,883,completed,4
19592,Rigid,1300037,1300037,1300902,0,865,865,completed,4
19593,Rigid,1300037,1300037,1300902,0,865,865,completed,4
19594,Rigid,1300037,1300041,1300902,4,861,865,completed,4
19595,Rigid,1300037,1300037,1301809,0,1772,1772,completed,4
19596,Rigid,1300038,1300041,1300909,3,868,871,completed,4
19597,Rigid,1300039,1300041,1300937,2,896,898,completed,4
19598,Rigid,1300039,1300041,1300903,2,862,864,completed,4
19599,Rigid,1300039,1300041,1300937,2,896,898,completed,4
19600,Rigid,1300039,1300041,1301853,2,1812,1814,completed,4
19601,Rigid,1300040,1300041,1301716,1,1675,1676,completed,4
19602,Rigid,1300040,1300041,1301729,1,1688,1689,completed,4
19603,Rigid,1300066,1300066,1301079,0,1013,1013,completed,4
19604,Rigid,1300066,1300066,1301079,0,1013,1013,completed,4
19605,Rigid,1300067,1300068,1301027,1,959,960,completed,4
19606,Rigid,1300067,1300068,1301027,1,959,960,completed,4
19607,Rigid,1300067,1300068,1301027,1,959,960,completed,4
19608,Rigid,1300067,1300068,1301027,1,959,960,completed,4
19609,Rigid,1300067,1300068,1301079,1,1011,1012,completed,4
19610,Rigid,1300067,1300068,1301329,1,1261,1262,completed,4
19611,Rigid,1300068,1300068,1301060,0,992,992,completed,4
19612,Rigid,1300068,1300068,1301060,0,992,992,completed,4
19613,Rigid,1300069,1300070,1301060,1,990,991,completed,4
19614,Rigid,1300097,1300097,1301002,0,905,905,completed,4
19615,Rigid,1300098,1300101,1301002,3,901,904,completed,4
19616,Rigid,1300098,1300101,1301002,3,901,904,completed,4
19617,Rigid,1300098,1300101,1301002,3,901,904,completed,4
19618,Rigid,1300098,1300101,1301019,3,918,921,completed,4
19619,Rigid,1300098,1300101,1301019,3,918,921,completed,4
19620,Rigid,1300098,1300101,1301019,3,918,921,completed,4
19621,Rigid,1300098,1300101,1301981,3,1880,1883,completed,4
19622,Rigid,1300099,1300101,1301073,2,972,974,completed,4
19623,Rigid,1300099,1300101,1301073,2,972,974,completed,4
19624,Rigid,1300100,1300101,1301073,1,972,973,completed,4
19625,Rigid,1300100,1300101,1301356,1,1255,1256,completed,4
19626,Rigid,1300100,1300101,1301214,1,1113,1114,completed,4
19627,Rigid,1300127,1300127,1301039,0,912,912,completed,4
19628,Rigid,1300127,1300127,1301038,0,911,911,completed,4
19629,Rigid,1300127,1300131,1301038,4,907,911,completed,4
19630,Rigid,1300128,1300131,1301038,3,907,910,completed,4
19631,Rigid,1300128,1300131,1301001,3,870,873,completed,4
19632,Rigid,1300129,1300131,1301001,2,870,872,completed,4
19633,Rigid,1300129,1300131,1301004,2,873,875,completed,4
19634,Rigid,1300131,1300131,1301001,0,870,870,completed,4
19635,Rigid,1300141,1321875,1429103,21734,107228,128962,completed,36
19636,Rigid,1300141,1322509,1410022,22368,87513,109881,completed,36
19637,Rigid,1300141,1322884,1431979,22743,109095,131838,completed,36
19638,Rigid,1300157,1300161,1301063,4,902,906,completed,4
19639,Rigid,1300157,1300161,1301063,4,902,906,completed,4
19640,Rigid,1300157,1300161,1301063,4,902,906,completed,4
19641,Rigid,1300158,1300161,1301079,3,918,921,completed,4
19642,Rigid,1300158,1300161,1301214,3,1053,1056,completed,4
19643,Rigid,1300158,1300161,1301214,3,1053,1056,completed,4
19644,Rigid,1300158,1300161,1301852,3,1691,1694,completed,4
19645,Rigid,1300159,1300161,1301079,2,918,920,completed,4
19646,Rigid,1300159,1300161,1301079,2,918,920,completed,4
19647,Rigid,1300159,1300161,1301079,2,918,920,completed,4
19648,Rigid,1300161,1300165,1301079,4,914,918,completed,4
19649,Rigid,1300186,1300187,1301104,1,917,918,completed,4
19650,Rigid,1300187,1300191,1301104,4,913,917,completed,4
19651,Rigid,1300189,1300191,1301104,2,913,915,completed,4
19652,Rigid,1300189,1300191,1301104,2,913,915,completed,4
19653,Rigid,1300189,1300191,1301104,2,913,915,completed,4
19654,Rigid,1300190,1300191,1301104,1,913,914,completed,4
19655,Rigid,1300251,1300252,1301198,1,946,947,completed,4
19656,Rigid,1300251,1300252,1301673,1,1421,1422,completed,4
19657,Rigid,1300251,1300252,1301623,1,1371,1372,completed,4
19658,Rigid,1300279,1300281,1301673,2,1392,1394,completed,4
19659,Rigid,1300279,1300281,1301321,2,1040,1042,completed,4
19660,Rigid,1300280,1300281,1301321,1,1040,1041,completed,4
19661,Rigid,1300280,1300281,1301321,1,1040,1041,completed,4
19662,Rigid,1300280,1300281,1301420,1,1139,1140,completed,4
19663,Rigid,1300280,1300281,1301420,1,1139,1140,completed,4
19664,Rigid,1300281,1300281,1301685,0,1404,1404,completed,4
19665,Rigid,1300281,1300285,1301849,4,1564,1568,completed,4
19666,Rigid,1300311,1300311,1301775,0,1464,1464,completed,4
19667,Rigid,1300398,1300401,1301673,3,1272,1275,completed,4
19668,Rigid,1300398,1300401,1301781,3,1380,1383,completed,4
19669,Rigid,1300399,1300401,1301320,2,919,921,completed,4
19670,Rigid,1300399,1300401,1301289,2,888,890,completed,4
19671,Rigid,1300400,1300401,1301289,1,888,889,completed,4
19672,Rigid,1300400,1300401,1301289,1,888,889,completed,4
19673,Rigid,1300400,1300401,1301289,1,888,889,completed,4
19674,Rigid,1300400,1300401,1301289,1,888,889,completed,4
19675,Rigid,1300401,1300405,1301290,4,885,889,completed,4
19676,Rigid,1300402,1300405,1301289,3,884,887,completed,4
19677,Rigid,1300402,1300405,1301289,3,884,887,completed,4
19678,Rigid,1300430,1300430,1301320,0,890,890,completed,4
19679,Rigid,1300430,1300430,1301320,0,890,890,completed,4
19680,Rigid,1300430,1300430,1301673,0,1243,1243,completed,4
19681,Rigid,1300431,1300434,1301320,3,886,889,completed,4
19682,Rigid,1300432,1300434,1301320,2,886,888,completed,4
19683,Rigid,1300460,1300461,1301343,1,882,883,completed,4
19684,Rigid,1300460,1300461,1301343,1,882,883,completed,4
19685,Rigid,1300460,1300461,1301343,1,882,883,completed,4
19686,Rigid,1300463,1300464,1301343,1,879,880,completed,4
19687,Rigid,1300492,1300492,1301406,0,914,914,completed,4
19688,Rigid,1300522,1300522,1301406,0,884,884,completed,4
19689,Rigid,1300522,1300522,1301406,0,884,884,completed,4
19690,Rigid,1300522,1300526,1301406,4,880,884,completed,4
19691,Rigid,1300523,1300526,1301406,3,880,883,completed,4
19692,Rigid,1300552,1300552,1301752,0,1200,1200,completed,4
19693,Rigid,1300552,1300556,1301701,4,1145,1149,completed,4
19694,Rigid,1300552,1300556,1301673,4,1117,1121,completed,4
19695,Rigid,1300581,1300582,1301662,1,1080,1081,completed,4
19696,Rigid,1300581,1300582,1301660,1,1078,1079,completed,4
19697,Rigid,1300673,1300673,1301736,0,1063,1063,completed,4
19698,Rigid,1300673,1300673,1301736,0,1063,1063,completed,4
19699,Rigid,1300673,1300673,1301794,0,1121,1121,completed,4
19700,Rigid,1300703,1300704,1301944,1,1240,1241,completed,4
19701,Rigid,1300703,1300704,1301997,1,1293,1294,completed,4
19702,Rigid,1300762,1300763,1301695,1,932,933,completed,4
19703,Rigid,1300762,1300763,1301695,1,932,933,completed,4
19704,Rigid,1300763,1300767,1301699,4,932,936,completed,4
19705,Rigid,1300764,1300767,1302292,3,1525,1528,completed,4
19706,Rigid,1300792,1300793,1301703,1,910,911,completed,4
19707,Rigid,1300792,1300793,1301702,1,909,910,completed,4
19708,Rigid,1300793,1300797,1301702,4,905,909,completed,4
19709,Rigid,1300823,1300824,1301779,1,955,956,completed,4
19710,Rigid,1300823,1300824,1301885,1,1061,1062,completed,4
19711,Rigid,1300850,1300851,1301721,1,870,871,completed,4
19712,Rigid,1300851,1300851,1301760,0,909,909,completed,4
19713,Rigid,1300851,1300851,1301702,0,851,851,completed,4
19714,Rigid,1300851,1300851,1301703,0,852,852,completed,4
19715,Rigid,1300851,1300851,1301703,0,852,852,completed,4
19716,Rigid,1300851,1300851,1301687,0,836,836,completed,4
19717,Rigid,1300851,1300851,1301687,0,836,836,completed,4
19718,Rigid,1300851,1300851,1301687,0,836,836,completed,4
19719,Rigid,1300851,1300851,1301687,0,836,836,completed,4
19720,Rigid,1300851,1300851,1301687,0,836,836,completed,4
19721,Rigid,1300853,1300855,1301687,2,832,834,completed,4
19722,Rigid,1300854,1300855,1301779,1,924,925,completed,4
19723,Rigid,1300880,1300881,1301750,1,869,870,completed,4
19724,Rigid,1300881,1300881,1301750,0,869,869,completed,4
19725,Rigid,1300881,1300881,1301750,0,869,869,completed,4
19726,Rigid,1300881,1300881,1301750,0,869,869,completed,4
19727,Rigid,1300882,1300885,1301750,3,865,868,completed,4
19728,Rigid,1300882,1300885,1301885,3,1000,1003,completed,4
19729,Rigid,1300883,1300885,1301750,2,865,867,completed,4
19730,Rigid,1300883,1300885,1301751,2,866,868,completed,4
19731,Rigid,1300883,1300885,1301794,2,909,911,completed,4
19732,Rigid,1300884,1300885,1301794,1,909,910,completed,4
19733,Rigid,1300885,1300885,1301779,0,894,894,completed,4
19734,Rigid,1300885,1300885,1301927,0,1042,1042,completed,4
19735,Rigid,1300909,1300910,1301762,1,852,853,completed,4
19736,Rigid,1300909,1300910,1301765,1,855,856,completed,4
19737,Rigid,1300909,1300910,1301762,1,852,853,completed,4
19738,Rigid,1300910,1300910,1301752,0,842,842,completed,4
19739,Rigid,1300910,1300910,1301752,0,842,842,completed,4
19740,Rigid,1300910,1300910,1301752,0,842,842,completed,4
19741,Rigid,1300910,1300910,1301752,0,842,842,completed,4
19742,Rigid,1300911,1300914,1301752,3,838,841,completed,4
19743,Rigid,1300911,1300914,1301762,3,848,851,completed,4
19744,Rigid,1300911,1300914,1301779,3,865,868,completed,4
19745,Rigid,1300911,1300914,1301750,3,836,839,completed,4
19746,Rigid,1300911,1300914,1301750,3,836,839,completed,4
19747,Rigid,1300911,1300914,1301750,3,836,839,completed,4
19748,Rigid,1300912,1300914,1301750,2,836,838,completed,4
19749,Rigid,1300912,1300914,1301760,2,846,848,completed,4
19750,Rigid,1300913,1300914,1301760,1,846,847,completed,4
19751,Rigid,1300913,1300914,1301760,1,846,847,completed,4
19752,Rigid,1300913,1300914,1301760,1,846,847,completed,4
19753,Rigid,1300914,1300917,1301781,3,864,867,completed,4
19754,Rigid,1300940,1300941,1301775,1,834,835,completed,4
19755,Rigid,1300940,1300941,1302012,1,1071,1072,completed,4
19756,Rigid,1300940,1300941,1302011,1,1070,1071,completed,4
19757,Rigid,1300941,1300941,1301775,0,834,834,completed,4
19758,Rigid,1300941,1300941,1301775,0,834,834,completed,4
19759,Rigid,1300941,1300941,1301779,0,838,838,completed,4
19760,Rigid,1300941,1300941,1301776,0,835,835,completed,4
19761,Rigid,1300941,1300944,1301779,3,835,838,completed,4
19762,Rigid,1300941,1300944,1301808,3,864,867,completed,4
19763,Rigid,1300941,1300944,1301781,3,837,840,completed,4
19764,Rigid,1300942,1300944,1301781,2,837,839,completed,4
19765,Rigid,1300942,1300944,1301785,2,841,843,completed,4
19766,Rigid,1300942,1300944,1301790,2,846,848,completed,4
19767,Rigid,1300942,1300944,1301781,2,837,839,completed,4
19768,Rigid,1300942,1300944,1301781,2,837,839,completed,4
19769,Rigid,1300943,1300944,1301779,1,835,836,completed,4
19770,Rigid,1300943,1300944,1301850,1,906,907,completed,4
19771,Rigid,1300943,1300944,1301780,1,836,837,completed,4
19772,Rigid,1300943,1300944,1301780,1,836,837,completed,4
19773,Rigid,1300943,1300944,1301811,1,867,868,completed,4
19774,Rigid,1300943,1300944,1301811,1,867,868,completed,4
19775,Rigid,1300943,1300944,1301815,1,871,872,completed,4
19776,Rigid,1300944,1300944,1301920,0,976,976,completed,4
19777,Rigid,1300974,1300975,1301882,1,907,908,completed,4
19778,Rigid,1300974,1300975,1301882,1,907,908,completed,4
19779,Rigid,1300974,1300975,1301882,1,907,908,completed,4
19780,Rigid,1301004,1301005,1301885,1,880,881,completed,4
19781,Rigid,1301004,1301005,1301885,1,880,881,completed,4
19782,Rigid,1301004,1301005,1302227,1,1222,1223,completed,4
19783,Rigid,1301031,1301032,1301885,1,853,854,completed,4
19784,Rigid,1301031,1301032,1301882,1,850,851,completed,4
19785,Rigid,1301031,1301032,1301882,1,850,851,completed,4
19786,Rigid,1301031,1301032,1301882,1,850,851,completed,4
19787,Rigid,1301031,1301032,1301882,1,850,851,completed,4
19788,Rigid,1301032,1301032,1301882,0,850,850,completed,4
19789,Rigid,1301032,1301032,1301921,0,889,889,completed,4
19790,Rigid,1301032,1301036,1301920,4,884,888,completed,4
19791,Rigid,1301032,1301036,1301920,4,884,888,completed,4
19792,Rigid,1301032,1301036,1301883,4,847,851,completed,4
19793,Rigid,1301032,1301036,1301883,4,847,851,completed,4
19794,Rigid,1301033,1301036,1301884,3,848,851,completed,4
19795,Rigid,1301033,1301036,1301883,3,847,850,completed,4
19796,Rigid,1301033,1301036,1301885,3,849,852,completed,4
19797,Rigid,1301033,1301036,1302464,3,1428,1431,completed,4
19798,Rigid,1301036,1301036,1301920,0,884,884,completed,4
19799,Rigid,1301062,1301062,1301920,0,858,858,completed,4
19800,Rigid,1301062,1301062,1301920,0,858,858,completed,4
19801,Rigid,1301062,1301062,1301920,0,858,858,completed,4
19802,Rigid,1301062,1301062,1301920,0,858,858,completed,4
19803,Rigid,1301063,1301065,1301927,2,862,864,completed,4
19804,Rigid,1301064,1301065,1301927,1,862,863,completed,4
19805,Rigid,1301064,1301065,1302163,1,1098,1099,completed,4
19806,Rigid,1301065,1301067,1301922,2,855,857,completed,4
19807,Rigid,1301065,1301067,1301923,2,856,858,completed,4
19808,Rigid,1301092,1301093,1301922,1,829,830,completed,4
19809,Rigid,1301092,1301093,1302011,1,918,919,completed,4
19810,Rigid,1301092,1301093,1302011,1,918,919,completed,4
19811,Rigid,1301093,1301097,1302012,4,915,919,completed,4
19812,Rigid,1301093,1301097,1301920,4,823,827,completed,4
19813,Rigid,1301093,1301097,1301920,4,823,827,completed,4
19814,Rigid,1301093,1301097,1301920,4,823,827,completed,4
19815,Rigid,1301093,1301097,1301920,4,823,827,completed,4
19816,Rigid,1301093,1301097,1302509,4,1412,1416,completed,4
19817,Rigid,1301094,1301097,1301920,3,823,826,completed,4
19818,Rigid,1301094,1301097,1301922,3,825,828,completed,4
19819,Rigid,1301094,1301097,1301920,3,823,826,completed,4
19820,Rigid,1301094,1301097,1301944,3,847,850,completed,4
19821,Rigid,1301095,1301097,1301944,2,847,849,completed,4
19822,Rigid,1301095,1301097,1301944,2,847,849,completed,4
19823,Rigid,1301096,1301097,1301944,1,847,848,completed,4
19824,Rigid,1301123,1301124,1301944,1,820,821,completed,4
19825,Rigid,1301123,1301124,1301944,1,820,821,completed,4
19826,Rigid,1301123,1301124,1301945,1,821,822,completed,4
19827,Rigid,1301124,1301124,1301944,0,820,820,completed,4
19828,Rigid,1301124,1301124,1301944,0,820,820,completed,4
19829,Rigid,1301124,1301124,1301950,0,826,826,completed,4
19830,Rigid,1301213,1301214,1302459,1,1245,1246,completed,4
19831,Rigid,1301214,1301215,1302580,1,1365,1366,completed,4
19832,Rigid,1301214,1301215,1302885,1,1670,1671,completed,4
19833,Rigid,1301216,1301218,1302163,2,945,947,completed,4
19834,Rigid,1301217,1301218,1302163,1,945,946,completed,4
19835,Rigid,1301244,1301244,1302163,0,919,919,completed,4
19836,Rigid,1301303,1301303,1302162,0,859,859,completed,4
19837,Rigid,1301303,1301307,1302162,4,855,859,completed,4
19838,Rigid,1301303,1301307,1302192,4,885,889,completed,4
19839,Rigid,1301303,1301307,1302162,4,855,859,completed,4
19840,Rigid,1301303,1301307,1302164,4,857,861,completed,4
19841,Rigid,1301303,1301307,1302162,4,855,859,completed,4
19842,Rigid,1301303,1301307,1302162,4,855,859,completed,4
19843,Rigid,1301304,1301307,1302162,3,855,858,completed,4
19844,Rigid,1301333,1301333,1302293,0,960,960,completed,4
19845,Rigid,1301333,1301337,1302293,4,956,960,completed,4
19846,Rigid,1301333,1301337,1302293,4,956,960,completed,4
19847,Rigid,1301333,1301337,1302513,4,1176,1180,completed,4
19848,Rigid,1301334,1301337,1302162,3,825,828,completed,4
19849,Rigid,1301334,1301337,1302162,3,825,828,completed,4
19850,Rigid,1301334,1301337,1302162,3,825,828,completed,4
19851,Rigid,1301334,1301337,1302465,3,1128,1131,completed,4
19852,Rigid,1301335,1301337,1302162,2,825,827,completed,4
19853,Rigid,1301336,1301337,1302162,1,825,826,completed,4
19854,Rigid,1301364,1301365,1302651,1,1286,1287,completed,4
19855,Rigid,1301364,1301365,1302760,1,1395,1396,completed,4
19856,Rigid,1301364,1301365,1302612,1,1247,1248,completed,4
19857,Rigid,1301365,1301368,1302215,3,847,850,completed,4
19858,Rigid,1301366,1301368,1302215,2,847,849,completed,4
19859,Rigid,1301366,1301368,1302215,2,847,849,completed,4
19860,Rigid,1301367,1301368,1302215,1,847,848,completed,4
19861,Rigid,1301424,1301425,1302263,1,838,839,completed,4
19862,Rigid,1301424,1301425,1302786,1,1361,1362,completed,4
19863,Rigid,1301424,1301425,1302461,1,1036,1037,completed,4
19864,Rigid,1301424,1301425,1302459,1,1034,1035,completed,4
19865,Rigid,1301425,1301429,1302263,4,834,838,completed,4
19866,Rigid,1301425,1301429,1302263,4,834,838,completed,4
19867,Rigid,1301427,1301429,1302263,2,834,836,completed,4
19868,Rigid,1301427,1301429,1302263,2,834,836,completed,4
19869,Rigid,1301547,1301547,1302769,0,1222,1222,completed,4
19870,Rigid,1301577,1301577,1302756,0,1179,1179,completed,4
19871,Rigid,1301578,1301581,1302868,3,1287,1290,completed,4
19872,Rigid,1301578,1301581,1302812,3,1231,1234,completed,4
19873,Rigid,1301637,1301637,1302733,0,1096,1096,completed,4
19874,Rigid,1301638,1301641,1302907,3,1266,1269,completed,4
19875,Rigid,1301665,1301665,1302515,0,850,850,completed,4
19876,Rigid,1301666,1301669,1302516,3,847,850,completed,4
19877,Rigid,1301695,1301697,1302530,2,833,835,completed,4
19878,Rigid,1301695,1301697,1302511,2,814,816,completed,4
19879,Rigid,1301695,1301697,1302511,2,814,816,completed,4
19880,Rigid,1301695,1301697,1302510,2,813,815,completed,4
19881,Rigid,1301695,1301695,1302723,0,1028,1028,completed,4
19882,Rigid,1301695,1301697,1302767,2,1070,1072,completed,4
19883,Rigid,1301696,1301697,1302510,1,813,814,completed,4
19884,Rigid,1301696,1301697,1302511,1,814,815,completed,4
19885,Rigid,1301697,1301699,1302532,2,833,835,completed,4
19886,Rigid,1301697,1301699,1302526,2,827,829,completed,4
19887,Rigid,1301698,1301699,1302513,1,814,815,completed,4
19888,Rigid,1301698,1301699,1302538,1,839,840,completed,4
19889,Rigid,1301698,1301699,1302538,1,839,840,completed,4
19890,Rigid,1301698,1301699,1302752,1,1053,1054,completed,4
19891,Rigid,1301725,1301726,1302530,1,804,805,completed,4
19892,Rigid,1301726,1301730,1302530,4,800,804,completed,4
19893,Rigid,1301726,1301730,1302530,4,800,804,completed,4
19894,Rigid,1301726,1301730,1302546,4,816,820,completed,4
19895,Rigid,1301726,1301730,1302546,4,816,820,completed,4
19896,Rigid,1301726,1301730,1302509,4,779,783,completed,4
19897,Rigid,1301726,1301730,1302509,4,779,783,completed,4
19898,Rigid,1301727,1301730,1302509,3,779,782,completed,4
19899,Rigid,1301727,1301730,1303389,3,1659,1662,completed,4
19900,Rigid,1301728,1301730,1302539,2,809,811,completed,4
19901,Rigid,1301728,1301730,1302887,2,1157,1159,completed,4
19902,Rigid,1301754,1301755,1302566,1,811,812,completed,4
19903,Rigid,1301754,1301755,1302566,1,811,812,completed,4
19904,Rigid,1301754,1301755,1302566,1,811,812,completed,4
19905,Rigid,1301754,1301755,1302566,1,811,812,completed,4
19906,Rigid,1301754,1301755,1302574,1,819,820,completed,4
19907,Rigid,1301755,1301759,1302574,4,815,819,completed,4
19908,Rigid,1301755,1301759,1302528,4,769,773,completed,4
19909,Rigid,1301755,1301759,1302528,4,769,773,completed,4
19910,Rigid,1301755,1301759,1302787,4,1028,1032,completed,4
19911,Rigid,1301756,1301759,1302536,3,777,780,completed,4
19912,Rigid,1301756,1301759,1302528,3,769,772,completed,4
19913,Rigid,1301756,1301759,1302542,3,783,786,completed,4
19914,Rigid,1301756,1301759,1302530,3,771,774,completed,4
19915,Rigid,1301756,1301759,1302564,3,805,808,completed,4
19916,Rigid,1301756,1301759,1302564,3,805,808,completed,4
19917,Rigid,1301756,1301759,1302564,3,805,808,completed,4
19918,Rigid,1301757,1301759,1302520,2,761,763,completed,4
19919,Rigid,1301758,1301759,1302520,1,761,762,completed,4
19920,Rigid,1301758,1301759,1302520,1,761,762,completed,4
19921,Rigid,1301758,1301759,1302520,1,761,762,completed,4
19922,Rigid,1301758,1301759,1302886,1,1127,1128,completed,4
19923,Rigid,1301784,1301785,1302596,1,811,812,completed,4
19924,Rigid,1301784,1301785,1302595,1,810,811,completed,4
19925,Rigid,1301784,1301785,1302723,1,938,939,completed,4
19926,Rigid,1301784,1301785,1302723,1,938,939,completed,4
19927,Rigid,1301784,1301785,1302723,1,938,939,completed,4
19928,Rigid,1301785,1301785,1302519,0,734,734,completed,4
19929,Rigid,1301785,1301785,1302518,0,733,733,completed,4
19930,Rigid,1301785,1301787,1302518,2,731,733,completed,4
19931,Rigid,1301785,1301787,1302520,2,733,735,completed,4
19932,Rigid,1301785,1301787,1302524,2,737,739,completed,4
19933,Rigid,1301785,1301787,1302518,2,731,733,completed,4
19934,Rigid,1301785,1301787,1302545,2,758,760,completed,4
19935,Rigid,1301785,1301785,1303084,0,1299,1299,completed,4
19936,Rigid,1301786,1301787,1302509,1,722,723,completed,4
19937,Rigid,1301786,1301787,1302509,1,722,723,completed,4
19938,Rigid,1301787,1301789,1302509,2,720,722,completed,4
19939,Rigid,1301787,1301789,1302509,2,720,722,completed,4
19940,Rigid,1301787,1301789,1302538,2,749,751,completed,4
19941,Rigid,1301787,1301789,1302537,2,748,750,completed,4
19942,Rigid,1301787,1301789,1302537,2,748,750,completed,4
19943,Rigid,1301787,1301789,1302537,2,748,750,completed,4
19944,Rigid,1301788,1301789,1302537,1,748,749,completed,4
19945,Rigid,1301789,1301789,1301845,0,56,56,completed,3
19946,Rigid,1301789,1301792,1301845,3,53,56,completed,3
19947,Rigid,1301789,1301792,1301845,3,53,56,completed,3
19948,Rigid,1301789,1301789,1306845,0,5056,5056,completed,4
19949,Rigid,1301789,1301789,1308402,0,6613,6613,completed,4
19950,Rigid,1301789,1301789,1328738,0,26949,26949,completed,4
19951,Rigid,1301790,1301792,1305914,2,4122,4124,completed,4
19952,Rigid,1301817,1301818,1301873,1,55,56,completed,3
19953,Rigid,1301818,1301818,1301874,0,56,56,completed,3
19954,Rigid,1301818,1301822,1305662,4,3840,3844,completed,4
19955,Rigid,1301818,1301822,1306505,4,4683,4687,completed,4
19956,Rigid,1301819,1301822,1301876,3,54,57,completed,3
19957,Rigid,1301819,1301822,1301879,3,57,60,completed,3
19958,Rigid,1301819,1301822,1301876,3,54,57,completed,3
19959,Rigid,1301819,1301822,1306370,3,4548,4551,completed,4
19960,Rigid,1301819,1301822,1331123,3,29301,29304,completed,4
19961,Rigid,1301819,1301822,1326978,3,25156,25159,completed,4
19962,Rigid,1301864,1301865,1301873,1,8,9,completed,1
19963,Rigid,1301864,1301865,1301929,1,64,65,completed,3
19964,Rigid,1301869,1301870,1301875,1,5,6,completed,1
19965,Rigid,1301879,1301880,1301886,1,6,7,completed,1
19966,Rigid,1301891,1301892,1301898,1,6,7,completed,1
19967,Rigid,1301892,1301892,1301898,0,6,6,completed,1
19968,Rigid,1301892,1301892,1301898,0,6,6,completed,1
19969,Rigid,1301894,1301896,1301902,2,6,8,completed,1
19970,Rigid,1301894,1301896,1301902,2,6,8,completed,1
19971,Rigid,1301948,1301949,1301964,1,15,16,completed,1
19972,Rigid,1302237,1333075,1335694,30838,2619,33457,completed,36
19973,Rigid,1302237,1322923,1324044,20686,1121,21807,completed,36
19974,Rigid,1302237,1322975,1325046,20738,2071,22809,completed,36
19975,Rigid,1302237,1323985,1325261,21748,1276,23024,completed,36
19976,Rigid,1302237,1324045,1325187,21808,1142,22950,completed,36
19977,Rigid,1302237,1325047,1332189,22810,7142,29952,completed,36
19978,Rigid,1302237,1325190,1327939,22953,2749,25702,completed,36
19979,Rigid,1302237,1328083,1329310,25846,1227,27073,completed,36
19980,Rigid,1302237,1332584,1334825,30347,2241,32588,completed,36
19981,Rigid,1302237,1333075,1335161,30838,2086,32924,completed,36
19982,Rigid,1302754,1302767,1475581,13,172814,172827,completed,24
19983,Rigid,1302874,1334512,1477390,31638,142878,174516,completed,108
19984,Rigid,1303402,1303406,1303425,4,19,23,completed,1
19985,Rigid,1303880,1314907,1322882,11027,7975,19002,completed,36
19986,Rigid,1303880,1314907,1321873,11027,6966,17993,completed,36
19987,Rigid,1303880,1315680,1322974,11800,7294,19094,completed,36
19988,Rigid,1303880,1315680,1321181,11800,5501,17301,completed,36
19989,Rigid,1303880,1309647,1312670,5767,3023,8790,completed,36
19990,Rigid,1303880,1316069,1323983,12189,7914,20103,completed,36
19991,Rigid,1303880,1316257,1322508,12377,6251,18628,completed,36
19992,Rigid,1303880,1310079,1317948,6199,7869,14068,completed,36
19993,Rigid,1303880,1312843,1318971,8963,6128,15091,completed,36
19994,Rigid,1303880,1314356,1318128,10476,3772,14248,completed,36
19995,Rigid,1303880,1314356,1316928,10476,2572,13048,completed,36
19996,Rigid,1303880,1314356,1319932,10476,5576,16052,completed,36
19997,Rigid,1303880,1314356,1317942,10476,3586,14062,completed,36
19998,Rigid,1303880,1314907,1316068,11027,1161,12188,completed,36
19999,Rigid,1303880,1314907,1316256,11027,1349,12376,completed,36
20000,Rigid,1304099,1304099,1347315,0,43216,43216,completed,36
20001,Rigid,1304160,1307469,1307629,3309,160,3469,completed,36
20002,Rigid,1304165,1307630,1307674,3465,44,3509,completed,36
20003,Rigid,1305673,1305673,1308092,0,2419,2419,completed,1
20004,Rigid,1305918,1305919,1308803,1,2884,2885,completed,1
20005,Rigid,1306376,1306377,1309700,1,3323,3324,completed,1
20006,Rigid,1306508,1306508,1309978,0,3470,3470,completed,1
20007,Rigid,1306857,1306858,1310800,1,3942,3943,completed,1
20008,Rigid,1308003,1308003,1308072,0,69,69,completed,36
20009,Rigid,1308114,1308115,1308125,1,10,11,completed,4
20010,Rigid,1308134,1308134,1322283,0,14149,14149,completed,4
20011,Rigid,1308404,1308405,1313937,1,5532,5533,completed,1
20012,Rigid,1308699,1308699,1308701,0,2,2,completed,1
20013,Rigid,1308699,1308699,1308702,0,3,3,completed,1
20014,Rigid,1308699,1308699,1308708,0,9,9,completed,1
20015,Rigid,1308699,1308701,1308710,2,9,11,completed,1
20016,Rigid,1308699,1308701,1308760,2,59,61,completed,1
20017,Rigid,1308809,1308810,1308815,1,5,6,completed,4
20018,Rigid,1308819,1308820,1323144,1,14324,14325,completed,4
20019,Rigid,1308894,1308895,1308969,1,74,75,completed,1
20020,Rigid,1308899,1308900,1309095,1,195,196,completed,1
20021,Rigid,1308902,1308904,1309040,2,136,138,completed,1
20022,Rigid,1308903,1308904,1308979,1,75,76,completed,1
20023,Rigid,1308903,1308904,1308951,1,47,48,completed,1
20024,Rigid,1308903,1308904,1308926,1,22,23,completed,1
20025,Rigid,1308903,1308904,1308987,1,83,84,completed,1
20026,Rigid,1308903,1308904,1308980,1,76,77,completed,1
20027,Rigid,1308903,1308904,1308972,1,68,69,completed,1
20028,Rigid,1308903,1308904,1309006,1,102,103,completed,1
20029,Rigid,1308904,1308904,1308983,0,79,79,completed,1
20030,Rigid,1308904,1308904,1308922,0,18,18,completed,1
20031,Rigid,1308904,1308908,1308976,4,68,72,completed,1
20032,Rigid,1308904,1308908,1309005,4,97,101,completed,1
20033,Rigid,1308904,1308908,1308967,4,59,63,completed,1
20034,Rigid,1308904,1308908,1308952,4,44,48,completed,1
20035,Rigid,1308904,1308908,1308994,4,86,90,completed,1
20036,Rigid,1308904,1308908,1308931,4,23,27,completed,1
20037,Rigid,1308904,1308908,1309001,4,93,97,completed,1
20038,Rigid,1308905,1308908,1308915,3,7,10,completed,1
20039,Rigid,1308905,1308908,1308990,3,82,85,completed,1
20040,Rigid,1308905,1308908,1309006,3,98,101,completed,1
20041,Rigid,1308905,1308908,1308938,3,30,33,completed,1
20042,Rigid,1308905,1308908,1308990,3,82,85,completed,1
20043,Rigid,1308905,1308908,1308952,3,44,47,completed,1
20044,Rigid,1308905,1308908,1308974,3,66,69,completed,1
20045,Rigid,1308905,1308908,1308940,3,32,35,completed,1
20046,Rigid,1308906,1308908,1308964,2,56,58,completed,1
20047,Rigid,1308906,1308908,1308974,2,66,68,completed,1
20048,Rigid,1308906,1308908,1308937,2,29,31,completed,1
20049,Rigid,1308906,1308908,1309007,2,99,101,completed,1
20050,Rigid,1308906,1308908,1308935,2,27,29,completed,1
20051,Rigid,1308906,1308908,1308921,2,13,15,completed,1
20052,Rigid,1308906,1308908,1308924,2,16,18,completed,1
20053,Rigid,1308906,1308908,1308945,2,37,39,completed,1
20054,Rigid,1308906,1308908,1309016,2,108,110,completed,1
20055,Rigid,1308907,1308908,1308956,1,48,49,completed,1
20056,Rigid,1308907,1308908,1308982,1,74,75,completed,1
20057,Rigid,1308907,1308908,1308967,1,59,60,completed,1
20058,Rigid,1308907,1308908,1308945,1,37,38,completed,1
20059,Rigid,1308907,1308908,1309003,1,95,96,completed,1
20060,Rigid,1308907,1308908,1308998,1,90,91,completed,1
20061,Rigid,1308907,1308908,1308949,1,41,42,completed,1
20062,Rigid,1308907,1308908,1308928,1,20,21,completed,1
20063,Rigid,1308907,1308908,1308989,1,81,82,completed,1
20064,Rigid,1308908,1308908,1308993,0,85,85,completed,1
20065,Rigid,1308908,1308910,1308969,2,59,61,completed,1
20066,Rigid,1308908,1308910,1308975,2,65,67,completed,1
20067,Rigid,1308908,1308911,1308973,3,62,65,completed,1
20068,Rigid,1308908,1308911,1309005,3,94,97,completed,1
20069,Rigid,1308909,1308911,1308989,2,78,80,completed,1
20070,Rigid,1308909,1308911,1308967,2,56,58,completed,1
20071,Rigid,1308909,1308911,1308988,2,77,79,completed,1
20072,Rigid,1308909,1308911,1308986,2,75,77,completed,1
20073,Rigid,1308909,1308911,1308932,2,21,23,completed,1
20074,Rigid,1308909,1308911,1308990,2,79,81,completed,1
20075,Rigid,1308909,1308911,1308963,2,52,54,completed,1
20076,Rigid,1308909,1308911,1308976,2,65,67,completed,1
20077,Rigid,1308909,1308911,1308967,2,56,58,completed,1
20078,Rigid,1308909,1308911,1309022,2,111,113,completed,1
20079,Rigid,1308910,1308911,1308933,1,22,23,completed,1
20080,Rigid,1308910,1308911,1308974,1,63,64,completed,1
20081,Rigid,1308910,1308911,1309006,1,95,96,completed,1
20082,Rigid,1308910,1308911,1308927,1,16,17,completed,1
20083,Rigid,1308910,1308911,1308990,1,79,80,completed,1
20084,Rigid,1308910,1308911,1308966,1,55,56,completed,1
20085,Rigid,1308910,1308911,1308987,1,76,77,completed,1
20086,Rigid,1308910,1308911,1308965,1,54,55,completed,1
20087,Rigid,1308910,1308911,1308930,1,19,20,completed,1
20088,Rigid,1308910,1308911,1309062,1,151,152,completed,1
20089,Rigid,1308911,1308912,1308948,1,36,37,completed,1
20090,Rigid,1308911,1308912,1308922,1,10,11,completed,1
20091,Rigid,1308911,1308912,1308965,1,53,54,completed,1
20092,Rigid,1308911,1308912,1308966,1,54,55,completed,1
20093,Rigid,1308911,1308912,1308977,1,65,66,completed,1
20094,Rigid,1308911,1308912,1308959,1,47,48,completed,1
20095,Rigid,1308912,1308912,1308975,0,63,63,completed,1
20096,Rigid,1308912,1308912,1308957,0,45,45,completed,1
20097,Rigid,1308912,1308912,1308975,0,63,63,completed,1
20098,Rigid,1308912,1308912,1308976,0,64,64,completed,1
20099,Rigid,1308912,1308916,1308973,4,57,61,completed,1
20100,Rigid,1308912,1308916,1308970,4,54,58,completed,1
20101,Rigid,1308912,1308916,1308931,4,15,19,completed,1
20102,Rigid,1308912,1308916,1308976,4,60,64,completed,1
20103,Rigid,1308913,1308916,1308939,3,23,26,completed,1
20104,Rigid,1308914,1308916,1308977,2,61,63,completed,1
20105,Rigid,1308914,1308916,1308980,2,64,66,completed,1
20106,Rigid,1308914,1308916,1308986,2,70,72,completed,1
20107,Rigid,1308914,1308916,1308950,2,34,36,completed,1
20108,Rigid,1308914,1308916,1308979,2,63,65,completed,1
20109,Rigid,1308914,1308916,1308942,2,26,28,completed,1
20110,Rigid,1308914,1308916,1308997,2,81,83,completed,1
20111,Rigid,1308914,1308916,1308974,2,58,60,completed,1
20112,Rigid,1308914,1308916,1308967,2,51,53,completed,1
20113,Rigid,1308914,1308916,1308956,2,40,42,completed,1
20114,Rigid,1308915,1308916,1308991,1,75,76,completed,1
20115,Rigid,1308915,1308916,1308984,1,68,69,completed,1
20116,Rigid,1308915,1308916,1308926,1,10,11,completed,1
20117,Rigid,1308915,1308916,1308929,1,13,14,completed,1
20118,Rigid,1308916,1308916,1308922,0,6,6,completed,1
20119,Rigid,1308932,1308933,1308985,1,52,53,completed,1
20120,Rigid,1308932,1308933,1308991,1,58,59,completed,1
20121,Rigid,1308932,1308933,1308990,1,57,58,completed,1
20122,Rigid,1308933,1308933,1308939,0,6,6,completed,1
20123,Rigid,1308933,1308934,1308952,1,18,19,completed,1
20124,Rigid,1308934,1308934,1308997,0,63,63,completed,1
20125,Rigid,1308934,1308936,1308979,2,43,45,completed,1
20126,Rigid,1308936,1308936,1308989,0,53,53,completed,1
20127,Rigid,1308936,1308936,1308984,0,48,48,completed,1
20128,Rigid,1308936,1308937,1308949,1,12,13,completed,1
20129,Rigid,1308937,1308937,1308943,0,6,6,completed,1
20130,Rigid,1308938,1308939,1309008,1,69,70,completed,1
20131,Rigid,1308939,1308939,1308966,0,27,27,completed,1
20132,Rigid,1308939,1308939,1308954,0,15,15,completed,1
20133,Rigid,1308939,1308939,1308960,0,21,21,completed,1
20134,Rigid,1308940,1308941,1308946,1,5,6,completed,1
20135,Rigid,1308941,1308941,1308946,0,5,5,completed,1
20136,Rigid,1308951,1308952,1309016,1,64,65,completed,1
20137,Rigid,1308951,1308952,1309027,1,75,76,completed,1
20138,Rigid,1308952,1308952,1308980,0,28,28,completed,1
20139,Rigid,1308952,1308952,1308970,0,18,18,completed,1
20140,Rigid,1308952,1308952,1309020,0,68,68,completed,1
20141,Rigid,1308953,1308953,1309019,0,66,66,completed,1
20142,Rigid,1308953,1308953,1308977,0,24,24,completed,1
20143,Rigid,1308954,1308955,1308973,1,18,19,completed,1
20144,Rigid,1308955,1308955,1308971,0,16,16,completed,1
20145,Rigid,1308955,1308955,1309003,0,48,48,completed,1
20146,Rigid,1308955,1308955,1308993,0,38,38,completed,1
20147,Rigid,1308956,1308957,1308963,1,6,7,completed,1
20148,Rigid,1308957,1308957,1308966,0,9,9,completed,1
20149,Rigid,1308957,1308957,1308973,0,16,16,completed,1
20150,Rigid,1308957,1308957,1308970,0,13,13,completed,1
20151,Rigid,1308957,1308958,1308970,1,12,13,completed,1
20152,Rigid,1308959,1308960,1308966,1,6,7,completed,1
20153,Rigid,1308960,1308962,1309024,2,62,64,completed,1
20154,Rigid,1308960,1308962,1308993,2,31,33,completed,1
20155,Rigid,1308960,1308962,1309002,2,40,42,completed,1
20156,Rigid,1308971,1308971,1308994,0,23,23,completed,1
20157,Rigid,1308972,1308973,1308996,1,23,24,completed,1
20158,Rigid,1308972,1308973,1308997,1,24,25,completed,1
20159,Rigid,1308973,1308973,1308980,0,7,7,completed,1
20160,Rigid,1308973,1308974,1308979,1,5,6,completed,1
20161,Rigid,1308973,1308973,1309007,0,34,34,completed,1
20162,Rigid,1308973,1308973,1308994,0,21,21,completed,1
20163,Rigid,1308973,1308973,1308999,0,26,26,completed,1
20164,Rigid,1308974,1308974,1308987,0,13,13,completed,1
20165,Rigid,1308974,1308974,1308989,0,15,15,completed,1
20166,Rigid,1308975,1308975,1308995,0,20,20,completed,1
20167,Rigid,1308975,1308975,1308991,0,16,16,completed,1
20168,Rigid,1308975,1308976,1308999,1,23,24,completed,1
20169,Rigid,1308975,1308976,1309014,1,38,39,completed,1
20170,Rigid,1308976,1308977,1308983,1,6,7,completed,1
20171,Rigid,1308976,1308976,1309018,0,42,42,completed,1
20172,Rigid,1308976,1308976,1309012,0,36,36,completed,1
20173,Rigid,1308977,1308977,1308993,0,16,16,completed,1
20174,Rigid,1308977,1308977,1308992,0,15,15,completed,1
20175,Rigid,1308977,1308977,1308990,0,13,13,completed,1
20176,Rigid,1308978,1308978,1309030,0,52,52,completed,1
20177,Rigid,1308978,1308979,1308989,1,10,11,completed,1
20178,Rigid,1308978,1308979,1309017,1,38,39,completed,1
20179,Rigid,1308978,1308979,1309046,1,67,68,completed,1
20180,Rigid,1308979,1308979,1309031,0,52,52,completed,1
20181,Rigid,1308979,1308980,1308996,1,16,17,completed,1
20182,Rigid,1308979,1308980,1309004,1,24,25,completed,1
20183,Rigid,1308979,1308980,1309026,1,46,47,completed,1
20184,Rigid,1308980,1308980,1308985,0,5,5,completed,1
20185,Rigid,1308980,1308980,1309027,0,47,47,completed,1
20186,Rigid,1308980,1308980,1309022,0,42,42,completed,1
20187,Rigid,1308980,1308980,1309011,0,31,31,completed,1
20188,Rigid,1308980,1308981,1309015,1,34,35,completed,1
20189,Rigid,1308981,1308981,1308999,0,18,18,completed,1
20190,Rigid,1308981,1308981,1309017,0,36,36,completed,1
20191,Rigid,1308981,1308981,1309019,0,38,38,completed,1
20192,Rigid,1308981,1308981,1308995,0,14,14,completed,1
20193,Rigid,1308981,1308981,1309032,0,51,51,completed,1
20194,Rigid,1308981,1308982,1309003,1,21,22,completed,1
20195,Rigid,1308981,1308982,1309022,1,40,41,completed,1
20196,Rigid,1308981,1308982,1309029,1,47,48,completed,1
20197,Rigid,1308992,1308992,1309024,0,32,32,completed,1
20198,Rigid,1308992,1308992,1309015,0,23,23,completed,1
20199,Rigid,1308992,1308992,1309039,0,47,47,completed,1
20200,Rigid,1308992,1308992,1309041,0,49,49,completed,1
20201,Rigid,1308993,1308994,1309003,1,9,10,completed,1
20202,Rigid,1308993,1308994,1309055,1,61,62,completed,1
20203,Rigid,1308993,1308994,1309015,1,21,22,completed,1
20204,Rigid,1308993,1308994,1309034,1,40,41,completed,1
20205,Rigid,1308994,1308994,1308998,0,4,4,completed,1
20206,Rigid,1308995,1308995,1309001,0,6,6,completed,1
20207,Rigid,1308996,1308996,1309031,0,35,35,completed,1
20208,Rigid,1308996,1308996,1309025,0,29,29,completed,1
20209,Rigid,1308996,1308996,1309050,0,54,54,completed,1
20210,Rigid,1308996,1308996,1309013,0,17,17,completed,1
20211,Rigid,1308996,1308996,1309008,0,12,12,completed,1
20212,Rigid,1308997,1308997,1309023,0,26,26,completed,1
20213,Rigid,1308997,1308998,1309042,1,44,45,completed,1
20214,Rigid,1308997,1308998,1309011,1,13,14,completed,1
20215,Rigid,1308997,1308998,1309060,1,62,63,completed,1
20216,Rigid,1308997,1308998,1309015,1,17,18,completed,1
20217,Rigid,1308998,1308998,1309051,0,53,53,completed,1
20218,Rigid,1308998,1308998,1309023,0,25,25,completed,1
20219,Rigid,1308998,1308998,1309047,0,49,49,completed,1
20220,Rigid,1308998,1308998,1309029,0,31,31,completed,1
20221,Rigid,1308998,1308998,1309045,0,47,47,completed,1
20222,Rigid,1308998,1308998,1309072,0,74,74,completed,1
20223,Rigid,1308998,1308998,1309008,0,10,10,completed,1
20224,Rigid,1308998,1308999,1309027,1,28,29,completed,1
20225,Rigid,1308999,1308999,1309004,0,5,5,completed,1
20226,Rigid,1308999,1308999,1309008,0,9,9,completed,1
20227,Rigid,1308999,1308999,1309023,0,24,24,completed,1
20228,Rigid,1308999,1308999,1309010,0,11,11,completed,1
20229,Rigid,1308999,1308999,1309011,0,12,12,completed,1
20230,Rigid,1309000,1309000,1309005,0,5,5,completed,1
20231,Rigid,1309000,1309000,1309043,0,43,43,completed,1
20232,Rigid,1309000,1309000,1309042,0,42,42,completed,1
20233,Rigid,1309000,1309001,1309045,1,44,45,completed,1
20234,Rigid,1309000,1309001,1309046,1,45,46,completed,1
20235,Rigid,1309000,1309001,1309038,1,37,38,completed,1
20236,Rigid,1309000,1309001,1309043,1,42,43,completed,1
20237,Rigid,1309001,1309001,1309015,0,14,14,completed,1
20238,Rigid,1309001,1309002,1309032,1,30,31,completed,1
20239,Rigid,1309001,1309002,1309036,1,34,35,completed,1
20240,Rigid,1309001,1309002,1309044,1,42,43,completed,1
20241,Rigid,1309001,1309002,1309020,1,18,19,completed,1
20242,Rigid,1309002,1309002,1309011,0,9,9,completed,1
20243,Rigid,1309002,1309002,1309034,0,32,32,completed,1
20244,Rigid,1309012,1309013,1309032,1,19,20,completed,1
20245,Rigid,1309012,1309013,1309026,1,13,14,completed,1
20246,Rigid,1309012,1309013,1309029,1,16,17,completed,1
20247,Rigid,1309013,1309015,1309064,2,49,51,completed,1
20248,Rigid,1309013,1309015,1309065,2,50,52,completed,1
20249,Rigid,1309014,1309015,1309070,1,55,56,completed,1
20250,Rigid,1309014,1309015,1309054,1,39,40,completed,1
20251,Rigid,1309015,1309016,1309043,1,27,28,completed,1
20252,Rigid,1309015,1309016,1309028,1,12,13,completed,1
20253,Rigid,1309015,1309016,1309066,1,50,51,completed,1
20254,Rigid,1309016,1309016,1309034,0,18,18,completed,1
20255,Rigid,1309016,1309016,1309048,0,32,32,completed,1
20256,Rigid,1309016,1309017,1309052,1,35,36,completed,1
20257,Rigid,1309016,1309017,1309056,1,39,40,completed,1
20258,Rigid,1309017,1309017,1309024,0,7,7,completed,1
20259,Rigid,1309017,1309017,1309057,0,40,40,completed,1
20260,Rigid,1309017,1309017,1309048,0,31,31,completed,1
20261,Rigid,1309017,1309018,1309056,1,38,39,completed,1
20262,Rigid,1309017,1309018,1309064,1,46,47,completed,1
20263,Rigid,1309017,1309018,1309053,1,35,36,completed,1
20264,Rigid,1309017,1309018,1309053,1,35,36,completed,1
20265,Rigid,1309017,1309018,1309049,1,31,32,completed,1
20266,Rigid,1309018,1309018,1309058,0,40,40,completed,1
20267,Rigid,1309018,1309018,1309036,0,18,18,completed,1
20268,Rigid,1309018,1309018,1309066,0,48,48,completed,1
20269,Rigid,1309018,1309018,1309055,0,37,37,completed,1
20270,Rigid,1309018,1309020,1309076,2,56,58,completed,1
20271,Rigid,1309019,1309020,1309027,1,7,8,completed,1
20272,Rigid,1309019,1309020,1309058,1,38,39,completed,1
20273,Rigid,1309019,1309020,1309032,1,12,13,completed,1
20274,Rigid,1309019,1309020,1309080,1,60,61,completed,1
20275,Rigid,1309019,1309020,1309043,1,23,24,completed,1
20276,Rigid,1309020,1309020,1309039,0,19,19,completed,1
20277,Rigid,1309020,1309020,1309046,0,26,26,completed,1
20278,Rigid,1309020,1309020,1309073,0,53,53,completed,1
20279,Rigid,1309020,1309020,1309067,0,47,47,completed,1
20280,Rigid,1309020,1309020,1309063,0,43,43,completed,1
20281,Rigid,1309020,1309021,1309049,1,28,29,completed,1
20282,Rigid,1309021,1309021,1309027,0,6,6,completed,1
20283,Rigid,1309021,1309021,1309062,0,41,41,completed,1
20284,Rigid,1309021,1309021,1309041,0,20,20,completed,1
20285,Rigid,1309021,1309021,1309053,0,32,32,completed,1
20286,Rigid,1309021,1309021,1309070,0,49,49,completed,1
20287,Rigid,1309021,1309022,1309054,1,32,33,completed,1
20288,Rigid,1309021,1309022,1309051,1,29,30,completed,1
20289,Rigid,1309021,1309022,1309065,1,43,44,completed,1
20290,Rigid,1309022,1309023,1309076,1,53,54,completed,1
20291,Rigid,1309022,1309023,1309053,1,30,31,completed,1
20292,Rigid,1309032,1309033,1309068,1,35,36,completed,1
20293,Rigid,1309032,1309033,1309055,1,22,23,completed,1
20294,Rigid,1309032,1309033,1309072,1,39,40,completed,1
20295,Rigid,1309032,1309033,1309059,1,26,27,completed,1
20296,Rigid,1309034,1309035,1309072,1,37,38,completed,1
20297,Rigid,1309035,1309035,1309058,0,23,23,completed,1
20298,Rigid,1309035,1309035,1309051,0,16,16,completed,1
20299,Rigid,1309037,1309038,1309079,1,41,42,completed,1
20300,Rigid,1309037,1309038,1309067,1,29,30,completed,1
20301,Rigid,1309037,1309038,1309048,1,10,11,completed,1
20302,Rigid,1309038,1309039,1309046,1,7,8,completed,1
20303,Rigid,1309038,1309038,1309078,0,40,40,completed,1
20304,Rigid,1309038,1309039,1309060,1,21,22,completed,1
20305,Rigid,1309038,1309039,1309078,1,39,40,completed,1
20306,Rigid,1309038,1309039,1309057,1,18,19,completed,1
20307,Rigid,1309038,1309039,1309075,1,36,37,completed,1
20308,Rigid,1309039,1309039,1309075,0,36,36,completed,1
20309,Rigid,1309039,1309040,1309053,1,13,14,completed,1
20310,Rigid,1309039,1309040,1309065,1,25,26,completed,1
20311,Rigid,1309039,1309040,1309051,1,11,12,completed,1
20312,Rigid,1309039,1309040,1309076,1,36,37,completed,1
20313,Rigid,1309040,1309040,1309048,0,8,8,completed,1
20314,Rigid,1309040,1309040,1309046,0,6,6,completed,1
20315,Rigid,1309040,1309040,1309076,0,36,36,completed,1
20316,Rigid,1309040,1309040,1309075,0,35,35,completed,1
20317,Rigid,1309040,1309040,1309053,0,13,13,completed,1
20318,Rigid,1309041,1309042,1309057,1,15,16,completed,1
20319,Rigid,1309041,1309042,1309068,1,26,27,completed,1
20320,Rigid,1309041,1309042,1309055,1,13,14,completed,1
20321,Rigid,1309041,1309042,1309077,1,35,36,completed,1
20322,Rigid,1309041,1309042,1309072,1,30,31,completed,1
20323,Rigid,1309041,1309042,1309061,1,19,20,completed,1
20324,Rigid,1309041,1309042,1309064,1,22,23,completed,1
20325,Rigid,1309041,1309042,1309064,1,22,23,completed,1
20326,Rigid,1309042,1309043,1309050,1,7,8,completed,1
20327,Rigid,1309042,1309042,1309066,0,24,24,completed,1
20328,Rigid,1309042,1309042,1309059,0,17,17,completed,1
20329,Rigid,1309042,1309042,1309072,0,30,30,completed,1
20330,Rigid,1309042,1309043,1309075,1,32,33,completed,1
20331,Rigid,1309042,1309043,1309076,1,33,34,completed,1
20332,Rigid,1309042,1309043,1309072,1,29,30,completed,1
20333,Rigid,1309053,1309053,1309061,0,8,8,completed,1
20334,Rigid,1309053,1309053,1309064,0,11,11,completed,1
20335,Rigid,1309054,1309054,1309058,0,4,4,completed,1
20336,Rigid,1309054,1309054,1309064,0,10,10,completed,1
20337,Rigid,1309054,1309054,1309078,0,24,24,completed,1
20338,Rigid,1309055,1309056,1309065,1,9,10,completed,1
20339,Rigid,1309056,1309056,1309064,0,8,8,completed,1
20340,Rigid,1309056,1309056,1309065,0,9,9,completed,1
20341,Rigid,1309056,1309056,1309073,0,17,17,completed,1
20342,Rigid,1309057,1309057,1309061,0,4,4,completed,1
20343,Rigid,1309057,1309057,1309072,0,15,15,completed,1
20344,Rigid,1309057,1309057,1309074,0,17,17,completed,1
20345,Rigid,1309057,1309058,1309070,1,12,13,completed,1
20346,Rigid,1309058,1309058,1309064,0,6,6,completed,1
20347,Rigid,1309058,1309058,1309076,0,18,18,completed,1
20348,Rigid,1309059,1309059,1309068,0,9,9,completed,1
20349,Rigid,1309059,1309059,1309088,0,29,29,completed,1
20350,Rigid,1309059,1309059,1309083,0,24,24,completed,1
20351,Rigid,1309059,1309059,1309089,0,30,30,completed,1
20352,Rigid,1309059,1309059,1309077,0,18,18,completed,1
20353,Rigid,1309059,1309059,1309076,0,17,17,completed,1
20354,Rigid,1309059,1309059,1309087,0,28,28,completed,1
20355,Rigid,1309059,1309059,1309087,0,28,28,completed,1
20356,Rigid,1309059,1309059,1309079,0,20,20,completed,1
20357,Rigid,1309059,1309059,1309076,0,17,17,completed,1
20358,Rigid,1309060,1309060,1309065,0,5,5,completed,1
20359,Rigid,1309060,1309060,1309069,0,9,9,completed,1
20360,Rigid,1309060,1309060,1309068,0,8,8,completed,1
20361,Rigid,1309060,1309060,1309073,0,13,13,completed,1
20362,Rigid,1309060,1309060,1309089,0,29,29,completed,1
20363,Rigid,1309060,1309060,1309084,0,24,24,completed,1
20364,Rigid,1309060,1309060,1309070,0,10,10,completed,1
20365,Rigid,1309060,1309060,1309071,0,11,11,completed,1
20366,Rigid,1309061,1309061,1309069,0,8,8,completed,1
20367,Rigid,1309061,1309061,1309082,0,21,21,completed,1
20368,Rigid,1309061,1309061,1309083,0,22,22,completed,1
20369,Rigid,1309061,1309061,1309080,0,19,19,completed,1
20370,Rigid,1309062,1309062,1309075,0,13,13,completed,1
20371,Rigid,1309063,1309063,1309072,0,9,9,completed,1
20372,Rigid,1309063,1309063,1309086,0,23,23,completed,1
20373,Rigid,1309063,1309063,1309083,0,20,20,completed,1
20374,Rigid,1309063,1309063,1309085,0,22,22,completed,1
20375,Rigid,1309063,1309064,1309086,1,22,23,completed,1
20376,Rigid,1309064,1309065,1309070,1,5,6,completed,1
20377,Rigid,1309064,1309064,1309075,0,11,11,completed,1
20378,Rigid,1309064,1309064,1309089,0,25,25,completed,1
20379,Rigid,1309064,1309065,1309075,1,10,11,completed,1
20380,Rigid,1309064,1309065,1309076,1,11,12,completed,1
20381,Rigid,1309065,1309065,1309074,0,9,9,completed,1
20382,Rigid,1309065,1309065,1309074,0,9,9,completed,1
20383,Rigid,1309065,1309065,1309070,0,5,5,completed,1
20384,Rigid,1309065,1309065,1309071,0,6,6,completed,1
20385,Rigid,1309076,1309076,1309081,0,5,5,completed,1
20386,Rigid,1309076,1309076,1309085,0,9,9,completed,1
20387,Rigid,1309076,1309076,1309083,0,7,7,completed,1
20388,Rigid,1309076,1309076,1309081,0,5,5,completed,1
20389,Rigid,1309076,1309076,1309080,0,4,4,completed,1
20390,Rigid,1309076,1309076,1309086,0,10,10,completed,1
20391,Rigid,1309076,1309076,1309090,0,14,14,completed,1
20392,Rigid,1309076,1309076,1309088,0,12,12,completed,1
20393,Rigid,1309076,1309076,1309091,0,15,15,completed,1
20394,Rigid,1309076,1309077,1309088,1,11,12,completed,1
20395,Rigid,1309077,1309077,1309082,0,5,5,completed,1
20396,Rigid,1309077,1309077,1309086,0,9,9,completed,1
20397,Rigid,1309077,1309077,1309089,0,12,12,completed,1
20398,Rigid,1309077,1309077,1309091,0,14,14,completed,1
20399,Rigid,1309077,1309077,1309087,0,10,10,completed,1
20400,Rigid,1309078,1309078,1309081,0,3,3,completed,1
20401,Rigid,1309078,1309078,1309083,0,5,5,completed,1
20402,Rigid,1309078,1309078,1309084,0,6,6,completed,1
20403,Rigid,1309078,1309078,1309082,0,4,4,completed,1
20404,Rigid,1309078,1309078,1309082,0,4,4,completed,1
20405,Rigid,1309078,1309079,1309084,1,5,6,completed,1
20406,Rigid,1309079,1309079,1309081,0,2,2,completed,1
20407,Rigid,1309079,1309079,1310068,0,989,989,completed,2
20408,Rigid,1309079,1309079,1310071,0,992,992,completed,2
20409,Rigid,1309079,1309079,1310069,0,990,990,completed,2
20410,Rigid,1309080,1309081,1309389,1,308,309,completed,2
20411,Rigid,1309080,1309081,1309386,1,305,306,completed,2
20412,Rigid,1309080,1309080,1310628,0,1548,1548,completed,2
20413,Rigid,1309080,1309080,1312608,0,3528,3528,completed,1
20414,Rigid,1309080,1309081,1312685,1,3604,3605,completed,1
20415,Rigid,1309080,1309081,1310628,1,1547,1548,completed,2
20416,Rigid,1309081,1309081,1310068,0,987,987,completed,2
20417,Rigid,1309081,1309082,1309389,1,307,308,completed,2
20418,Rigid,1309081,1309082,1310032,1,950,951,completed,1
20419,Rigid,1309081,1309081,1310228,0,1147,1147,completed,2
20420,Rigid,1309081,1309082,1310219,1,1137,1138,completed,1
20421,Rigid,1309082,1309082,1309385,0,303,303,completed,2
20422,Rigid,1309082,1309082,1309350,0,268,268,completed,2
20423,Rigid,1309082,1309082,1309350,0,268,268,completed,2
20424,Rigid,1309082,1309082,1309322,0,240,240,completed,2
20425,Rigid,1309082,1309082,1309333,0,251,251,completed,2
20426,Rigid,1309082,1309082,1310206,0,1124,1124,completed,2
20427,Rigid,1309082,1309082,1310215,0,1133,1133,completed,2
20428,Rigid,1309082,1309082,1310208,0,1126,1126,completed,1
20429,Rigid,1309083,1309083,1309327,0,244,244,completed,2
20430,Rigid,1309083,1309083,1309345,0,262,262,completed,2
20431,Rigid,1309083,1309083,1310039,0,956,956,completed,1
20432,Rigid,1309083,1309083,1309330,0,247,247,completed,2
20433,Rigid,1309083,1309083,1309346,0,263,263,completed,2
20434,Rigid,1309083,1309083,1309966,0,883,883,completed,1
20435,Rigid,1309083,1309084,1309320,1,236,237,completed,2
20436,Rigid,1309083,1309083,1310218,0,1135,1135,completed,2
20437,Rigid,1309083,1309084,1310196,1,1112,1113,completed,2
20438,Rigid,1309084,1309084,1309322,0,238,238,completed,2
20439,Rigid,1309084,1309084,1309312,0,228,228,completed,2
20440,Rigid,1309084,1309084,1309318,0,234,234,completed,2
20441,Rigid,1309084,1309084,1309971,0,887,887,completed,1
20442,Rigid,1309084,1309084,1309918,0,834,834,completed,1
20443,Rigid,1309084,1309084,1309920,0,836,836,completed,1
20444,Rigid,1309084,1309084,1310136,0,1052,1052,completed,2
20445,Rigid,1309084,1309084,1310193,0,1109,1109,completed,2
20446,Rigid,1309085,1309085,1309900,0,815,815,completed,1
20447,Rigid,1309085,1309085,1309314,0,229,229,completed,2
20448,Rigid,1309085,1309085,1309909,0,824,824,completed,1
20449,Rigid,1309085,1309085,1309312,0,227,227,completed,2
20450,Rigid,1309085,1309085,1309312,0,227,227,completed,2
20451,Rigid,1309085,1309085,1309320,0,235,235,completed,2
20452,Rigid,1309085,1309085,1310217,0,1132,1132,completed,2
20453,Rigid,1309085,1309085,1310215,0,1130,1130,completed,2
20454,Rigid,1309085,1309085,1310231,0,1146,1146,completed,2
20455,Rigid,1309086,1309086,1309314,0,228,228,completed,2
20456,Rigid,1309086,1309086,1309310,0,224,224,completed,2
20457,Rigid,1309086,1309086,1309311,0,225,225,completed,2
20458,Rigid,1309086,1309086,1309313,0,227,227,completed,2
20459,Rigid,1309086,1309087,1309933,1,846,847,completed,1
20460,Rigid,1309086,1309087,1309313,1,226,227,completed,2
20461,Rigid,1309086,1309087,1309314,1,227,228,completed,2
20462,Rigid,1309086,1309087,1309310,1,223,224,completed,2
20463,Rigid,1309086,1309087,1309310,1,223,224,completed,2
20464,Rigid,1309086,1309087,1310136,1,1049,1050,completed,2
20465,Rigid,1309087,1309087,1309310,0,223,223,completed,2
20466,Rigid,1309096,1309096,1309332,0,236,236,completed,2
20467,Rigid,1309096,1309097,1309318,1,221,222,completed,2
20468,Rigid,1309096,1309097,1309319,1,222,223,completed,2
20469,Rigid,1309096,1309097,1310222,1,1125,1126,completed,2
20470,Rigid,1309097,1309097,1309319,0,222,222,completed,2
20471,Rigid,1309097,1309097,1309320,0,223,223,completed,2
20472,Rigid,1309097,1309097,1309320,0,223,223,completed,2
20473,Rigid,1309097,1309097,1309940,0,843,843,completed,1
20474,Rigid,1309097,1309101,1309323,4,222,226,completed,2
20475,Rigid,1309097,1309101,1309928,4,827,831,completed,1
20476,Rigid,1309097,1309101,1309320,4,219,223,completed,2
20477,Rigid,1309097,1309101,1310223,4,1122,1126,completed,2
20478,Rigid,1309097,1309101,1310243,4,1142,1146,completed,2
20479,Rigid,1309098,1309101,1309921,3,820,823,completed,1
20480,Rigid,1309098,1309101,1309323,3,222,225,completed,2
20481,Rigid,1309098,1309101,1309320,3,219,222,completed,2
20482,Rigid,1309098,1309101,1309321,3,220,223,completed,2
20483,Rigid,1309098,1309101,1309928,3,827,830,completed,1
20484,Rigid,1309098,1309101,1309915,3,814,817,completed,1
20485,Rigid,1309098,1309101,1309321,3,220,223,completed,2
20486,Rigid,1309098,1309101,1310213,3,1112,1115,completed,2
20487,Rigid,1309098,1309101,1310217,3,1116,1119,completed,2
20488,Rigid,1309102,1309105,1309323,3,218,221,completed,2
20489,Rigid,1309102,1309105,1309916,3,811,814,completed,1
20490,Rigid,1309103,1309105,1309323,2,218,220,completed,2
20491,Rigid,1309103,1309105,1309323,2,218,220,completed,2
20492,Rigid,1309103,1309105,1309910,2,805,807,completed,1
20493,Rigid,1309103,1309105,1309909,2,804,806,completed,1
20494,Rigid,1309103,1309105,1309320,2,215,217,completed,2
20495,Rigid,1309103,1309105,1310207,2,1102,1104,completed,2
20496,Rigid,1309104,1309105,1309909,1,804,805,completed,1
20497,Rigid,1309104,1309105,1310184,1,1079,1080,completed,2
20498,Rigid,1309104,1309105,1310185,1,1080,1081,completed,2
20499,Rigid,1309104,1309105,1310184,1,1079,1080,completed,2
20500,Rigid,1309105,1309105,1309319,0,214,214,completed,2
20501,Rigid,1309105,1309106,1309325,1,219,220,completed,2
20502,Rigid,1309105,1309106,1309897,1,791,792,completed,1
20503,Rigid,1309105,1309106,1309913,1,807,808,completed,1
20504,Rigid,1309105,1309106,1309311,1,205,206,completed,2
20505,Rigid,1309105,1309106,1310208,1,1102,1103,completed,2
20506,Rigid,1309105,1309106,1310191,1,1085,1086,completed,2
20507,Rigid,1309320,1309320,1309545,0,225,225,completed,2
20508,Rigid,1309321,1309321,1310152,0,831,831,completed,1
20509,Rigid,1309323,1309323,1310442,0,1119,1119,completed,2
20510,Rigid,1309324,1309324,1309538,0,214,214,completed,2
20511,Rigid,1309324,1309324,1309538,0,214,214,completed,2
20512,Rigid,1309324,1309324,1310119,0,795,795,completed,1
20513,Rigid,1309324,1309324,1310443,0,1119,1119,completed,2
20514,Rigid,1309325,1309326,1309539,1,213,214,completed,2
20515,Rigid,1309325,1309326,1309541,1,215,216,completed,2
20516,Rigid,1309325,1309326,1309544,1,218,219,completed,2
20517,Rigid,1309325,1309326,1310119,1,793,794,completed,1
20518,Rigid,1309325,1309326,1310441,1,1115,1116,completed,2
20519,Rigid,1309326,1309326,1310122,0,796,796,completed,1
20520,Rigid,1309326,1309326,1309538,0,212,212,completed,2
20521,Rigid,1309326,1309326,1309538,0,212,212,completed,2
20522,Rigid,1309326,1309326,1310101,0,775,775,completed,1
20523,Rigid,1309326,1309326,1310102,0,776,776,completed,1
20524,Rigid,1309326,1309326,1310443,0,1117,1117,completed,2
20525,Rigid,1309326,1309326,1310441,0,1115,1115,completed,2
20526,Rigid,1309326,1309326,1310441,0,1115,1115,completed,2
20527,Rigid,1309338,1309338,1309552,0,214,214,completed,2
20528,Rigid,1309338,1309338,1309541,0,203,203,completed,2
20529,Rigid,1309338,1309338,1309542,0,204,204,completed,2
20530,Rigid,1309338,1309338,1309542,0,204,204,completed,2
20531,Rigid,1309338,1309338,1309546,0,208,208,completed,2
20532,Rigid,1309339,1309339,1310088,0,749,749,completed,1
20533,Rigid,1309339,1309339,1310476,0,1137,1137,completed,2
20534,Rigid,1309340,1309345,1309545,5,200,205,completed,2
20535,Rigid,1309340,1309345,1310098,5,753,758,completed,1
20536,Rigid,1309340,1309345,1309545,5,200,205,completed,2
20537,Rigid,1309340,1309345,1309553,5,208,213,completed,2
20538,Rigid,1309340,1309345,1310106,5,761,766,completed,1
20539,Rigid,1309340,1309345,1310476,5,1131,1136,completed,2
20540,Rigid,1309340,1309345,1310477,5,1132,1137,completed,2
20541,Rigid,1309341,1309345,1309553,4,208,212,completed,2
20542,Rigid,1309341,1309345,1309552,4,207,211,completed,2
20543,Rigid,1309341,1309345,1309549,4,204,208,completed,2
20544,Rigid,1309346,1309346,1310102,0,756,756,completed,1
20545,Rigid,1309346,1309346,1309548,0,202,202,completed,2
20546,Rigid,1309346,1309347,1309548,1,201,202,completed,2
20547,Rigid,1309347,1309347,1309549,0,202,202,completed,2
20548,Rigid,1309347,1309347,1310442,0,1095,1095,completed,2
20549,Rigid,1309366,1309366,1309566,0,200,200,completed,2
20550,Rigid,1309366,1309366,1309566,0,200,200,completed,2
20551,Rigid,1309386,1309386,1309587,0,201,201,completed,2
20552,Rigid,1309405,1309406,1309608,1,202,203,completed,2
20553,Rigid,1309406,1309410,1310141,4,731,735,completed,1
20554,Rigid,1309406,1309406,1310552,0,1146,1146,completed,2
20555,Rigid,1309543,1309543,1309751,0,208,208,completed,2
20556,Rigid,1309543,1309544,1310253,1,709,710,completed,1
20557,Rigid,1309543,1309544,1310682,1,1138,1139,completed,2
20558,Rigid,1309544,1309544,1309749,0,205,205,completed,2
20559,Rigid,1309544,1309545,1310682,1,1137,1138,completed,2
20560,Rigid,1309549,1309550,1310289,1,739,740,completed,1
20561,Rigid,1309562,1309562,1309765,0,203,203,completed,2
20562,Rigid,1309563,1309566,1310273,3,707,710,completed,1
20563,Rigid,1309563,1309566,1309764,3,198,201,completed,2
20564,Rigid,1309563,1309566,1309768,3,202,205,completed,2
20565,Rigid,1309563,1309566,1309771,3,205,208,completed,2
20566,Rigid,1309563,1309566,1310296,3,730,733,completed,1
20567,Rigid,1309563,1309566,1310683,3,1117,1120,completed,2
20568,Rigid,1309563,1309566,1310680,3,1114,1117,completed,2
20569,Rigid,1309563,1309566,1310680,3,1114,1117,completed,2
20570,Rigid,1309564,1309566,1309762,2,196,198,completed,2
20571,Rigid,1309564,1309566,1309762,2,196,198,completed,2
20572,Rigid,1309564,1309566,1309759,2,193,195,completed,2
20573,Rigid,1309564,1309566,1310304,2,738,740,completed,1
20574,Rigid,1309564,1309566,1309762,2,196,198,completed,2
20575,Rigid,1309564,1309566,1309767,2,201,203,completed,2
20576,Rigid,1309565,1309566,1309757,1,191,192,completed,2
20577,Rigid,1309583,1309583,1309779,0,196,196,completed,2
20578,Rigid,1309583,1309583,1309777,0,194,194,completed,2
20579,Rigid,1309603,1309604,1309798,1,194,195,completed,2
20580,Rigid,1309623,1309624,1309823,1,199,200,completed,2
20581,Rigid,1309710,1309711,1309721,1,10,11,completed,4
20582,Rigid,1309730,1309731,1326637,1,16906,16907,completed,4
20583,Rigid,1309764,1309764,1309970,0,206,206,completed,2
20584,Rigid,1309764,1309765,1310493,1,728,729,completed,1
20585,Rigid,1309764,1309765,1310907,1,1142,1143,completed,2
20586,Rigid,1309765,1309765,1309971,0,206,206,completed,2
20587,Rigid,1309765,1309765,1309970,0,205,205,completed,2
20588,Rigid,1309765,1309765,1310485,0,720,720,completed,1
20589,Rigid,1309765,1309765,1310909,0,1144,1144,completed,2
20590,Rigid,1309783,1309784,1309988,1,204,205,completed,2
20591,Rigid,1309784,1309788,1310536,4,748,752,completed,1
20592,Rigid,1309785,1309788,1309991,3,203,206,completed,2
20593,Rigid,1309785,1309788,1310926,3,1138,1141,completed,2
20594,Rigid,1309786,1309788,1310506,2,718,720,completed,1
20595,Rigid,1309786,1309788,1309991,2,203,205,completed,2
20596,Rigid,1309786,1309788,1310928,2,1140,1142,completed,2
20597,Rigid,1309805,1309805,1309999,0,194,194,completed,2
20598,Rigid,1309825,1309825,1310544,0,719,719,completed,1
20599,Rigid,1309909,1309910,1310121,1,211,212,completed,2
20600,Rigid,1309909,1309910,1311047,1,1137,1138,completed,2
20601,Rigid,1309910,1309911,1311238,1,1327,1328,completed,2
20602,Rigid,1309912,1309914,1310642,2,728,730,completed,1
20603,Rigid,1309913,1309914,1310121,1,207,208,completed,2
20604,Rigid,1309929,1309929,1310129,0,200,200,completed,2
20605,Rigid,1309930,1309934,1310613,4,679,683,completed,1
20606,Rigid,1309930,1309934,1310625,4,691,695,completed,1
20607,Rigid,1309930,1309934,1310129,4,195,199,completed,2
20608,Rigid,1309930,1309934,1311046,4,1112,1116,completed,2
20609,Rigid,1309930,1309934,1311046,4,1112,1116,completed,2
20610,Rigid,1309931,1309934,1310129,3,195,198,completed,2
20611,Rigid,1309933,1309934,1310134,1,200,201,completed,2
20612,Rigid,1309933,1309934,1310129,1,195,196,completed,2
20613,Rigid,1309934,1309938,1310617,4,679,683,completed,1
20614,Rigid,1309950,1309950,1311046,0,1096,1096,completed,2
20615,Rigid,1309973,1309973,1310172,0,199,199,completed,2
20616,Rigid,1309973,1309973,1310664,0,691,691,completed,1
20617,Rigid,1309987,1309988,1309997,1,9,10,completed,4
20618,Rigid,1309987,1309988,1310179,1,191,192,completed,2
20619,Rigid,1309987,1309988,1311113,1,1125,1126,completed,2
20620,Rigid,1309988,1309988,1310179,0,191,191,completed,2
20621,Rigid,1310007,1310010,1310687,3,677,680,completed,1
20622,Rigid,1310007,1310010,1310208,3,198,201,completed,2
20623,Rigid,1310007,1310010,1325615,3,15605,15608,completed,4
20624,Rigid,1310008,1310010,1310203,2,193,195,completed,2
20625,Rigid,1310008,1310010,1311154,2,1144,1146,completed,2
20626,Rigid,1310032,1310033,1310229,1,196,197,completed,2
20627,Rigid,1310054,1310055,1310740,1,685,686,completed,1
20628,Rigid,1310073,1310074,1310268,1,194,195,completed,2
20629,Rigid,1310073,1310074,1310268,1,194,195,completed,2
20630,Rigid,1310073,1310074,1311185,1,1111,1112,completed,2
20631,Rigid,1310073,1310074,1311185,1,1111,1112,completed,2
20632,Rigid,1310090,1310091,1310778,1,687,688,completed,1
20633,Rigid,1310111,1310112,1310313,1,201,202,completed,2
20634,Rigid,1310112,1310112,1310313,0,201,201,completed,2
20635,Rigid,1310112,1310112,1311217,0,1105,1105,completed,2
20636,Rigid,1310115,1310116,1310828,1,712,713,completed,1
20637,Rigid,1310116,1310116,1310313,0,197,197,completed,2
20638,Rigid,1310129,1310130,1310320,1,190,191,completed,2
20639,Rigid,1310132,1310134,1310316,2,182,184,completed,2
20640,Rigid,1310132,1310134,1310811,2,677,679,completed,1
20641,Rigid,1310132,1310134,1311216,2,1082,1084,completed,2
20642,Rigid,1310136,1310137,1310333,1,196,197,completed,2
20643,Rigid,1310148,1310149,1310854,1,705,706,completed,1
20644,Rigid,1310149,1310153,1311262,4,1109,1113,completed,2
20645,Rigid,1310150,1310153,1310347,3,194,197,completed,2
20646,Rigid,1310150,1310153,1310343,3,190,193,completed,2
20647,Rigid,1310150,1310153,1310346,3,193,196,completed,2
20648,Rigid,1310152,1310153,1311259,1,1106,1107,completed,2
20649,Rigid,1310153,1310153,1310856,0,703,703,completed,1
20650,Rigid,1310155,1310157,1310348,2,191,193,completed,2
20651,Rigid,1310156,1310157,1310860,1,703,704,completed,1
20652,Rigid,1310189,1310190,1311308,1,1118,1119,completed,2
20653,Rigid,1310190,1310190,1310390,0,200,200,completed,2
20654,Rigid,1310190,1310190,1310388,0,198,198,completed,2
20655,Rigid,1310194,1310194,1310887,0,693,693,completed,1
20656,Rigid,1310194,1310194,1310384,0,190,190,completed,2
20657,Rigid,1310194,1310194,1310381,0,187,187,completed,2
20658,Rigid,1310194,1310194,1311308,0,1114,1114,completed,2
20659,Rigid,1310195,1310197,1311308,2,1111,1113,completed,2
20660,Rigid,1310210,1310210,1310909,0,699,699,completed,1
20661,Rigid,1310210,1310210,1310401,0,191,191,completed,2
20662,Rigid,1310214,1310214,1310406,0,192,192,completed,2
20663,Rigid,1310214,1310214,1310909,0,695,695,completed,1
20664,Rigid,1310214,1310214,1311345,0,1131,1131,completed,2
20665,Rigid,1310215,1310216,1310887,1,671,672,completed,1
20666,Rigid,1310215,1310216,1310402,1,186,187,completed,2
20667,Rigid,1310215,1310216,1311334,1,1118,1119,completed,2
20668,Rigid,1310216,1310216,1310403,0,187,187,completed,2
20669,Rigid,1310231,1310231,1310932,0,701,701,completed,1
20670,Rigid,1310234,1310235,1311333,1,1098,1099,completed,2
20671,Rigid,1310235,1310239,1310438,4,199,203,completed,2
20672,Rigid,1310235,1310239,1310929,4,690,694,completed,1
20673,Rigid,1310235,1310239,1310434,4,195,199,completed,2
20674,Rigid,1310235,1310239,1311357,4,1118,1122,completed,2
20675,Rigid,1310235,1310239,1311361,4,1122,1126,completed,2
20676,Rigid,1310236,1310239,1310909,3,670,673,completed,1
20677,Rigid,1310236,1310239,1310428,3,189,192,completed,2
20678,Rigid,1310236,1310239,1310905,3,666,669,completed,1
20679,Rigid,1310254,1310254,1311393,0,1139,1139,completed,2
20680,Rigid,1310255,1310258,1310449,3,191,194,completed,2
20681,Rigid,1310271,1310272,1310961,1,689,690,completed,1
20682,Rigid,1310271,1310272,1311408,1,1136,1137,completed,2
20683,Rigid,1310274,1310276,1310472,2,196,198,completed,2
20684,Rigid,1310296,1310297,1310497,1,200,201,completed,2
20685,Rigid,1310314,1310314,1311003,0,689,689,completed,1
20686,Rigid,1310314,1310315,1311447,1,1132,1133,completed,2
20687,Rigid,1310316,1310317,1310501,1,184,185,completed,2
20688,Rigid,1310331,1310332,1310521,1,189,190,completed,2
20689,Rigid,1310332,1310332,1310526,0,194,194,completed,2
20690,Rigid,1310332,1310332,1311028,0,696,696,completed,1
20691,Rigid,1310332,1310332,1311434,0,1102,1102,completed,2
20692,Rigid,1310336,1310337,1310522,1,185,186,completed,2
20693,Rigid,1310350,1310351,1311032,1,681,682,completed,1
20694,Rigid,1310351,1310355,1311490,4,1135,1139,completed,2
20695,Rigid,1310352,1310355,1310538,3,183,186,completed,2
20696,Rigid,1310352,1310355,1310546,3,191,194,completed,2
20697,Rigid,1310391,1310391,1311046,0,655,655,completed,1
20698,Rigid,1310391,1310391,1311076,0,685,685,completed,1
20699,Rigid,1310391,1310391,1310583,0,192,192,completed,2
20700,Rigid,1310391,1310391,1311495,0,1104,1104,completed,2
20701,Rigid,1310410,1310410,1311539,0,1129,1129,completed,2
20702,Rigid,1310411,1310414,1310602,3,188,191,completed,2
20703,Rigid,1310411,1310414,1310603,3,189,192,completed,2
20704,Rigid,1310411,1310414,1311489,3,1075,1078,completed,2
20705,Rigid,1310437,1310438,1311122,1,684,685,completed,1
20706,Rigid,1310450,1310450,1310632,0,182,182,completed,2
20707,Rigid,1310450,1310451,1311073,1,622,623,completed,1
20708,Rigid,1310450,1310451,1311578,1,1127,1128,completed,2
20709,Rigid,1310456,1310457,1310638,1,181,182,completed,2
20710,Rigid,1310456,1310457,1311076,1,619,620,completed,1
20711,Rigid,1310456,1310457,1311115,1,658,659,completed,1
20712,Rigid,1310457,1310461,1310640,4,179,183,completed,2
20713,Rigid,1310457,1310457,1311567,0,1110,1110,completed,2
20714,Rigid,1310457,1310461,1311584,4,1123,1127,completed,2
20715,Rigid,1310458,1310461,1310635,3,174,177,completed,2
20716,Rigid,1310476,1310477,1311142,1,665,666,completed,1
20717,Rigid,1310476,1310477,1311587,1,1110,1111,completed,2
20718,Rigid,1310491,1310491,1310689,0,198,198,completed,2
20719,Rigid,1310495,1310495,1310684,0,189,189,completed,2
20720,Rigid,1310496,1310498,1311164,2,666,668,completed,1
20721,Rigid,1310497,1310498,1311613,1,1115,1116,completed,2
20722,Rigid,1310498,1310498,1310684,0,186,186,completed,2
20723,Rigid,1310516,1310517,1310695,1,178,179,completed,2
20724,Rigid,1310517,1310521,1310702,4,181,185,completed,2
20725,Rigid,1310531,1310531,1310712,0,181,181,completed,2
20726,Rigid,1310531,1310531,1310712,0,181,181,completed,2
20727,Rigid,1310532,1310535,1310711,3,176,179,completed,2
20728,Rigid,1310551,1310551,1310729,0,178,178,completed,2
20729,Rigid,1310552,1310553,1310735,1,182,183,completed,2
20730,Rigid,1310556,1310556,1310730,0,174,174,completed,2
20731,Rigid,1310556,1310556,1310734,0,178,178,completed,2
20732,Rigid,1310557,1310560,1310738,3,178,181,completed,2
20733,Rigid,1310592,1310593,1311251,1,658,659,completed,1
20734,Rigid,1310611,1310611,1310798,0,187,187,completed,2
20735,Rigid,1310611,1310611,1311740,0,1129,1129,completed,2
20736,Rigid,1310616,1310616,1310798,0,182,182,completed,2
20737,Rigid,1310618,1310618,1310806,0,188,188,completed,2
20738,Rigid,1310636,1310636,1310808,0,172,172,completed,2
20739,Rigid,1310638,1310639,1310813,1,174,175,completed,2
20740,Rigid,1310638,1310639,1311246,1,607,608,completed,1
20741,Rigid,1310638,1310639,1311770,1,1131,1132,completed,2
20742,Rigid,1310651,1310652,1311302,1,650,651,completed,1
20743,Rigid,1310651,1310652,1311769,1,1117,1118,completed,2
20744,Rigid,1310657,1310658,1310843,1,185,186,completed,2
20745,Rigid,1310658,1310662,1310845,4,183,187,completed,2
20746,Rigid,1310676,1310677,1311787,1,1110,1111,completed,2
20747,Rigid,1310690,1310691,1311298,1,607,608,completed,1
20748,Rigid,1310690,1310691,1310863,1,172,173,completed,2
20749,Rigid,1310691,1310692,1311333,1,641,642,completed,1
20750,Rigid,1310696,1310699,1311826,3,1127,1130,completed,2
20751,Rigid,1310697,1310699,1310874,2,175,177,completed,2
20752,Rigid,1310698,1310699,1310874,1,175,176,completed,2
20753,Rigid,1310698,1310699,1311332,1,633,634,completed,1
20754,Rigid,1310698,1310699,1310874,1,175,176,completed,2
20755,Rigid,1310698,1310699,1311785,1,1086,1087,completed,2
20756,Rigid,1310711,1310712,1310860,1,148,149,completed,2
20757,Rigid,1310712,1310712,1310858,0,146,146,completed,2
20758,Rigid,1310718,1310719,1310899,1,180,181,completed,2
20759,Rigid,1310731,1310732,1310907,1,175,176,completed,2
20760,Rigid,1310732,1310732,1310907,0,175,175,completed,2
20761,Rigid,1310732,1310732,1311877,0,1145,1145,completed,2
20762,Rigid,1310733,1310736,1311365,3,629,632,completed,1
20763,Rigid,1310752,1310753,1311410,1,657,658,completed,1
20764,Rigid,1310752,1310753,1310936,1,183,184,completed,2
20765,Rigid,1310752,1310753,1311926,1,1173,1174,completed,2
20766,Rigid,1310757,1310758,1310936,1,178,179,completed,2
20767,Rigid,1310797,1310798,1310982,1,184,185,completed,2
20768,Rigid,1310806,1310807,1310817,1,10,11,completed,4
20769,Rigid,1310812,1310813,1310994,1,181,182,completed,2
20770,Rigid,1310812,1310813,1310993,1,180,181,completed,2
20771,Rigid,1310812,1310813,1311461,1,648,649,completed,1
20772,Rigid,1310817,1310818,1311922,1,1104,1105,completed,2
20773,Rigid,1310820,1310821,1311457,1,636,637,completed,1
20774,Rigid,1310820,1310821,1311923,1,1102,1103,completed,2
20775,Rigid,1310826,1310827,1327433,1,16606,16607,completed,4
20776,Rigid,1310837,1310838,1311022,1,184,185,completed,2
20777,Rigid,1310852,1310853,1311027,1,174,175,completed,2
20778,Rigid,1310858,1310858,1311031,0,173,173,completed,2
20779,Rigid,1310858,1310858,1311031,0,173,173,completed,2
20780,Rigid,1310860,1310861,1311045,1,184,185,completed,2
20781,Rigid,1310872,1310872,1311508,0,636,636,completed,1
20782,Rigid,1310872,1310872,1312000,0,1128,1128,completed,2
20783,Rigid,1310873,1310875,1311049,2,174,176,completed,2
20784,Rigid,1310878,1310880,1311972,2,1092,1094,completed,2
20785,Rigid,1310893,1310894,1311535,1,641,642,completed,1
20786,Rigid,1310893,1310894,1311536,1,642,643,completed,1
20787,Rigid,1310893,1310894,1311076,1,182,183,completed,2
20788,Rigid,1310897,1310898,1312015,1,1117,1118,completed,2
20789,Rigid,1310898,1310900,1311080,2,180,182,completed,2
20790,Rigid,1310913,1310914,1311094,1,180,181,completed,2
20791,Rigid,1310913,1310914,1311095,1,181,182,completed,2
20792,Rigid,1310913,1310914,1311575,1,661,662,completed,1
20793,Rigid,1310917,1310918,1311539,1,621,622,completed,1
20794,Rigid,1310917,1310918,1312025,1,1107,1108,completed,2
20795,Rigid,1310917,1310918,1312010,1,1092,1093,completed,2
20796,Rigid,1310919,1310922,1311098,3,176,179,completed,2
20797,Rigid,1310920,1310922,1311097,2,175,177,completed,2
20798,Rigid,1310920,1310922,1311563,2,641,643,completed,1
20799,Rigid,1310937,1310937,1312028,0,1091,1091,completed,2
20800,Rigid,1310938,1310939,1311121,1,182,183,completed,2
20801,Rigid,1310941,1310942,1311119,1,177,178,completed,2
20802,Rigid,1310941,1310942,1311561,1,619,620,completed,1
20803,Rigid,1310955,1310956,1311923,1,967,968,completed,2
20804,Rigid,1310955,1310956,1311117,1,161,162,completed,2
20805,Rigid,1310978,1310978,1311615,0,637,637,completed,1
20806,Rigid,1310994,1310994,1311158,0,164,164,completed,2
20807,Rigid,1310994,1310994,1312143,0,1149,1149,completed,2
20808,Rigid,1310995,1310998,1311606,3,608,611,completed,1
20809,Rigid,1311018,1311019,1312140,1,1121,1122,completed,2
20810,Rigid,1311034,1311035,1311653,1,618,619,completed,1
20811,Rigid,1311035,1311039,1311222,4,183,187,completed,2
20812,Rigid,1311035,1311035,1312167,0,1132,1132,completed,2
20813,Rigid,1311036,1311039,1312167,3,1128,1131,completed,2
20814,Rigid,1311039,1311039,1311643,0,604,604,completed,1
20815,Rigid,1311039,1311039,1311217,0,178,178,completed,2
20816,Rigid,1311055,1311056,1311235,1,179,180,completed,2
20817,Rigid,1311058,1311060,1311239,2,179,181,completed,2
20818,Rigid,1311061,1311062,1311678,1,616,617,completed,1
20819,Rigid,1311061,1311062,1311700,1,638,639,completed,1
20820,Rigid,1311061,1311062,1312151,1,1089,1090,completed,2
20821,Rigid,1311061,1311062,1312151,1,1089,1090,completed,2
20822,Rigid,1311062,1311062,1311238,0,176,176,completed,2
20823,Rigid,1311077,1311078,1311256,1,178,179,completed,2
20824,Rigid,1311078,1311081,1312202,3,1121,1124,completed,2
20825,Rigid,1311079,1311081,1311709,2,628,630,completed,1
20826,Rigid,1311095,1311095,1311276,0,181,181,completed,2
20827,Rigid,1311096,1311096,1311730,0,634,634,completed,1
20828,Rigid,1311096,1311096,1312200,0,1104,1104,completed,2
20829,Rigid,1311115,1311116,1311715,1,599,600,completed,1
20830,Rigid,1311116,1311118,1311294,2,176,178,completed,2
20831,Rigid,1311116,1311116,1312435,0,1319,1319,completed,2
20832,Rigid,1311119,1311120,1311293,1,173,174,completed,2
20833,Rigid,1311121,1311122,1311293,1,171,172,completed,2
20834,Rigid,1311135,1311136,1311306,1,170,171,completed,2
20835,Rigid,1311136,1311136,1311310,0,174,174,completed,2
20836,Rigid,1311136,1311140,1311308,4,168,172,completed,2
20837,Rigid,1311142,1311143,1311316,1,173,174,completed,2
20838,Rigid,1311159,1311160,1311793,1,633,634,completed,1
20839,Rigid,1311161,1311164,1312315,3,1151,1154,completed,2
20840,Rigid,1311176,1311177,1311351,1,174,175,completed,2
20841,Rigid,1311180,1311181,1312523,1,1342,1343,completed,2
20842,Rigid,1311202,1311202,1311842,0,640,640,completed,1
20843,Rigid,1311202,1311202,1311386,0,184,184,completed,2
20844,Rigid,1311226,1311226,1311403,0,177,177,completed,2
20845,Rigid,1311226,1311226,1311862,0,636,636,completed,1
20846,Rigid,1311241,1311242,1311423,1,181,182,completed,2
20847,Rigid,1311241,1311242,1312375,1,1133,1134,completed,2
20848,Rigid,1311242,1311246,1311858,4,612,616,completed,1
20849,Rigid,1311242,1311242,1312337,0,1095,1095,completed,2
20850,Rigid,1311250,1311251,1311433,1,182,183,completed,2
20851,Rigid,1311251,1311252,1311873,1,621,622,completed,1
20852,Rigid,1311251,1311252,1312368,1,1116,1117,completed,2
20853,Rigid,1311266,1311266,1311445,0,179,179,completed,2
20854,Rigid,1311270,1311271,1312388,1,1117,1118,completed,2
20855,Rigid,1311274,1311275,1311905,1,630,631,completed,1
20856,Rigid,1311275,1311277,1311445,2,168,170,completed,2
20857,Rigid,1311289,1311290,1311466,1,176,177,completed,2
20858,Rigid,1311307,1311308,1311488,1,180,181,completed,2
20859,Rigid,1311308,1311308,1311869,0,561,561,completed,1
20860,Rigid,1311308,1311309,1312309,1,1000,1001,completed,2
20861,Rigid,1311311,1311312,1311474,1,162,163,completed,2
20862,Rigid,1311312,1311312,1311481,0,169,169,completed,2
20863,Rigid,1311313,1311316,1312309,3,993,996,completed,2
20864,Rigid,1311314,1311316,1311872,2,556,558,completed,1
20865,Rigid,1311314,1311316,1311473,2,157,159,completed,2
20866,Rigid,1311328,1311330,1311498,2,168,170,completed,2
20867,Rigid,1311328,1311330,1311496,2,166,168,completed,2
20868,Rigid,1311328,1311330,1311496,2,166,168,completed,2
20869,Rigid,1311334,1311334,1311496,0,162,162,completed,2
20870,Rigid,1311335,1311335,1311501,0,166,166,completed,2
20871,Rigid,1311335,1311335,1311499,0,164,164,completed,2
20872,Rigid,1311352,1311352,1311523,0,171,171,completed,2
20873,Rigid,1311353,1311356,1311522,3,166,169,completed,2
20874,Rigid,1311355,1311356,1311919,1,563,564,completed,1
20875,Rigid,1311368,1311369,1312485,1,1116,1117,completed,2
20876,Rigid,1311372,1311373,1311537,1,164,165,completed,2
20877,Rigid,1311374,1311377,1311542,3,165,168,completed,2
20878,Rigid,1311374,1311377,1312485,3,1108,1111,completed,2
20879,Rigid,1311389,1311390,1312000,1,610,611,completed,1
20880,Rigid,1311394,1311395,1311566,1,171,172,completed,2
20881,Rigid,1311409,1311410,1311580,1,170,171,completed,2
20882,Rigid,1311413,1311414,1312003,1,589,590,completed,1
20883,Rigid,1311414,1311418,1312559,4,1141,1145,completed,2
20884,Rigid,1311428,1311429,1311613,1,184,185,completed,2
20885,Rigid,1311435,1311435,1311601,0,166,166,completed,2
20886,Rigid,1311449,1311450,1312567,1,1117,1118,completed,2
20887,Rigid,1311450,1311454,1312059,4,605,609,completed,1
20888,Rigid,1311456,1311458,1311632,2,174,176,completed,2
20889,Rigid,1311457,1311458,1311612,1,154,155,completed,2
20890,Rigid,1311469,1311470,1311640,1,170,171,completed,2
20891,Rigid,1311474,1311474,1312611,0,1137,1137,completed,2
20892,Rigid,1311476,1311479,1312071,3,592,595,completed,1
20893,Rigid,1311489,1311489,1311661,0,172,172,completed,2
20894,Rigid,1311489,1311490,1311662,1,172,173,completed,2
20895,Rigid,1311489,1311490,1312632,1,1142,1143,completed,2
20896,Rigid,1311490,1311491,1312078,1,587,588,completed,1
20897,Rigid,1311495,1311497,1311661,2,164,166,completed,2
20898,Rigid,1311496,1311497,1311661,1,164,165,completed,2
20899,Rigid,1311509,1311510,1312644,1,1134,1135,completed,2
20900,Rigid,1311510,1311510,1312073,0,563,563,completed,1
20901,Rigid,1311510,1311510,1311677,0,167,167,completed,2
20902,Rigid,1311510,1311511,1311676,1,165,166,completed,2
20903,Rigid,1311510,1311511,1312822,1,1311,1312,completed,2
20904,Rigid,1311515,1311515,1312122,0,607,607,completed,1
20905,Rigid,1311516,1311519,1311685,3,166,169,completed,2
20906,Rigid,1311517,1311519,1312108,2,589,591,completed,1
20907,Rigid,1311530,1311530,1312648,0,1118,1118,completed,2
20908,Rigid,1311531,1311534,1311698,3,164,167,completed,2
20909,Rigid,1311550,1311550,1312123,0,573,573,completed,1
20910,Rigid,1311550,1311550,1312655,0,1105,1105,completed,2
20911,Rigid,1311554,1311554,1312658,0,1104,1104,completed,2
20912,Rigid,1311556,1311558,1312149,2,591,593,completed,1
20913,Rigid,1311556,1311558,1311728,2,170,172,completed,2
20914,Rigid,1311556,1311558,1311728,2,170,172,completed,2
20915,Rigid,1311571,1311572,1312670,1,1098,1099,completed,2
20916,Rigid,1311575,1311576,1312168,1,592,593,completed,1
20917,Rigid,1311576,1311577,1311745,1,168,169,completed,2
20918,Rigid,1311577,1311579,1312644,2,1065,1067,completed,2
20919,Rigid,1311591,1311591,1312176,0,585,585,completed,1
20920,Rigid,1311595,1311595,1311761,0,166,166,completed,2
20921,Rigid,1311596,1311599,1312206,3,607,610,completed,1
20922,Rigid,1311596,1311599,1312682,3,1083,1086,completed,2
20923,Rigid,1311597,1311599,1312680,2,1081,1083,completed,2
20924,Rigid,1311611,1311611,1312195,0,584,584,completed,1
20925,Rigid,1311615,1311615,1311790,0,175,175,completed,2
20926,Rigid,1311616,1311617,1311787,1,170,171,completed,2
20927,Rigid,1311618,1311619,1312907,1,1288,1289,completed,2
20928,Rigid,1311631,1311632,1312227,1,595,596,completed,1
20929,Rigid,1311635,1311636,1311799,1,163,164,completed,2
20930,Rigid,1311651,1311652,1311825,1,173,174,completed,2
20931,Rigid,1311651,1311652,1312245,1,593,594,completed,1
20932,Rigid,1311655,1311656,1312238,1,582,583,completed,1
20933,Rigid,1311655,1311656,1312778,1,1122,1123,completed,2
20934,Rigid,1311671,1311672,1312789,1,1117,1118,completed,2
20935,Rigid,1311672,1311672,1311837,0,165,165,completed,2
20936,Rigid,1311672,1311672,1311837,0,165,165,completed,2
20937,Rigid,1311678,1311678,1311821,0,143,143,completed,2
20938,Rigid,1311692,1311692,1311858,0,166,166,completed,2
20939,Rigid,1311692,1311696,1311858,4,162,166,completed,2
20940,Rigid,1311692,1311696,1311858,4,162,166,completed,2
20941,Rigid,1311695,1311696,1312779,1,1083,1084,completed,2
20942,Rigid,1311712,1311713,1312299,1,586,587,completed,1
20943,Rigid,1311715,1311716,1311885,1,169,170,completed,2
20944,Rigid,1311716,1311716,1312306,0,590,590,completed,1
20945,Rigid,1311732,1311733,1311903,1,170,171,completed,2
20946,Rigid,1311732,1311733,1312827,1,1094,1095,completed,2
20947,Rigid,1311735,1311737,1312320,2,583,585,completed,1
20948,Rigid,1311735,1311737,1312831,2,1094,1096,completed,2
20949,Rigid,1311752,1311753,1311923,1,170,171,completed,2
20950,Rigid,1311757,1311757,1312346,0,589,589,completed,1
20951,Rigid,1311771,1311772,1312885,1,1113,1114,completed,2
20952,Rigid,1311777,1311778,1311941,1,163,164,completed,2
20953,Rigid,1311778,1311782,1311932,4,150,154,completed,2
20954,Rigid,1311791,1311792,1312380,1,588,589,completed,1
20955,Rigid,1311792,1311792,1312885,0,1093,1093,completed,2
20956,Rigid,1311795,1311796,1311954,1,158,159,completed,2
20957,Rigid,1311797,1311800,1312381,3,581,584,completed,1
20958,Rigid,1311797,1311800,1312885,3,1085,1088,completed,2
20959,Rigid,1311811,1311812,1311980,1,168,169,completed,2
20960,Rigid,1311831,1311832,1312415,1,583,584,completed,1
20961,Rigid,1311838,1311838,1312972,0,1134,1134,completed,2
20962,Rigid,1311839,1311843,1312426,4,583,587,completed,1
20963,Rigid,1311852,1311853,1312019,1,166,167,completed,2
20964,Rigid,1311852,1311853,1312964,1,1111,1112,completed,2
20965,Rigid,1311856,1311857,1312017,1,160,161,completed,2
20966,Rigid,1311872,1311872,1312032,0,160,160,completed,2
20967,Rigid,1311872,1311872,1312031,0,159,159,completed,2
20968,Rigid,1311872,1311872,1312030,0,158,158,completed,2
20969,Rigid,1311875,1311876,1312024,1,148,149,completed,2
20970,Rigid,1311876,1311876,1312024,0,148,148,completed,2
20971,Rigid,1311876,1311876,1312025,0,149,149,completed,2
20972,Rigid,1311876,1311876,1312428,0,552,552,completed,1
20973,Rigid,1311878,1311880,1312963,2,1083,1085,completed,2
20974,Rigid,1311879,1311880,1312439,1,559,560,completed,1
20975,Rigid,1311892,1311892,1312992,0,1100,1100,completed,2
20976,Rigid,1311912,1311913,1312074,1,161,162,completed,2
20977,Rigid,1311916,1311917,1312061,1,144,145,completed,2
20978,Rigid,1311919,1311920,1312069,1,149,150,completed,2
20979,Rigid,1311932,1311933,1312089,1,156,157,completed,2
20980,Rigid,1311939,1311939,1312088,0,149,149,completed,2
20981,Rigid,1311939,1311939,1312085,0,146,146,completed,2
20982,Rigid,1311939,1311943,1312092,4,149,153,completed,2
20983,Rigid,1311940,1311943,1312093,3,150,153,completed,2
20984,Rigid,1311940,1311943,1312474,3,531,534,completed,1
20985,Rigid,1311953,1311953,1313058,0,1105,1105,completed,2
20986,Rigid,1311954,1311975,1319141,21,7166,7187,completed,144
20987,Rigid,1311973,1311973,1313056,0,1083,1083,completed,2
20988,Rigid,1311976,1312476,1312485,500,9,509,completed,72
20989,Rigid,1311980,1311981,1312515,1,534,535,completed,1
20990,Rigid,1311993,1311993,1312155,0,162,162,completed,2
20991,Rigid,1312017,1312018,1312175,1,157,158,completed,2
20992,Rigid,1312017,1312018,1312558,1,540,541,completed,1
20993,Rigid,1312019,1312020,1313127,1,1107,1108,completed,2
20994,Rigid,1312020,1312020,1312173,0,153,153,completed,2
20995,Rigid,1312020,1312022,1312568,2,546,548,completed,1
20996,Rigid,1312032,1312033,1313134,1,1101,1102,completed,2
20997,Rigid,1312033,1312033,1312188,0,155,155,completed,2
20998,Rigid,1312033,1312033,1312185,0,152,152,completed,2
20999,Rigid,1312033,1312033,1312565,0,532,532,completed,1
21000,Rigid,1312033,1312033,1312564,0,531,531,completed,1
21001,Rigid,1312033,1312033,1313126,0,1093,1093,completed,2
21002,Rigid,1312034,1312037,1313126,3,1089,1092,completed,2
21003,Rigid,1312040,1312041,1312191,1,150,151,completed,2
21004,Rigid,1312040,1312041,1312191,1,150,151,completed,2
21005,Rigid,1312053,1312054,1312206,1,152,153,completed,2
21006,Rigid,1312073,1312074,1312230,1,156,157,completed,2
21007,Rigid,1312078,1312078,1312604,0,526,526,completed,1
21008,Rigid,1312078,1312079,1312603,1,524,525,completed,1
21009,Rigid,1312078,1312078,1313209,0,1131,1131,completed,2
21010,Rigid,1312081,1312082,1313208,1,1126,1127,completed,2
21011,Rigid,1312094,1312094,1312246,0,152,152,completed,2
21012,Rigid,1312094,1312095,1312239,1,144,145,completed,2
21013,Rigid,1312094,1312095,1312615,1,520,521,completed,1
21014,Rigid,1312094,1312095,1312240,1,145,146,completed,2
21015,Rigid,1312094,1312094,1313208,0,1114,1114,completed,2
21016,Rigid,1312098,1312099,1312248,1,149,150,completed,2
21017,Rigid,1312101,1312103,1312632,2,529,531,completed,1
21018,Rigid,1312121,1312121,1313243,0,1122,1122,completed,2
21019,Rigid,1312138,1312138,1312677,0,539,539,completed,1
21020,Rigid,1312138,1312138,1313244,0,1106,1106,completed,2
21021,Rigid,1312140,1312141,1312304,1,163,164,completed,2
21022,Rigid,1312159,1312159,1312684,0,525,525,completed,1
21023,Rigid,1312161,1312163,1312670,2,507,509,completed,1
21024,Rigid,1312161,1312163,1312322,2,159,161,completed,2
21025,Rigid,1312161,1312163,1313268,2,1105,1107,completed,2
21026,Rigid,1312176,1312177,1312327,1,150,151,completed,2
21027,Rigid,1312176,1312176,1313266,0,1090,1090,completed,2
21028,Rigid,1312179,1312181,1312328,2,147,149,completed,2
21029,Rigid,1312179,1312181,1313268,2,1087,1089,completed,2
21030,Rigid,1312181,1312185,1312698,4,513,517,completed,1
21031,Rigid,1312181,1312185,1312326,4,141,145,completed,2
21032,Rigid,1312195,1312195,1312336,0,141,141,completed,2
21033,Rigid,1312195,1312195,1312336,0,141,141,completed,2
21034,Rigid,1312196,1312196,1312334,0,138,138,completed,2
21035,Rigid,1312196,1312196,1312334,0,138,138,completed,2
21036,Rigid,1312196,1312196,1312335,0,139,139,completed,2
21037,Rigid,1312199,1312199,1312328,0,129,129,completed,2
21038,Rigid,1312202,1312203,1312343,1,140,141,completed,2
21039,Rigid,1312216,1312216,1312362,0,146,146,completed,2
21040,Rigid,1312219,1312220,1312712,1,492,493,completed,1
21041,Rigid,1312221,1312224,1313292,3,1068,1071,completed,2
21042,Rigid,1312235,1312235,1312720,0,485,485,completed,1
21043,Rigid,1312239,1312239,1312374,0,135,135,completed,2
21044,Rigid,1312239,1312239,1313315,0,1076,1076,completed,2
21045,Rigid,1312255,1312255,1312400,0,145,145,completed,2
21046,Rigid,1312255,1312255,1313337,0,1082,1082,completed,2
21047,Rigid,1312256,1312259,1312750,3,491,494,completed,1
21048,Rigid,1312256,1312259,1312400,3,141,144,completed,2
21049,Rigid,1312259,1312259,1313307,0,1048,1048,completed,2
21050,Rigid,1312300,1312300,1312791,0,491,491,completed,1
21051,Rigid,1312317,1312318,1313394,1,1076,1077,completed,2
21052,Rigid,1312320,1312321,1312817,1,496,497,completed,1
21053,Rigid,1312322,1312323,1312465,1,142,143,completed,2
21054,Rigid,1312322,1312323,1312468,1,145,146,completed,2
21055,Rigid,1312322,1312323,1312817,1,494,495,completed,1
21056,Rigid,1312335,1312335,1313599,0,1264,1264,completed,2
21057,Rigid,1312336,1312336,1312476,0,140,140,completed,2
21058,Rigid,1312336,1312336,1312821,0,485,485,completed,1
21059,Rigid,1312336,1312336,1312814,0,478,478,completed,1
21060,Rigid,1312336,1312336,1312476,0,140,140,completed,2
21061,Rigid,1312336,1312336,1313361,0,1025,1025,completed,2
21062,Rigid,1312336,1312336,1313388,0,1052,1052,completed,2
21063,Rigid,1312337,1312337,1312470,0,133,133,completed,2
21064,Rigid,1312340,1312344,1312805,4,461,465,completed,1
21065,Rigid,1312342,1312344,1313414,2,1070,1072,completed,2
21066,Rigid,1312356,1312357,1312489,1,132,133,completed,2
21067,Rigid,1312356,1312357,1312820,1,463,464,completed,1
21068,Rigid,1312356,1312357,1313466,1,1109,1110,completed,2
21069,Rigid,1312360,1312361,1312490,1,129,130,completed,2
21070,Rigid,1312376,1312376,1312512,0,136,136,completed,2
21071,Rigid,1312376,1312380,1312511,4,131,135,completed,2
21072,Rigid,1312380,1312380,1312510,0,130,130,completed,2
21073,Rigid,1312382,1312384,1312516,2,132,134,completed,2
21074,Rigid,1312382,1312384,1313647,2,1263,1265,completed,2
21075,Rigid,1312400,1312401,1312844,1,443,444,completed,1
21076,Rigid,1312402,1312405,1312538,3,133,136,completed,2
21077,Rigid,1312417,1312421,1312865,4,444,448,completed,1
21078,Rigid,1312417,1312417,1313484,0,1067,1067,completed,2
21079,Rigid,1312420,1312421,1312544,1,123,124,completed,2
21080,Rigid,1312441,1312441,1312571,0,130,130,completed,2
21081,Rigid,1312441,1312441,1312857,0,416,416,completed,1
21082,Rigid,1312443,1312446,1313490,3,1044,1047,completed,2
21083,Rigid,1312445,1312446,1312558,1,112,113,completed,2
21084,Rigid,1312477,1312478,1312604,1,126,127,completed,2
21085,Rigid,1312477,1312477,1312890,0,413,413,completed,1
21086,Rigid,1312477,1312478,1313524,1,1046,1047,completed,2
21087,Rigid,1312478,1312482,1312605,4,123,127,completed,2
21088,Rigid,1312484,1312486,1312612,2,126,128,completed,2
21089,Rigid,1312496,1312496,1312904,0,408,408,completed,1
21090,Rigid,1312497,1312500,1312618,3,118,121,completed,2
21091,Rigid,1312497,1312500,1313505,3,1005,1008,completed,2
21092,Rigid,1312503,1312504,1312618,1,114,115,completed,2
21093,Rigid,1312503,1312504,1313531,1,1027,1028,completed,2
21094,Rigid,1312516,1312516,1312930,0,414,414,completed,1
21095,Rigid,1312516,1312516,1312942,0,426,426,completed,1
21096,Rigid,1312516,1312516,1313590,0,1074,1074,completed,2
21097,Rigid,1312517,1312517,1312641,0,124,124,completed,2
21098,Rigid,1312523,1312524,1312644,1,120,121,completed,2
21099,Rigid,1312524,1312524,1313592,0,1068,1068,completed,2
21100,Rigid,1312556,1312557,1312987,1,430,431,completed,1
21101,Rigid,1312557,1312559,1312681,2,122,124,completed,2
21102,Rigid,1312561,1312565,1312686,4,121,125,completed,2
21103,Rigid,1312563,1312565,1312680,2,115,117,completed,2
21104,Rigid,1312564,1312565,1312680,1,115,116,completed,2
21105,Rigid,1312576,1312576,1312700,0,124,124,completed,2
21106,Rigid,1312581,1312581,1312700,0,119,119,completed,2
21107,Rigid,1312581,1312581,1312697,0,116,116,completed,2
21108,Rigid,1312581,1312581,1312697,0,116,116,completed,2
21109,Rigid,1312583,1312586,1312697,3,111,114,completed,2
21110,Rigid,1312617,1312619,1313023,2,404,406,completed,1
21111,Rigid,1312617,1312617,1313673,0,1056,1056,completed,2
21112,Rigid,1312620,1312621,1313690,1,1069,1070,completed,2
21113,Rigid,1312621,1312625,1313025,4,400,404,completed,1
21114,Rigid,1312621,1312625,1312745,4,120,124,completed,2
21115,Rigid,1312624,1312625,1312745,1,120,121,completed,2
21116,Rigid,1312624,1312625,1313026,1,401,402,completed,1
21117,Rigid,1312624,1312625,1313684,1,1059,1060,completed,2
21118,Rigid,1312637,1312637,1312756,0,119,119,completed,2
21119,Rigid,1312638,1312641,1312757,3,116,119,completed,2
21120,Rigid,1312645,1312645,1313040,0,395,395,completed,1
21121,Rigid,1312645,1312645,1312762,0,117,117,completed,2
21122,Rigid,1312645,1312645,1313690,0,1045,1045,completed,2
21123,Rigid,1312657,1312658,1312774,1,116,117,completed,2
21124,Rigid,1312658,1312658,1312774,0,116,116,completed,2
21125,Rigid,1312663,1312664,1313076,1,412,413,completed,1
21126,Rigid,1312664,1312668,1312789,4,121,125,completed,2
21127,Rigid,1312664,1312664,1313739,0,1075,1075,completed,2
21128,Rigid,1312665,1312668,1313749,3,1081,1084,completed,2
21129,Rigid,1312682,1312682,1313085,0,403,403,completed,1
21130,Rigid,1312682,1312682,1312803,0,121,121,completed,2
21131,Rigid,1312684,1312685,1312804,1,119,120,completed,2
21132,Rigid,1312684,1312685,1313076,1,391,392,completed,1
21133,Rigid,1312685,1312685,1313768,0,1083,1083,completed,2
21134,Rigid,1312685,1312685,1313769,0,1084,1084,completed,2
21135,Rigid,1312703,1312703,1313102,0,399,399,completed,1
21136,Rigid,1312707,1312707,1312826,0,119,119,completed,2
21137,Rigid,1312710,1312711,1313798,1,1087,1088,completed,2
21138,Rigid,1312712,1312713,1313091,1,378,379,completed,1
21139,Rigid,1312713,1312713,1312825,0,112,112,completed,2
21140,Rigid,1312714,1312715,1312826,1,111,112,completed,2
21141,Rigid,1312717,1312719,1312830,2,111,113,completed,2
21142,Rigid,1312717,1312719,1313828,2,1109,1111,completed,2
21143,Rigid,1312718,1312719,1313101,1,382,383,completed,1
21144,Rigid,1312719,1312719,1312830,0,111,111,completed,2
21145,Rigid,1312734,1312734,1312853,0,119,119,completed,2
21146,Rigid,1312734,1312738,1313808,4,1070,1074,completed,2
21147,Rigid,1312737,1312738,1313121,1,383,384,completed,1
21148,Rigid,1312758,1312758,1312874,0,116,116,completed,2
21149,Rigid,1312759,1312762,1313141,3,379,382,completed,1
21150,Rigid,1312762,1312762,1313838,0,1076,1076,completed,2
21151,Rigid,1312769,1312771,1312874,2,103,105,completed,2
21152,Rigid,1312781,1312781,1312879,0,98,98,completed,2
21153,Rigid,1312783,1312785,1312878,2,93,95,completed,2
21154,Rigid,1312785,1312789,1313769,4,980,984,completed,2
21155,Rigid,1312786,1312789,1313103,3,314,317,completed,1
21156,Rigid,1312792,1312792,1312888,0,96,96,completed,2
21157,Rigid,1312792,1312792,1313108,0,316,316,completed,1
21158,Rigid,1312792,1312793,1313808,1,1015,1016,completed,2
21159,Rigid,1312807,1312808,1312897,1,89,90,completed,2
21160,Rigid,1312807,1312808,1312894,1,86,87,completed,2
21161,Rigid,1312808,1312812,1313093,4,281,285,completed,1
21162,Rigid,1312811,1312812,1312894,1,82,83,completed,2
21163,Rigid,1312811,1312812,1313833,1,1021,1022,completed,2
21164,Rigid,1312826,1313769,1318121,943,4352,5295,completed,72
21165,Rigid,1312827,1312828,1313114,1,286,287,completed,1
21166,Rigid,1312827,1312828,1313908,1,1080,1081,completed,2
21167,Rigid,1312830,1312831,1312917,1,86,87,completed,2
21168,Rigid,1312831,1312831,1312912,0,81,81,completed,2
21169,Rigid,1312831,1312832,1312912,1,80,81,completed,2
21170,Rigid,1312832,1312832,1312908,0,76,76,completed,2
21171,Rigid,1312832,1312832,1313084,0,252,252,completed,1
21172,Rigid,1312834,1312835,1313090,1,255,256,completed,1
21173,Rigid,1312834,1312835,1313879,1,1044,1045,completed,2
21174,Rigid,1312835,1312835,1313872,0,1037,1037,completed,2
21175,Rigid,1312848,1312848,1312929,0,81,81,completed,2
21176,Rigid,1312849,1312852,1312921,3,69,72,completed,2
21177,Rigid,1312849,1312852,1312921,3,69,72,completed,2
21178,Rigid,1312852,1312852,1312918,0,66,66,completed,2
21179,Rigid,1312868,1312868,1313888,0,1020,1020,completed,2
21180,Rigid,1312871,1312872,1313092,1,220,221,completed,1
21181,Rigid,1312872,1312872,1312943,0,71,71,completed,2
21182,Rigid,1312875,1312876,1313868,1,992,993,completed,2
21183,Rigid,1312888,1312889,1313108,1,219,220,completed,1
21184,Rigid,1312889,1312889,1312956,0,67,67,completed,2
21185,Rigid,1312889,1312891,1312954,2,63,65,completed,2
21186,Rigid,1312889,1312889,1313089,0,200,200,completed,1
21187,Rigid,1312891,1312892,1313819,1,927,928,completed,2
21188,Rigid,1312895,1312895,1312958,0,63,63,completed,2
21189,Rigid,1312895,1312895,1312957,0,62,62,completed,2
21190,Rigid,1312895,1312895,1313889,0,994,994,completed,2
21191,Rigid,1312909,1312909,1313106,0,197,197,completed,1
21192,Rigid,1313902,1316716,1316718,2814,2,2816,completed,36
21193,Rigid,1313937,1313938,1313946,1,8,9,completed,4
21194,Rigid,1313948,1313949,1332928,1,18979,18980,completed,4
21195,Rigid,1314326,1337149,1338499,22823,1350,24173,completed,288
21196,Rigid,1314453,1338500,1339061,24047,561,24608,completed,288
21197,Rigid,1315115,1339062,1349967,23947,10905,34852,completed,288
21198,Rigid,1316014,1316014,1316016,0,2,2,completed,1
21199,Rigid,1316241,1316241,1316246,0,5,5,completed,1
21200,Rigid,1316241,1316264,1316268,23,4,27,completed,1
21201,Rigid,1316561,1316716,1316811,155,95,250,completed,72
21202,Rigid,1316570,1343263,1343339,26693,76,26769,completed,288
21203,Rigid,1316840,1316840,1316945,0,105,105,completed,72
21204,Rigid,1316925,1328173,1330382,11248,2209,13457,completed,144
21205,Rigid,1316992,1338134,1345335,21142,7201,28343,completed,144
21206,Rigid,1317069,1317069,1317082,0,13,13,completed,72
21207,Rigid,1317113,1343341,1344107,26228,766,26994,completed,144
21208,Rigid,1317172,1343341,1343432,26169,91,26260,completed,144
21209,Rigid,1317520,1317520,1317534,0,14,14,completed,72
21210,Rigid,1318050,1318064,1319376,14,1312,1326,completed,72
21211,Rigid,1322291,1322292,1322456,1,164,165,completed,1
21212,Rigid,1322291,1322292,1322529,1,237,238,completed,1
21213,Rigid,1322291,1322292,1322662,1,370,371,completed,1
21214,Rigid,1322291,1322292,1323617,1,1325,1326,completed,1
21215,Rigid,1322291,1322292,1325556,1,3264,3265,completed,1
21216,Rigid,1323150,1323154,1323543,4,389,393,completed,1
21217,Rigid,1323150,1323154,1323330,4,176,180,completed,1
21218,Rigid,1323150,1323154,1323412,4,258,262,completed,1
21219,Rigid,1323150,1323154,1324446,4,1292,1296,completed,1
21220,Rigid,1323150,1323154,1326181,4,3027,3031,completed,1
21221,Rigid,1323624,1323624,1323649,0,25,25,completed,6
21222,Rigid,1324450,1324450,1324477,0,27,27,completed,6
21223,Rigid,1325142,1326166,1395743,1024,69577,70601,completed,360
21224,Rigid,1325212,1331360,1374335,6148,42975,49123,completed,360
21225,Rigid,1325567,1325568,1325631,1,63,64,completed,6
21226,Rigid,1325619,1325619,1325817,0,198,198,completed,1
21227,Rigid,1325619,1325623,1325900,4,277,281,completed,1
21228,Rigid,1325621,1325623,1326052,2,429,431,completed,1
21229,Rigid,1325623,1325627,1326925,4,1298,1302,completed,1
21230,Rigid,1325623,1325627,1329244,4,3617,3621,completed,1
21231,Rigid,1325670,1325671,1325675,1,4,5,completed,1
21232,Rigid,1326185,1326186,1326259,1,73,74,completed,6
21233,Rigid,1326266,1326266,1326270,0,4,4,completed,1
21234,Rigid,1326647,1326647,1326831,0,184,184,completed,1
21235,Rigid,1326647,1326647,1326908,0,261,261,completed,1
21236,Rigid,1326647,1326647,1327050,0,403,403,completed,1
21237,Rigid,1326647,1326647,1327921,0,1274,1274,completed,1
21238,Rigid,1326647,1326647,1330303,0,3656,3656,completed,1
21239,Rigid,1326932,1326932,1326960,0,28,28,completed,6
21240,Rigid,1326986,1326987,1333330,1,6343,6344,completed,1
21241,Rigid,1327438,1327439,1327651,1,212,213,completed,1
21242,Rigid,1327438,1327439,1327748,1,309,310,completed,1
21243,Rigid,1327438,1327439,1327906,1,467,468,completed,1
21244,Rigid,1327438,1327439,1329258,1,1819,1820,completed,1
21245,Rigid,1327438,1327439,1331473,1,4034,4035,completed,1
21246,Rigid,1327931,1327932,1327961,1,29,30,completed,6
21247,Rigid,1328743,1328743,1334904,0,6161,6161,completed,1
21248,Rigid,1329254,1329255,1329337,1,82,83,completed,6
21249,Rigid,1329264,1329264,1329297,0,33,33,completed,6
21250,Rigid,1329344,1329345,1329352,1,7,8,completed,1
21251,Rigid,1330333,1330334,1330416,1,82,83,completed,6
21252,Rigid,1330434,1330435,1330439,1,4,5,completed,1
21253,Rigid,1331130,1331131,1336795,1,5664,5665,completed,1
21254,Rigid,1331494,1331497,1331577,3,80,83,completed,6
21255,Rigid,1331587,1331588,1331592,1,4,5,completed,1
21256,Rigid,1332938,1332942,1333221,4,279,283,completed,1
21257,Rigid,1332938,1332938,1335697,0,2759,2759,completed,1
21258,Rigid,1332938,1332938,1338287,0,5349,5349,completed,1
21259,Rigid,1332939,1332942,1333340,3,398,401,completed,1
21260,Rigid,1332939,1332942,1333551,3,609,612,completed,1
21261,Rigid,1333341,1333341,1333349,0,8,8,completed,4
21262,Rigid,1333351,1333351,1352389,0,19038,19038,completed,4
21263,Rigid,1334913,1334917,1334923,4,6,10,completed,4
21264,Rigid,1334934,1334934,1353856,0,18922,18922,completed,4
21265,Rigid,1335705,1335706,1335750,1,44,45,completed,6
21266,Rigid,1336797,1336797,1336801,0,4,4,completed,4
21267,Rigid,1336807,1336808,1352934,1,16126,16127,completed,4
21268,Rigid,1338289,1338290,1338395,1,105,106,completed,6
21269,Rigid,1338399,1338400,1338404,1,4,5,completed,1
21270,Rigid,1348715,1348740,1349172,25,432,457,completed,1152
21271,Rigid,1349476,1349477,1415398,1,65921,65922,completed,216
21272,Rigid,1349498,1349498,1415216,0,65718,65718,completed,216
21273,Rigid,1350624,1350624,1416427,0,65803,65803,completed,216
21274,Rigid,1350648,1350649,1415950,1,65301,65302,completed,216
21275,Rigid,1351396,1351396,1417068,0,65672,65672,completed,216
21276,Rigid,1352426,1352427,1354285,1,1858,1859,completed,1
21277,Rigid,1352434,1352434,1352800,0,366,366,completed,1
21278,Rigid,1352445,1352446,1352887,1,441,442,completed,1
21279,Rigid,1352452,1352452,1352932,0,480,480,completed,1
21280,Rigid,1352461,1352462,1359798,1,7336,7337,completed,1
21281,Rigid,1352966,1352966,1353295,0,329,329,completed,1
21282,Rigid,1352972,1352973,1353379,1,406,407,completed,1
21283,Rigid,1352978,1352979,1353436,1,457,458,completed,1
21284,Rigid,1352983,1352983,1358696,0,5713,5713,completed,1
21285,Rigid,1352990,1352991,1354991,1,2000,2001,completed,1
21286,Rigid,1353896,1353896,1354256,0,360,360,completed,1
21287,Rigid,1353904,1353905,1354351,1,446,447,completed,1
21288,Rigid,1353904,1353905,1354410,1,505,506,completed,1
21289,Rigid,1353904,1353905,1360100,1,6195,6196,completed,1
21290,Rigid,1353906,1353906,1356244,0,2338,2338,completed,1
21291,Rigid,1353914,1353914,1365460,0,11546,11546,completed,12
21292,Rigid,1354295,1354297,1354351,2,54,56,completed,6
21293,Rigid,1354996,1354996,1355052,0,56,56,completed,6
21294,Rigid,1355534,1355534,1420498,0,64964,64964,completed,216
21295,Rigid,1356165,1356165,1420648,0,64483,64483,completed,216
21296,Rigid,1356248,1356248,1356311,0,63,63,completed,6
21297,Rigid,1356510,1356511,1422304,1,65793,65794,completed,216
21298,Rigid,1358703,1358704,1358804,1,100,101,completed,6
21299,Rigid,1358814,1358815,1358819,1,4,5,completed,1
21300,Rigid,1359704,1359704,1369389,0,9685,9685,completed,36
21301,Rigid,1359805,1359806,1359926,1,120,121,completed,6
21302,Rigid,1359941,1359942,1359946,1,4,5,completed,1
21303,Rigid,1360105,1360105,1360212,0,107,107,completed,6
21304,Rigid,1360216,1360217,1360221,1,4,5,completed,1
21305,Rigid,1360226,1360227,1360391,1,164,165,completed,1
21306,Rigid,1360229,1360231,1360238,2,7,9,completed,1
21307,Rigid,1360473,1360477,1364560,4,4083,4087,completed,36
21308,Rigid,1360677,1360677,1362673,0,1996,1996,completed,36
21309,Rigid,1361261,1361261,1650570,0,289309,289309,completed,252
21310,Rigid,1362467,1362467,1362881,0,414,414,completed,36
21311,Rigid,1362467,1362467,1362998,0,531,531,completed,36
21312,Rigid,1362467,1362467,1363011,0,544,544,completed,36
21313,Rigid,1362467,1362467,1366626,0,4159,4159,completed,36
21314,Rigid,1362467,1362467,1373740,0,11273,11273,completed,36
21315,Rigid,1362467,1362467,1362950,0,483,483,completed,36
21316,Rigid,1362467,1362467,1373460,0,10993,10993,completed,36
21317,Rigid,1362467,1362467,1375517,0,13050,13050,completed,36
21318,Rigid,1362467,1362467,1363151,0,684,684,completed,36
21319,Rigid,1362467,1362467,1376289,0,13822,13822,completed,36
21320,Rigid,1362467,1362467,1363782,0,1315,1315,completed,36
21321,Rigid,1362467,1362467,1375354,0,12887,12887,completed,36
21322,Rigid,1362467,1362467,1376289,0,13822,13822,completed,36
21323,Rigid,1362467,1362467,1368682,0,6215,6215,completed,36
21324,Rigid,1362467,1362467,1362873,0,406,406,completed,36
21325,Rigid,1363152,1363153,1365352,1,2199,2200,completed,72
21326,Rigid,1363311,1363312,1363378,1,66,67,completed,36
21327,Rigid,1363455,1363455,1363521,0,66,66,completed,36
21328,Rigid,1363605,1363605,1363718,0,113,113,completed,36
21329,Rigid,1363911,1363911,1364524,0,613,613,completed,144
21330,Rigid,1364611,1364611,1364615,0,4,4,completed,72
21331,Rigid,1364649,1364649,1365319,0,670,670,completed,144
21332,Rigid,1364663,1364663,1420010,0,55347,55347,completed,72
21333,Rigid,1364711,1364711,1365986,0,1275,1275,completed,288
21334,Rigid,1364791,1364791,1366952,0,2161,2161,completed,144
21335,Rigid,1365417,1365417,1365729,0,312,312,completed,72
21336,Rigid,1365463,1365463,1365926,0,463,463,completed,12
21337,Rigid,1365463,1365463,1365978,0,515,515,completed,12
21338,Rigid,1365463,1365467,1365986,4,519,523,completed,12
21339,Rigid,1365549,1365549,1368928,0,3379,3379,completed,36
21340,Rigid,1365779,1365779,1366027,0,248,248,completed,72
21341,Rigid,1365934,1365937,1365941,3,4,7,completed,1
21342,Rigid,1365934,1365937,1365941,3,4,7,completed,1
21343,Rigid,1365935,1365937,1365941,2,4,6,completed,1
21344,Rigid,1365935,1365937,1365941,2,4,6,completed,1
21345,Rigid,1365935,1365937,1365941,2,4,6,completed,1
21346,Rigid,1365935,1365937,1365941,2,4,6,completed,1
21347,Rigid,1365935,1365937,1365941,2,4,6,completed,1
21348,Rigid,1365936,1365937,1365941,1,4,5,completed,1
21349,Rigid,1365936,1365937,1365941,1,4,5,completed,1
21350,Rigid,1365985,1365985,1365989,0,4,4,completed,1
21351,Rigid,1365985,1365985,1365989,0,4,4,completed,1
21352,Rigid,1365985,1365985,1365989,0,4,4,completed,1
21353,Rigid,1365985,1365985,1365989,0,4,4,completed,1
21354,Rigid,1365985,1365985,1365989,0,4,4,completed,1
21355,Rigid,1365985,1365985,1365989,0,4,4,completed,1
21356,Rigid,1365986,1365987,1365990,1,3,4,completed,1
21357,Rigid,1365986,1365987,1365990,1,3,4,completed,1
21358,Rigid,1365986,1365987,1365990,1,3,4,completed,1
21359,Rigid,1365995,1365997,1366001,2,4,6,completed,1
21360,Rigid,1365995,1365997,1366001,2,4,6,completed,1
21361,Rigid,1365995,1365997,1366001,2,4,6,completed,1
21362,Rigid,1365996,1365997,1366001,1,4,5,completed,1
21363,Rigid,1365996,1365997,1366001,1,4,5,completed,1
21364,Rigid,1365996,1365997,1366001,1,4,5,completed,1
21365,Rigid,1365996,1365997,1366001,1,4,5,completed,1
21366,Rigid,1365996,1365997,1366001,1,4,5,completed,1
21367,Rigid,1365996,1365997,1366001,1,4,5,completed,1
21368,Rigid,1366018,1366018,1376719,0,10701,10701,completed,1152
21369,Rigid,1366398,1366399,1369729,1,3330,3331,completed,36
21370,Rigid,1366643,1366643,1539451,0,172808,172808,completed,144
21371,Rigid,1366779,1366780,1473865,1,107085,107086,completed,24
21372,Rigid,1366952,1366953,1539781,1,172828,172829,completed,108
21373,Rigid,1366965,1366966,1366995,1,29,30,completed,72
21374,Rigid,1366991,1366992,1366996,1,4,5,completed,36
21375,Rigid,1367010,1367011,1367117,1,106,107,completed,144
21376,Rigid,1367044,1367045,1539871,1,172826,172827,completed,108
21377,Rigid,1367136,1367137,1367246,1,109,110,completed,144
21378,Rigid,1367158,1367159,1473881,1,106722,106723,completed,24
21379,Rigid,1367186,1367187,1424790,1,57603,57604,completed,36
21380,Rigid,1367186,1367187,1424790,1,57603,57604,completed,36
21381,Rigid,1367304,1367304,1367918,0,614,614,completed,144
21382,Rigid,1367389,1367390,1439401,1,72011,72012,completed,36
21383,Rigid,1367389,1367390,1439401,1,72011,72012,completed,36
21384,Rigid,1367448,1367449,1453861,1,86412,86413,completed,36
21385,Rigid,1367448,1367449,1453861,1,86412,86413,completed,36
21386,Rigid,1367449,1367453,1473890,4,106437,106441,completed,108
21387,Rigid,1367491,1367492,1540321,1,172829,172830,completed,36
21388,Rigid,1367491,1367492,1540321,1,172829,172830,completed,36
21389,Rigid,1367491,1367492,1540321,1,172829,172830,completed,36
21390,Rigid,1367533,1367533,1540351,0,172818,172818,completed,36
21391,Rigid,1367533,1367533,1540351,0,172818,172818,completed,36
21392,Rigid,1367533,1367533,1540351,0,172818,172818,completed,36
21393,Rigid,1367576,1367576,1452631,0,85055,85055,completed,36
21394,Rigid,1367576,1367576,1540381,0,172805,172805,completed,36
21395,Rigid,1367612,1367613,1540441,1,172828,172829,completed,36
21396,Rigid,1367612,1367613,1540441,1,172828,172829,completed,36
21397,Rigid,1367612,1367613,1540441,1,172828,172829,completed,36
21398,Rigid,1367670,1367670,1540471,0,172801,172801,completed,36
21399,Rigid,1367670,1367670,1540471,0,172801,172801,completed,36
21400,Rigid,1367670,1367670,1540471,0,172801,172801,completed,36
21401,Rigid,1368157,1368158,1368343,1,185,186,completed,72
21402,Rigid,1368351,1368351,1369250,0,899,899,completed,144
21403,Rigid,1369952,1369953,1380492,1,10539,10540,completed,36
21404,Rigid,1369952,1369953,1375063,1,5110,5111,completed,36
21405,Rigid,1369952,1369953,1376254,1,6301,6302,completed,36
21406,Rigid,1369952,1369953,1383527,1,13574,13575,completed,36
21407,Rigid,1369952,1369953,1383118,1,13165,13166,completed,36
21408,Rigid,1369952,1369953,1385426,1,15473,15474,completed,36
21409,Rigid,1369952,1369953,1378816,1,8863,8864,completed,36
21410,Rigid,1369952,1369953,1376088,1,6135,6136,completed,36
21411,Rigid,1369952,1369953,1374072,1,4119,4120,completed,36
21412,Rigid,1369952,1369953,1372203,1,2250,2251,completed,36
21413,Rigid,1370647,1370647,1372861,0,2214,2214,completed,144
21414,Rigid,1370747,1370747,1371422,0,675,675,completed,144
21415,Rigid,1371226,1371227,1375865,1,4638,4639,completed,36
21416,Rigid,1371233,1371234,1375878,1,4644,4645,completed,36
21417,Rigid,1371239,1371240,1375885,1,4645,4646,completed,36
21418,Rigid,1371247,1371248,1375892,1,4644,4645,completed,36
21419,Rigid,1371267,1371267,1375898,0,4631,4631,completed,36
21420,Rigid,1371274,1371277,1375905,3,4628,4631,completed,36
21421,Rigid,1371279,1371281,1375908,2,4627,4629,completed,36
21422,Rigid,1371289,1371289,1375914,0,4625,4625,completed,36
21423,Rigid,1371297,1371298,1375915,1,4617,4618,completed,36
21424,Rigid,1371305,1371306,1375918,1,4612,4613,completed,36
21425,Rigid,1371312,1371313,1375921,1,4608,4609,completed,36
21426,Rigid,1371319,1371321,1375932,2,4611,4613,completed,36
21427,Rigid,1371753,1371753,1371794,0,41,41,completed,2
21428,Rigid,1371753,1371753,1371794,0,41,41,completed,2
21429,Rigid,1371753,1371757,1371794,4,37,41,completed,2
21430,Rigid,1371753,1371757,1371794,4,37,41,completed,2
21431,Rigid,1371753,1371757,1371794,4,37,41,completed,2
21432,Rigid,1371753,1371757,1371794,4,37,41,completed,2
21433,Rigid,1371753,1371757,1371794,4,37,41,completed,2
21434,Rigid,1371753,1371757,1371794,4,37,41,completed,2
21435,Rigid,1371804,1371804,1371829,0,25,25,completed,2
21436,Rigid,1371805,1371808,1371829,3,21,24,completed,2
21437,Rigid,1371805,1371808,1371829,3,21,24,completed,2
21438,Rigid,1371805,1371808,1371829,3,21,24,completed,2
21439,Rigid,1371805,1371808,1371829,3,21,24,completed,2
21440,Rigid,1371805,1371808,1371829,3,21,24,completed,2
21441,Rigid,1371805,1371808,1371829,3,21,24,completed,2
21442,Rigid,1371805,1371808,1371827,3,19,22,completed,2
21443,Rigid,1371805,1371808,1371829,3,21,24,completed,2
21444,Rigid,1371836,1371836,1371861,0,25,25,completed,2
21445,Rigid,1371836,1371837,1371854,1,17,18,completed,2
21446,Rigid,1371836,1371837,1371890,1,53,54,completed,2
21447,Rigid,1371836,1371837,1371852,1,15,16,completed,2
21448,Rigid,1371837,1371837,1371890,0,53,53,completed,2
21449,Rigid,1371837,1371837,1371889,0,52,52,completed,2
21450,Rigid,1371837,1371837,1371852,0,15,15,completed,2
21451,Rigid,1371837,1371837,1371890,0,53,53,completed,2
21452,Rigid,1371837,1371837,1371855,0,18,18,completed,2
21453,Rigid,1371837,1371837,1371890,0,53,53,completed,2
21454,Rigid,1371837,1371837,1371890,0,53,53,completed,2
21455,Rigid,1371837,1371837,1371861,0,24,24,completed,2
21456,Rigid,1371837,1371837,1371861,0,24,24,completed,2
21457,Rigid,1371837,1371837,1371890,0,53,53,completed,2
21458,Rigid,1371837,1371837,1371889,0,52,52,completed,2
21459,Rigid,1371837,1371837,1371852,0,15,15,completed,2
21460,Rigid,1371837,1371837,1371854,0,17,17,completed,2
21461,Rigid,1371837,1371839,1371892,2,53,55,completed,2
21462,Rigid,1371837,1371839,1371855,2,16,18,completed,2
21463,Rigid,1371837,1371839,1371891,2,52,54,completed,2
21464,Rigid,1371837,1371839,1371857,2,18,20,completed,2
21465,Rigid,1371837,1371839,1371857,2,18,20,completed,2
21466,Rigid,1371838,1371839,1371889,1,50,51,completed,2
21467,Rigid,1371838,1371839,1371890,1,51,52,completed,2
21468,Rigid,1371838,1371839,1371852,1,13,14,completed,2
21469,Rigid,1371838,1371839,1371861,1,22,23,completed,2
21470,Rigid,1371838,1371839,1371892,1,53,54,completed,2
21471,Rigid,1371838,1371839,1371892,1,53,54,completed,2
21472,Rigid,1371838,1371839,1371861,1,22,23,completed,2
21473,Rigid,1371838,1371839,1371852,1,13,14,completed,2
21474,Rigid,1371838,1371839,1371891,1,52,53,completed,2
21475,Rigid,1371838,1371839,1371857,1,18,19,completed,2
21476,Rigid,1371838,1371839,1371891,1,52,53,completed,2
21477,Rigid,1371838,1371839,1371889,1,50,51,completed,2
21478,Rigid,1371838,1371839,1371852,1,13,14,completed,2
21479,Rigid,1371838,1371839,1371893,1,54,55,completed,2
21480,Rigid,1371838,1371839,1371857,1,18,19,completed,2
21481,Rigid,1371838,1371839,1371861,1,22,23,completed,2
21482,Rigid,1371838,1371839,1371856,1,17,18,completed,2
21483,Rigid,1371838,1371839,1371858,1,19,20,completed,2
21484,Rigid,1371838,1371839,1371888,1,49,50,completed,2
21485,Rigid,1371839,1371839,1371889,0,50,50,completed,2
21486,Rigid,1371839,1371839,1371889,0,50,50,completed,2
21487,Rigid,1371839,1371839,1371861,0,22,22,completed,2
21488,Rigid,1371839,1371839,1371852,0,13,13,completed,2
21489,Rigid,1371839,1371839,1371891,0,52,52,completed,2
21490,Rigid,1371839,1371839,1371860,0,21,21,completed,2
21491,Rigid,1371839,1371839,1371890,0,51,51,completed,2
21492,Rigid,1371839,1371839,1371888,0,49,49,completed,2
21493,Rigid,1371839,1371839,1371852,0,13,13,completed,2
21494,Rigid,1371862,1371862,1371869,0,7,7,completed,2
21495,Rigid,1371863,1371863,1371869,0,6,6,completed,2
21496,Rigid,1371863,1371867,1371873,4,6,10,completed,2
21497,Rigid,1371864,1371867,1371873,3,6,9,completed,2
21498,Rigid,1371864,1371867,1371873,3,6,9,completed,2
21499,Rigid,1371864,1371867,1371884,3,17,20,completed,2
21500,Rigid,1371865,1371867,1371873,2,6,8,completed,2
21501,Rigid,1371865,1371867,1371873,2,6,8,completed,2
21502,Rigid,1371866,1371867,1371873,1,6,7,completed,2
21503,Rigid,1371903,1371903,1371908,0,5,5,completed,2
21504,Rigid,1371913,1371913,1371925,0,12,12,completed,2
21505,Rigid,1371955,1371955,1371960,0,5,5,completed,2
21506,Rigid,1371955,1371955,1371960,0,5,5,completed,2
21507,Rigid,1371955,1371955,1371960,0,5,5,completed,2
21508,Rigid,1371955,1371955,1371960,0,5,5,completed,2
21509,Rigid,1371955,1371955,1371960,0,5,5,completed,2
21510,Rigid,1371955,1371955,1371960,0,5,5,completed,2
21511,Rigid,1371955,1371955,1371960,0,5,5,completed,2
21512,Rigid,1371955,1371955,1371960,0,5,5,completed,2
21513,Rigid,1371955,1371955,1371960,0,5,5,completed,2
21514,Rigid,1371955,1371955,1371960,0,5,5,completed,2
21515,Rigid,1371955,1371955,1371960,0,5,5,completed,2
21516,Rigid,1371955,1371955,1371960,0,5,5,completed,2
21517,Rigid,1371955,1371955,1371960,0,5,5,completed,2
21518,Rigid,1371955,1371955,1371960,0,5,5,completed,2
21519,Rigid,1371955,1371955,1371960,0,5,5,completed,2
21520,Rigid,1371955,1371955,1371960,0,5,5,completed,2
21521,Rigid,1371955,1371955,1371960,0,5,5,completed,2
21522,Rigid,1371955,1371955,1371960,0,5,5,completed,2
21523,Rigid,1371955,1371955,1371960,0,5,5,completed,2
21524,Rigid,1371955,1371955,1371960,0,5,5,completed,2
21525,Rigid,1371955,1371955,1371960,0,5,5,completed,2
21526,Rigid,1371955,1371955,1371960,0,5,5,completed,2
21527,Rigid,1371955,1371955,1371960,0,5,5,completed,2
21528,Rigid,1371955,1371955,1371960,0,5,5,completed,2
21529,Rigid,1371955,1371959,1371964,4,5,9,completed,2
21530,Rigid,1371955,1371959,1371964,4,5,9,completed,2
21531,Rigid,1371956,1371959,1371964,3,5,8,completed,2
21532,Rigid,1371956,1371959,1371964,3,5,8,completed,2
21533,Rigid,1371956,1371959,1371964,3,5,8,completed,2
21534,Rigid,1371956,1371959,1371964,3,5,8,completed,2
21535,Rigid,1371956,1371959,1371964,3,5,8,completed,2
21536,Rigid,1371956,1371959,1371964,3,5,8,completed,2
21537,Rigid,1371956,1371959,1371964,3,5,8,completed,2
21538,Rigid,1371956,1371959,1371964,3,5,8,completed,2
21539,Rigid,1371956,1371959,1371964,3,5,8,completed,2
21540,Rigid,1371956,1371959,1371964,3,5,8,completed,2
21541,Rigid,1371956,1371959,1371964,3,5,8,completed,2
21542,Rigid,1371956,1371959,1371964,3,5,8,completed,2
21543,Rigid,1371956,1371959,1371964,3,5,8,completed,2
21544,Rigid,1371956,1371959,1371964,3,5,8,completed,2
21545,Rigid,1371956,1371959,1371964,3,5,8,completed,2
21546,Rigid,1371956,1371959,1371964,3,5,8,completed,2
21547,Rigid,1371956,1371959,1371964,3,5,8,completed,2
21548,Rigid,1371956,1371959,1371964,3,5,8,completed,2
21549,Rigid,1371956,1371959,1371964,3,5,8,completed,2
21550,Rigid,1371956,1371959,1371964,3,5,8,completed,2
21551,Rigid,1371956,1371959,1371964,3,5,8,completed,2
21552,Rigid,1371956,1371959,1371964,3,5,8,completed,2
21553,Rigid,1371956,1371959,1371964,3,5,8,completed,2
21554,Rigid,1371957,1371959,1371964,2,5,7,completed,2
21555,Rigid,1371957,1371959,1371964,2,5,7,completed,2
21556,Rigid,1371957,1371959,1371964,2,5,7,completed,2
21557,Rigid,1371957,1371959,1371964,2,5,7,completed,2
21558,Rigid,1371957,1371959,1371964,2,5,7,completed,2
21559,Rigid,1371957,1371959,1371964,2,5,7,completed,2
21560,Rigid,1371957,1371959,1371964,2,5,7,completed,2
21561,Rigid,1371957,1371959,1371964,2,5,7,completed,2
21562,Rigid,1371957,1371959,1371964,2,5,7,completed,2
21563,Rigid,1371957,1371959,1371964,2,5,7,completed,2
21564,Rigid,1371957,1371959,1371964,2,5,7,completed,2
21565,Rigid,1372376,1372377,1372407,1,30,31,completed,2
21566,Rigid,1372376,1372377,1372407,1,30,31,completed,2
21567,Rigid,1372376,1372377,1372407,1,30,31,completed,2
21568,Rigid,1372376,1372377,1372407,1,30,31,completed,2
21569,Rigid,1372376,1372377,1372407,1,30,31,completed,2
21570,Rigid,1372376,1372377,1372407,1,30,31,completed,2
21571,Rigid,1372377,1372380,1372410,3,30,33,completed,2
21572,Rigid,1372377,1372380,1372410,3,30,33,completed,2
21573,Rigid,1372377,1372380,1372410,3,30,33,completed,2
21574,Rigid,1372377,1372380,1372410,3,30,33,completed,2
21575,Rigid,1372377,1372380,1372410,3,30,33,completed,2
21576,Rigid,1372377,1372380,1372410,3,30,33,completed,2
21577,Rigid,1372377,1372380,1372410,3,30,33,completed,2
21578,Rigid,1372377,1372380,1372410,3,30,33,completed,2
21579,Rigid,1372377,1372380,1372410,3,30,33,completed,2
21580,Rigid,1372377,1372380,1372410,3,30,33,completed,2
21581,Rigid,1372377,1372380,1372410,3,30,33,completed,2
21582,Rigid,1372377,1372380,1372411,3,31,34,completed,2
21583,Rigid,1372377,1372380,1372410,3,30,33,completed,2
21584,Rigid,1372377,1372380,1372410,3,30,33,completed,2
21585,Rigid,1372377,1372380,1372411,3,31,34,completed,2
21586,Rigid,1372377,1372380,1372410,3,30,33,completed,2
21587,Rigid,1372378,1372380,1372410,2,30,32,completed,2
21588,Rigid,1372378,1372380,1372410,2,30,32,completed,2
21589,Rigid,1372414,1372417,1372421,3,4,7,completed,2
21590,Rigid,1372424,1372425,1372433,1,8,9,completed,2
21591,Rigid,1372453,1372454,1372458,1,4,5,completed,2
21592,Rigid,1372453,1372454,1372458,1,4,5,completed,2
21593,Rigid,1372453,1372454,1372458,1,4,5,completed,2
21594,Rigid,1372453,1372454,1372458,1,4,5,completed,2
21595,Rigid,1372453,1372454,1372458,1,4,5,completed,2
21596,Rigid,1372453,1372454,1372458,1,4,5,completed,2
21597,Rigid,1372453,1372454,1372458,1,4,5,completed,2
21598,Rigid,1372453,1372454,1372458,1,4,5,completed,2
21599,Rigid,1372453,1372454,1372458,1,4,5,completed,2
21600,Rigid,1372453,1372454,1372458,1,4,5,completed,2
21601,Rigid,1372453,1372454,1372458,1,4,5,completed,2
21602,Rigid,1372453,1372454,1372458,1,4,5,completed,2
21603,Rigid,1372453,1372454,1372458,1,4,5,completed,2
21604,Rigid,1372453,1372454,1372458,1,4,5,completed,2
21605,Rigid,1372453,1372454,1372458,1,4,5,completed,2
21606,Rigid,1372453,1372454,1372458,1,4,5,completed,2
21607,Rigid,1372454,1372454,1372458,0,4,4,completed,2
21608,Rigid,1372454,1372454,1372458,0,4,4,completed,2
21609,Rigid,1372454,1372454,1372458,0,4,4,completed,2
21610,Rigid,1372454,1372454,1372458,0,4,4,completed,2
21611,Rigid,1372454,1372454,1372458,0,4,4,completed,2
21612,Rigid,1372454,1372454,1372458,0,4,4,completed,2
21613,Rigid,1372454,1372454,1372458,0,4,4,completed,2
21614,Rigid,1372454,1372458,1372462,4,4,8,completed,2
21615,Rigid,1372454,1372458,1372462,4,4,8,completed,2
21616,Rigid,1372454,1372458,1372462,4,4,8,completed,2
21617,Rigid,1372454,1372458,1372462,4,4,8,completed,2
21618,Rigid,1372454,1372458,1372462,4,4,8,completed,2
21619,Rigid,1372454,1372458,1372462,4,4,8,completed,2
21620,Rigid,1372454,1372458,1372462,4,4,8,completed,2
21621,Rigid,1372454,1372458,1372462,4,4,8,completed,2
21622,Rigid,1372454,1372458,1372462,4,4,8,completed,2
21623,Rigid,1372454,1372458,1372462,4,4,8,completed,2
21624,Rigid,1372454,1372458,1372462,4,4,8,completed,2
21625,Rigid,1372454,1372458,1372462,4,4,8,completed,2
21626,Rigid,1372454,1372458,1372462,4,4,8,completed,2
21627,Rigid,1372454,1372458,1372462,4,4,8,completed,2
21628,Rigid,1372454,1372458,1372462,4,4,8,completed,2
21629,Rigid,1372454,1372458,1372462,4,4,8,completed,2
21630,Rigid,1372454,1372458,1372462,4,4,8,completed,2
21631,Rigid,1372455,1372458,1372462,3,4,7,completed,2
21632,Rigid,1372455,1372458,1372462,3,4,7,completed,2
21633,Rigid,1372455,1372458,1372463,3,5,8,completed,2
21634,Rigid,1372455,1372458,1372462,3,4,7,completed,2
21635,Rigid,1372455,1372458,1372462,3,4,7,completed,2
21636,Rigid,1372455,1372458,1372462,3,4,7,completed,2
21637,Rigid,1372455,1372458,1372462,3,4,7,completed,2
21638,Rigid,1372455,1372458,1372462,3,4,7,completed,2
21639,Rigid,1372455,1372458,1372462,3,4,7,completed,2
21640,Rigid,1372455,1372458,1372462,3,4,7,completed,2
21641,Rigid,1372455,1372458,1372462,3,4,7,completed,2
21642,Rigid,1372455,1372458,1372462,3,4,7,completed,2
21643,Rigid,1372455,1372458,1372462,3,4,7,completed,2
21644,Rigid,1372455,1372458,1372462,3,4,7,completed,2
21645,Rigid,1372455,1372458,1372462,3,4,7,completed,2
21646,Rigid,1372455,1372458,1372462,3,4,7,completed,2
21647,Rigid,1372455,1372458,1372462,3,4,7,completed,2
21648,Rigid,1372455,1372458,1372462,3,4,7,completed,2
21649,Rigid,1372455,1372458,1372462,3,4,7,completed,2
21650,Rigid,1372455,1372458,1372462,3,4,7,completed,2
21651,Rigid,1372865,1372865,1376254,0,3389,3389,completed,144
21652,Rigid,1372881,1372881,1373051,0,170,170,completed,108
21653,Rigid,1373134,1373137,1544190,3,171053,171056,completed,108
21654,Rigid,1374448,1374448,1410667,0,36219,36219,completed,36
21655,Rigid,1375060,1375060,1375461,0,401,401,completed,36
21656,Rigid,1375174,1375177,1375179,3,2,5,completed,8
21657,Rigid,1375509,1375510,1376289,1,779,780,completed,36
21658,Rigid,1375509,1375510,1376289,1,779,780,completed,36
21659,Rigid,1375509,1375510,1376289,1,779,780,completed,36
21660,Rigid,1375509,1375510,1376289,1,779,780,completed,36
21661,Rigid,1375509,1375510,1376289,1,779,780,completed,36
21662,Rigid,1375509,1375510,1376289,1,779,780,completed,36
21663,Rigid,1375509,1375510,1376289,1,779,780,completed,36
21664,Rigid,1375509,1375510,1376289,1,779,780,completed,36
21665,Rigid,1375509,1375510,1376289,1,779,780,completed,36
21666,Rigid,1375509,1375510,1376289,1,779,780,completed,36
21667,Rigid,1375509,1375510,1376289,1,779,780,completed,36
21668,Rigid,1375509,1375510,1376289,1,779,780,completed,36
21669,Rigid,1375509,1375510,1376289,1,779,780,completed,36
21670,Rigid,1375509,1375510,1376289,1,779,780,completed,36
21671,Rigid,1375509,1375510,1376289,1,779,780,completed,36
21672,Rigid,1375663,1375666,1378339,3,2673,2676,completed,36
21673,Rigid,1376017,1376017,1412425,0,36408,36408,completed,36
21674,Rigid,1376031,1376031,1412072,0,36041,36041,completed,36
21675,Rigid,1376077,1376077,1412494,0,36417,36417,completed,36
21676,Rigid,1376093,1376094,1412350,1,36256,36257,completed,36
21677,Rigid,1376111,1376112,1412530,1,36418,36419,completed,36
21678,Rigid,1376147,1376148,1412094,1,35946,35947,completed,36
21679,Rigid,1376162,1376163,1412595,1,36432,36433,completed,36
21680,Rigid,1376182,1376183,1412490,1,36307,36308,completed,36
21681,Rigid,1376196,1376197,1412523,1,36326,36327,completed,36
21682,Rigid,1376213,1376214,1412655,1,36441,36442,completed,36
21683,Rigid,1376233,1376233,1412997,0,36764,36764,completed,36
21684,Rigid,1376304,1376305,1412422,1,36117,36118,completed,36
21685,Rigid,1376381,1376381,1376405,0,24,24,completed,36
21686,Rigid,1376381,1376381,1376405,0,24,24,completed,36
21687,Rigid,1376381,1376381,1376405,0,24,24,completed,36
21688,Rigid,1376381,1376381,1376405,0,24,24,completed,36
21689,Rigid,1376381,1376381,1376405,0,24,24,completed,36
21690,Rigid,1376381,1376381,1376405,0,24,24,completed,36
21691,Rigid,1376381,1376381,1376405,0,24,24,completed,36
21692,Rigid,1376381,1376381,1376405,0,24,24,completed,36
21693,Rigid,1376381,1376381,1376405,0,24,24,completed,36
21694,Rigid,1376381,1376381,1376405,0,24,24,completed,36
21695,Rigid,1376381,1376381,1376405,0,24,24,completed,36
21696,Rigid,1376381,1376381,1376405,0,24,24,completed,36
21697,Rigid,1376381,1376381,1376405,0,24,24,completed,36
21698,Rigid,1376381,1376381,1376405,0,24,24,completed,36
21699,Rigid,1376381,1376381,1376405,0,24,24,completed,36
21700,Rigid,1376463,1376463,1378028,0,1565,1565,completed,36
21701,Rigid,1376463,1376463,1376783,0,320,320,completed,36
21702,Rigid,1376463,1376463,1376561,0,98,98,completed,36
21703,Rigid,1376463,1376464,1376722,1,258,259,completed,36
21704,Rigid,1376463,1376463,1376589,0,126,126,completed,36
21705,Rigid,1376463,1376464,1376552,1,88,89,completed,36
21706,Rigid,1376463,1376464,1376815,1,351,352,completed,36
21707,Rigid,1376463,1376463,1376938,0,475,475,completed,36
21708,Rigid,1376463,1376463,1376789,0,326,326,completed,36
21709,Rigid,1376463,1376463,1376673,0,210,210,completed,36
21710,Rigid,1376463,1376463,1376559,0,96,96,completed,36
21711,Rigid,1376463,1376463,1376784,0,321,321,completed,36
21712,Rigid,1376463,1376463,1376555,0,92,92,completed,36
21713,Rigid,1376463,1376463,1376746,0,283,283,completed,36
21714,Rigid,1376463,1376463,1376540,0,77,77,completed,36
21715,Rigid,1376556,1376557,1377780,1,1223,1224,completed,36
21716,Rigid,1377004,1377004,1388679,0,11675,11675,completed,144
21717,Rigid,1377019,1377020,1384032,1,7012,7013,completed,144
21718,Rigid,1377041,1377041,1386060,0,9019,9019,completed,144
21719,Rigid,1377056,1377057,1382969,1,5912,5913,completed,144
21720,Rigid,1377085,1377086,1383353,1,6267,6268,completed,144
21721,Rigid,1377102,1377103,1389088,1,11985,11986,completed,144
21722,Rigid,1377286,1377286,1378237,0,951,951,completed,144
21723,Rigid,1377688,1377688,1389233,0,11545,11545,completed,36
21724,Rigid,1377703,1377704,1381183,1,3479,3480,completed,36
21725,Rigid,1378534,1378536,1379399,2,863,865,completed,36
21726,Rigid,1378534,1378536,1379399,2,863,865,completed,36
21727,Rigid,1378534,1378536,1378695,2,159,161,completed,36
21728,Rigid,1378534,1378536,1378648,2,112,114,completed,36
21729,Rigid,1378534,1378536,1379399,2,863,865,completed,36
21730,Rigid,1378534,1378536,1379399,2,863,865,completed,36
21731,Rigid,1378534,1378536,1379399,2,863,865,completed,36
21732,Rigid,1378534,1378536,1379399,2,863,865,completed,36
21733,Rigid,1378534,1378536,1379399,2,863,865,completed,36
21734,Rigid,1378534,1378536,1379399,2,863,865,completed,36
21735,Rigid,1378534,1378536,1379399,2,863,865,completed,36
21736,Rigid,1378534,1378536,1379399,2,863,865,completed,36
21737,Rigid,1378534,1378536,1379399,2,863,865,completed,36
21738,Rigid,1378534,1378536,1378653,2,117,119,completed,36
21739,Rigid,1378534,1378536,1378663,2,127,129,completed,36
21740,Rigid,1379273,1379273,1387376,0,8103,8103,completed,144
21741,Rigid,1379318,1379318,1549587,0,170269,170269,completed,36
21742,Rigid,1379318,1379319,1421939,1,42620,42621,completed,36
21743,Rigid,1379318,1379319,1422472,1,43153,43154,completed,36
21744,Rigid,1379430,1379431,1382744,1,3313,3314,completed,36
21745,Rigid,1379632,1379633,1379744,1,111,112,completed,36
21746,Rigid,1379632,1379633,1379731,1,98,99,completed,36
21747,Rigid,1379632,1379633,1379843,1,210,211,completed,36
21748,Rigid,1379632,1379633,1379728,1,95,96,completed,36
21749,Rigid,1379632,1379633,1380011,1,378,379,completed,36
21750,Rigid,1379632,1379633,1379738,1,105,106,completed,36
21751,Rigid,1379632,1379633,1379731,1,98,99,completed,36
21752,Rigid,1379632,1379633,1379753,1,120,121,completed,36
21753,Rigid,1379632,1379633,1379787,1,154,155,completed,36
21754,Rigid,1379632,1379633,1379737,1,104,105,completed,36
21755,Rigid,1379632,1379633,1379697,1,64,65,completed,36
21756,Rigid,1379632,1379633,1379743,1,110,111,completed,36
21757,Rigid,1379632,1379633,1379724,1,91,92,completed,36
21758,Rigid,1379632,1379633,1379692,1,59,60,completed,36
21759,Rigid,1379632,1379633,1379704,1,71,72,completed,36
21760,Rigid,1379719,1379720,1383107,1,3387,3388,completed,36
21761,Rigid,1380128,1380129,1385306,1,5177,5178,completed,36
21762,Rigid,1380128,1380129,1383593,1,3464,3465,completed,36
21763,Rigid,1380128,1380129,1383619,1,3490,3491,completed,36
21764,Rigid,1380128,1380129,1386549,1,6420,6421,completed,36
21765,Rigid,1380128,1380129,1384506,1,4377,4378,completed,36
21766,Rigid,1380128,1380129,1382942,1,2813,2814,completed,36
21767,Rigid,1380128,1380129,1387645,1,7516,7517,completed,36
21768,Rigid,1380128,1380129,1389890,1,9761,9762,completed,36
21769,Rigid,1380128,1380129,1389959,1,9830,9831,completed,36
21770,Rigid,1380128,1380129,1381324,1,1195,1196,completed,36
21771,Rigid,1380128,1380129,1380836,1,707,708,completed,36
21772,Rigid,1380128,1380129,1381223,1,1094,1095,completed,36
21773,Rigid,1380128,1380129,1381535,1,1406,1407,completed,36
21774,Rigid,1380128,1380129,1381313,1,1184,1185,completed,36
21775,Rigid,1380128,1380129,1382343,1,2214,2215,completed,36
21776,Rigid,1380167,1380168,1380173,1,5,6,completed,36
21777,Rigid,1380188,1380188,1383828,0,3640,3640,completed,144
21778,Rigid,1380680,1380681,1380802,1,121,122,completed,72
21779,Rigid,1380775,1380776,1414276,1,33500,33501,completed,32
21780,Rigid,1380775,1380776,1414224,1,33448,33449,completed,32
21781,Rigid,1380775,1380776,1414931,1,34155,34156,completed,32
21782,Rigid,1380775,1380776,1415236,1,34460,34461,completed,32
21783,Rigid,1380775,1380776,1416133,1,35357,35358,completed,32
21784,Rigid,1380775,1380776,1415568,1,34792,34793,completed,32
21785,Rigid,1380775,1380776,1415996,1,35220,35221,completed,32
21786,Rigid,1380775,1380776,1380986,1,210,211,completed,32
21787,Rigid,1380775,1380776,1415083,1,34307,34308,completed,32
21788,Rigid,1380775,1380776,1414919,1,34143,34144,completed,32
21789,Rigid,1380775,1380776,1414713,1,33937,33938,completed,32
21790,Rigid,1380775,1380776,1380984,1,208,209,completed,32
21791,Rigid,1381009,1381010,1381232,1,222,223,completed,288
21792,Rigid,1381418,1381418,1741439,0,360021,360021,completed,36
21793,Rigid,1381458,1381458,1467871,0,86413,86413,completed,32
21794,Rigid,1381761,1381761,1381764,0,3,3,completed,72
21795,Rigid,1381962,1381962,1400941,0,18979,18979,completed,36
21796,Rigid,1381983,1381983,1401949,0,19966,19966,completed,36
21797,Rigid,1382003,1382003,1400072,0,18069,18069,completed,36
21798,Rigid,1382094,1382095,1382098,1,3,4,completed,36
21799,Rigid,1382105,1382106,1441963,1,59857,59858,completed,32
21800,Rigid,1382161,1382162,1382164,1,2,3,completed,72
21801,Rigid,1382564,1382564,1728179,0,345615,345615,completed,1
21802,Rigid,1382564,1382564,1728179,0,345615,345615,completed,1
21803,Rigid,1382564,1382564,1728179,0,345615,345615,completed,1
21804,Rigid,1382564,1382564,1728179,0,345615,345615,completed,1
21805,Rigid,1382564,1382564,1728179,0,345615,345615,completed,1
21806,Rigid,1382564,1382564,1728179,0,345615,345615,completed,1
21807,Rigid,1382564,1382564,1728179,0,345615,345615,completed,1
21808,Rigid,1382564,1382564,1493928,0,111364,111364,completed,1
21809,Rigid,1382564,1382564,1484858,0,102294,102294,completed,1
21810,Rigid,1382564,1382564,1521714,0,139150,139150,completed,1
21811,Rigid,1382564,1382564,1524348,0,141784,141784,completed,1
21812,Rigid,1382564,1382564,1480509,0,97945,97945,completed,1
21813,Rigid,1382564,1382564,1728179,0,345615,345615,completed,1
21814,Rigid,1382564,1382564,1728179,0,345615,345615,completed,1
21815,Rigid,1382564,1382564,1728179,0,345615,345615,completed,1
21816,Rigid,1382564,1382564,1728179,0,345615,345615,completed,1
21817,Rigid,1382564,1382564,1728179,0,345615,345615,completed,1
21818,Rigid,1382564,1382564,1728179,0,345615,345615,completed,1
21819,Rigid,1382564,1382564,1728179,0,345615,345615,completed,1
21820,Rigid,1382564,1382564,1728179,0,345615,345615,completed,1
21821,Rigid,1382564,1382564,1728179,0,345615,345615,completed,1
21822,Rigid,1382564,1382564,1728179,0,345615,345615,completed,1
21823,Rigid,1382564,1382564,1728179,0,345615,345615,completed,1
21824,Rigid,1382564,1382564,1728179,0,345615,345615,completed,1
21825,Rigid,1382564,1382564,1728179,0,345615,345615,completed,1
21826,Rigid,1382564,1382564,1728179,0,345615,345615,completed,1
21827,Rigid,1382564,1382564,1728179,0,345615,345615,completed,1
21828,Rigid,1382564,1382564,1728179,0,345615,345615,completed,1
21829,Rigid,1382564,1382564,1728179,0,345615,345615,completed,1
21830,Rigid,1382564,1382564,1728179,0,345615,345615,completed,1
21831,Rigid,1382564,1382564,1728179,0,345615,345615,completed,1
21832,Rigid,1382564,1382564,1728179,0,345615,345615,completed,1
21833,Rigid,1382564,1382564,1728179,0,345615,345615,completed,1
21834,Rigid,1382564,1382564,1728179,0,345615,345615,completed,1
21835,Rigid,1382564,1382564,1728179,0,345615,345615,completed,1
21836,Rigid,1382564,1382564,1728179,0,345615,345615,completed,1
21837,Rigid,1382564,1382564,1728179,0,345615,345615,completed,1
21838,Rigid,1382564,1382564,1728179,0,345615,345615,completed,1
21839,Rigid,1382564,1382564,1728179,0,345615,345615,completed,1
21840,Rigid,1382564,1382564,1728179,0,345615,345615,completed,1
21841,Rigid,1382564,1382564,1728179,0,345615,345615,completed,1
21842,Rigid,1382564,1382564,1728179,0,345615,345615,completed,1
21843,Rigid,1382564,1382564,1728179,0,345615,345615,completed,1
21844,Rigid,1382564,1382564,1728179,0,345615,345615,completed,1
21845,Rigid,1382564,1382564,1728179,0,345615,345615,completed,1
21846,Rigid,1382564,1382564,1728179,0,345615,345615,completed,1
21847,Rigid,1382564,1382564,1728179,0,345615,345615,completed,1
21848,Rigid,1382564,1382564,1728179,0,345615,345615,completed,1
21849,Rigid,1382564,1382564,1728179,0,345615,345615,completed,1
21850,Rigid,1382564,1382564,1728179,0,345615,345615,completed,1
21851,Rigid,1382564,1382564,1728179,0,345615,345615,completed,1
21852,Rigid,1382564,1382564,1728179,0,345615,345615,completed,1
21853,Rigid,1382564,1382564,1728179,0,345615,345615,completed,1
21854,Rigid,1382564,1382564,1728179,0,345615,345615,completed,1
21855,Rigid,1382564,1382564,1728179,0,345615,345615,completed,1
21856,Rigid,1382564,1382564,1728179,0,345615,345615,completed,1
21857,Rigid,1382564,1382564,1728179,0,345615,345615,completed,1
21858,Rigid,1382564,1382564,1728179,0,345615,345615,completed,1
21859,Rigid,1382564,1382564,1728179,0,345615,345615,completed,1
21860,Rigid,1382564,1382564,1728179,0,345615,345615,completed,1
21861,Rigid,1382564,1382564,1728179,0,345615,345615,completed,1
21862,Rigid,1382564,1382564,1715139,0,332575,332575,completed,1
21863,Rigid,1382564,1382564,1728179,0,345615,345615,completed,1
21864,Rigid,1382564,1382564,1728179,0,345615,345615,completed,1
21865,Rigid,1382564,1382564,1728179,0,345615,345615,completed,1
21866,Rigid,1382564,1382564,1728179,0,345615,345615,completed,1
21867,Rigid,1382564,1382564,1728179,0,345615,345615,completed,1
21868,Rigid,1382564,1382564,1728179,0,345615,345615,completed,1
21869,Rigid,1382564,1382564,1728179,0,345615,345615,completed,1
21870,Rigid,1382564,1382564,1728179,0,345615,345615,completed,1
21871,Rigid,1382834,1382835,1382847,1,12,13,completed,72
21872,Rigid,1382974,1382977,1382981,3,4,7,completed,36
21873,Rigid,1383752,1383753,1383769,1,16,17,completed,36
21874,Rigid,1383765,1383766,1383768,1,2,3,completed,72
21875,Rigid,1383995,1383998,1384001,3,3,6,completed,36
21876,Rigid,1384066,1384066,1384213,0,147,147,completed,36
21877,Rigid,1384070,1384070,1384073,0,3,3,completed,36
21878,Rigid,1384119,1384120,1384123,1,3,4,completed,36
21879,Rigid,1384174,1384178,1384181,4,3,7,completed,36
21880,Rigid,1384256,1384256,1384259,0,3,3,completed,36
21881,Rigid,1384290,1384290,1384483,0,193,193,completed,36
21882,Rigid,1384443,1384444,1384447,1,3,4,completed,36
21883,Rigid,1384484,1384485,1384488,1,3,4,completed,36
21884,Rigid,1384536,1384538,1416090,2,31552,31554,completed,36
21885,Rigid,1384551,1384551,1470961,0,86410,86410,completed,36
21886,Rigid,1384696,1384696,1744709,0,360013,360013,completed,36
21887,Rigid,1384941,1384941,1384944,0,3,3,completed,36
21888,Rigid,1384985,1384985,1745009,0,360024,360024,completed,36
21889,Rigid,1385247,1385248,1385251,1,3,4,completed,36
21890,Rigid,1385270,1385270,1385275,0,5,5,completed,36
21891,Rigid,1385371,1385371,1385445,0,74,74,completed,36
21892,Rigid,1385553,1385553,1388468,0,2915,2915,completed,36
21893,Rigid,1385595,1385595,1385669,0,74,74,completed,36
21894,Rigid,1385727,1385727,1385848,0,121,121,completed,36
21895,Rigid,1386054,1386055,1558862,1,172807,172808,completed,36
21896,Rigid,1386054,1386055,1394998,1,8943,8944,completed,36
21897,Rigid,1386054,1386055,1404434,1,18379,18380,completed,36
21898,Rigid,1386099,1386100,1522260,1,136160,136161,completed,36
21899,Rigid,1386099,1386100,1512278,1,126178,126179,completed,36
21900,Rigid,1386099,1386100,1498073,1,111973,111974,completed,36
21901,Rigid,1386147,1386147,1459104,0,72957,72957,completed,36
21902,Rigid,1386147,1386147,1439307,0,53160,53160,completed,36
21903,Rigid,1386147,1386147,1404032,0,17885,17885,completed,36
21904,Rigid,1386176,1386176,1476565,0,90389,90389,completed,36
21905,Rigid,1386176,1386176,1558982,0,172806,172806,completed,36
21906,Rigid,1386176,1386176,1482922,0,96746,96746,completed,36
21907,Rigid,1386522,1386522,1386525,0,3,3,completed,36
21908,Rigid,1386579,1386582,1527860,3,141278,141281,completed,36
21909,Rigid,1386579,1386582,1458499,3,71917,71920,completed,36
21910,Rigid,1386579,1386582,1555069,3,168487,168490,completed,36
21911,Rigid,1386579,1386582,1386586,3,4,7,completed,36
21912,Rigid,1386613,1386614,1449666,1,63052,63053,completed,36
21913,Rigid,1386613,1386614,1449571,1,62957,62958,completed,36
21914,Rigid,1386613,1386614,1451271,1,64657,64658,completed,36
21915,Rigid,1386645,1386646,1559462,1,172816,172817,completed,36
21916,Rigid,1386645,1386646,1504630,1,117984,117985,completed,36
21917,Rigid,1386645,1386646,1466208,1,79562,79563,completed,36
21918,Rigid,1386736,1386737,1482060,1,95323,95324,completed,36
21919,Rigid,1386736,1386737,1507269,1,120532,120533,completed,36
21920,Rigid,1386736,1386737,1502154,1,115417,115418,completed,36
21921,Rigid,1386741,1386742,1386745,1,3,4,completed,36
21922,Rigid,1386765,1386765,1510116,0,123351,123351,completed,36
21923,Rigid,1386765,1386765,1518163,0,131398,131398,completed,36
21924,Rigid,1386765,1394999,1547921,8234,152922,161156,completed,36
21925,Rigid,1386790,1404034,1462996,17244,58962,76206,completed,36
21926,Rigid,1386790,1404436,1494173,17646,89737,107383,completed,36
21927,Rigid,1386790,1407852,1580674,21062,172822,193884,completed,36
21928,Rigid,1386807,1386807,1386814,0,7,7,completed,36
21929,Rigid,1386818,1418433,1419709,31615,1276,32891,completed,36
21930,Rigid,1386818,1419710,1421193,32892,1483,34375,completed,36
21931,Rigid,1386818,1421194,1423610,34376,2416,36792,completed,36
21932,Rigid,1386818,1423611,1425762,36793,2151,38944,completed,36
21933,Rigid,1386818,1410023,1413263,23205,3240,26445,completed,36
21934,Rigid,1386818,1423956,1425733,37138,1777,38915,completed,36
21935,Rigid,1386818,1425735,1427064,38917,1329,40246,completed,36
21936,Rigid,1386818,1425763,1427264,38945,1501,40446,completed,36
21937,Rigid,1386818,1427065,1428816,40247,1751,41998,completed,36
21938,Rigid,1386818,1427265,1430848,40447,3583,44030,completed,36
21939,Rigid,1386818,1428165,1430557,41347,2392,43739,completed,36
21940,Rigid,1386818,1428817,1430460,41999,1643,43642,completed,36
21941,Rigid,1386818,1429105,1434024,42287,4919,47206,completed,36
21942,Rigid,1386818,1430292,1432688,43474,2396,45870,completed,36
21943,Rigid,1386818,1430461,1433392,43643,2931,46574,completed,36
21944,Rigid,1386818,1413010,1414543,26192,1533,27725,completed,36
21945,Rigid,1386818,1430558,1433790,43740,3232,46972,completed,36
21946,Rigid,1386818,1430849,1438590,44031,7741,51772,completed,36
21947,Rigid,1386818,1431980,1433315,45162,1335,46497,completed,36
21948,Rigid,1386818,1432690,1433894,45872,1204,47076,completed,36
21949,Rigid,1386818,1433316,1434023,46498,707,47205,completed,36
21950,Rigid,1386818,1433394,1439087,46576,5693,52269,completed,36
21951,Rigid,1386818,1433792,1436215,46974,2423,49397,completed,36
21952,Rigid,1386818,1433896,1444717,47078,10821,57899,completed,36
21953,Rigid,1386818,1434025,1440159,47207,6134,53341,completed,36
21954,Rigid,1386818,1434025,1435311,47207,1286,48493,completed,36
21955,Rigid,1386818,1413265,1415190,26447,1925,28372,completed,36
21956,Rigid,1386818,1435312,1436928,48494,1616,50110,completed,36
21957,Rigid,1386818,1436217,1437584,49399,1367,50766,completed,36
21958,Rigid,1386818,1436929,1438195,50111,1266,51377,completed,36
21959,Rigid,1386818,1437586,1439425,50768,1839,52607,completed,36
21960,Rigid,1386818,1438196,1448049,51378,9853,61231,completed,36
21961,Rigid,1386818,1438591,1440382,51773,1791,53564,completed,36
21962,Rigid,1386818,1439088,1440260,52270,1172,53442,completed,36
21963,Rigid,1386818,1439308,1441253,52490,1945,54435,completed,36
21964,Rigid,1386818,1439426,1444877,52608,5451,58059,completed,36
21965,Rigid,1386818,1440160,1441782,53342,1622,54964,completed,36
21966,Rigid,1386818,1414354,1416874,27536,2520,30056,completed,36
21967,Rigid,1386818,1440261,1441635,53443,1374,54817,completed,36
21968,Rigid,1386818,1440383,1445285,53565,4902,58467,completed,36
21969,Rigid,1386818,1441254,1442288,54436,1034,55470,completed,36
21970,Rigid,1386818,1441637,1446007,54819,4370,59189,completed,36
21971,Rigid,1386818,1441783,1446997,54965,5214,60179,completed,36
21972,Rigid,1386818,1442290,1442339,55472,49,55521,completed,36
21973,Rigid,1386818,1442341,1443243,55523,902,56425,completed,36
21974,Rigid,1386818,1414544,1418431,27726,3887,31613,completed,36
21975,Rigid,1386818,1415191,1418121,28373,2930,31303,completed,36
21976,Rigid,1386818,1416875,1417938,30057,1063,31120,completed,36
21977,Rigid,1386818,1417940,1423955,31122,6015,37137,completed,36
21978,Rigid,1386818,1418122,1430290,31304,12168,43472,completed,36
21979,Rigid,1386850,1443244,1444470,56394,1226,57620,completed,36
21980,Rigid,1386850,1444471,1446888,57621,2417,60038,completed,36
21981,Rigid,1386850,1444718,1448987,57868,4269,62137,completed,36
21982,Rigid,1386850,1444878,1448316,58028,3438,61466,completed,36
21983,Rigid,1386850,1445286,1466329,58436,21043,79479,completed,36
21984,Rigid,1386850,1446008,1450585,59158,4577,63735,completed,36
21985,Rigid,1386850,1446889,1449843,60039,2954,62993,completed,36
21986,Rigid,1386850,1446999,1456928,60149,9929,70078,completed,36
21987,Rigid,1386850,1448050,1451553,61200,3503,64703,completed,36
21988,Rigid,1386850,1448317,1453004,61467,4687,66154,completed,36
21989,Rigid,1386942,1386942,1387017,0,75,75,completed,36
21990,Rigid,1387287,1387287,1387295,0,8,8,completed,72
21991,Rigid,1387434,1387436,1387457,2,21,23,completed,72
21992,Rigid,1387881,1387881,1387885,0,4,4,completed,36
21993,Rigid,1387995,1387996,1388013,1,17,18,completed,36
21994,Rigid,1388204,1388204,1388214,0,10,10,completed,36
21995,Rigid,1388287,1388288,1388295,1,7,8,completed,36
21996,Rigid,1388375,1388378,1388832,3,454,457,completed,36
21997,Rigid,1388394,1388394,1389129,0,735,735,completed,72
21998,Rigid,1388452,1388452,1388499,0,47,47,completed,1
21999,Rigid,1388452,1388452,1388502,0,50,50,completed,1
22000,Rigid,1388452,1388452,1388496,0,44,44,completed,1
22001,Rigid,1388452,1388452,1388496,0,44,44,completed,1
22002,Rigid,1388452,1388452,1388496,0,44,44,completed,1
22003,Rigid,1388452,1388452,1388499,0,47,47,completed,1
22004,Rigid,1388452,1388452,1388496,0,44,44,completed,1
22005,Rigid,1388452,1388452,1388507,0,55,55,completed,1
22006,Rigid,1388452,1388452,1388498,0,46,46,completed,1
22007,Rigid,1388452,1388452,1388498,0,46,46,completed,1
22008,Rigid,1388452,1388452,1388500,0,48,48,completed,1
22009,Rigid,1388452,1388452,1388500,0,48,48,completed,1
22010,Rigid,1388452,1388452,1388502,0,50,50,completed,1
22011,Rigid,1388452,1388452,1388502,0,50,50,completed,1
22012,Rigid,1388452,1388452,1388502,0,50,50,completed,1
22013,Rigid,1388452,1388452,1388499,0,47,47,completed,1
22014,Rigid,1388452,1388452,1388496,0,44,44,completed,1
22015,Rigid,1388452,1388452,1388502,0,50,50,completed,1
22016,Rigid,1388452,1388452,1388507,0,55,55,completed,1
22017,Rigid,1388452,1388452,1388508,0,56,56,completed,1
22018,Rigid,1388452,1388452,1388507,0,55,55,completed,1
22019,Rigid,1388452,1388452,1388499,0,47,47,completed,1
22020,Rigid,1388452,1388452,1388500,0,48,48,completed,1
22021,Rigid,1388452,1388452,1388498,0,46,46,completed,1
22022,Rigid,1388452,1388452,1388499,0,47,47,completed,1
22023,Rigid,1388452,1388456,1388502,4,46,50,completed,1
22024,Rigid,1388452,1388456,1388498,4,42,46,completed,1
22025,Rigid,1388453,1388456,1388499,3,43,46,completed,1
22026,Rigid,1388453,1388456,1388496,3,40,43,completed,1
22027,Rigid,1388453,1388456,1388502,3,46,49,completed,1
22028,Rigid,1388453,1388456,1388500,3,44,47,completed,1
22029,Rigid,1388453,1388456,1388496,3,40,43,completed,1
22030,Rigid,1388453,1388456,1388507,3,51,54,completed,1
22031,Rigid,1388453,1388456,1388507,3,51,54,completed,1
22032,Rigid,1388453,1388456,1388505,3,49,52,completed,1
22033,Rigid,1388453,1388456,1388499,3,43,46,completed,1
22034,Rigid,1388453,1388456,1388497,3,41,44,completed,1
22035,Rigid,1388453,1388456,1388498,3,42,45,completed,1
22036,Rigid,1388453,1388456,1388507,3,51,54,completed,1
22037,Rigid,1388453,1388456,1388496,3,40,43,completed,1
22038,Rigid,1388453,1388456,1388502,3,46,49,completed,1
22039,Rigid,1388453,1388456,1388502,3,46,49,completed,1
22040,Rigid,1388453,1388456,1388504,3,48,51,completed,1
22041,Rigid,1388453,1388456,1388498,3,42,45,completed,1
22042,Rigid,1388453,1388456,1388500,3,44,47,completed,1
22043,Rigid,1388453,1388456,1388499,3,43,46,completed,1
22044,Rigid,1388453,1388456,1388501,3,45,48,completed,1
22045,Rigid,1388453,1388456,1388503,3,47,50,completed,1
22046,Rigid,1388453,1388456,1388499,3,43,46,completed,1
22047,Rigid,1388453,1388456,1388500,3,44,47,completed,1
22048,Rigid,1388453,1388456,1388508,3,52,55,completed,1
22049,Rigid,1388453,1388456,1388507,3,51,54,completed,1
22050,Rigid,1388453,1388456,1388498,3,42,45,completed,1
22051,Rigid,1388454,1388456,1388501,2,45,47,completed,1
22052,Rigid,1388454,1388456,1388504,2,48,50,completed,1
22053,Rigid,1388454,1388456,1388505,2,49,51,completed,1
22054,Rigid,1388454,1388456,1388501,2,45,47,completed,1
22055,Rigid,1388454,1388456,1388498,2,42,44,completed,1
22056,Rigid,1388454,1388456,1388499,2,43,45,completed,1
22057,Rigid,1388454,1388456,1388498,2,42,44,completed,1
22058,Rigid,1388454,1388456,1388508,2,52,54,completed,1
22059,Rigid,1388454,1388456,1388498,2,42,44,completed,1
22060,Rigid,1388454,1388456,1388498,2,42,44,completed,1
22061,Rigid,1388454,1388456,1388500,2,44,46,completed,1
22062,Rigid,1388454,1388456,1388498,2,42,44,completed,1
22063,Rigid,1388454,1388456,1388500,2,44,46,completed,1
22064,Rigid,1388454,1388456,1388496,2,40,42,completed,1
22065,Rigid,1388454,1388456,1388499,2,43,45,completed,1
22066,Rigid,1388454,1388456,1388501,2,45,47,completed,1
22067,Rigid,1388454,1388456,1388498,2,42,44,completed,1
22068,Rigid,1388454,1388456,1388498,2,42,44,completed,1
22069,Rigid,1388454,1388456,1388500,2,44,46,completed,1
22070,Rigid,1388454,1388456,1388503,2,47,49,completed,1
22071,Rigid,1388454,1388456,1388498,2,42,44,completed,1
22072,Rigid,1388454,1388456,1388499,2,43,45,completed,1
22073,Rigid,1388454,1388456,1388498,2,42,44,completed,1
22074,Rigid,1388454,1388456,1388501,2,45,47,completed,1
22075,Rigid,1388454,1388456,1388501,2,45,47,completed,1
22076,Rigid,1388454,1388456,1388498,2,42,44,completed,1
22077,Rigid,1388454,1388456,1388498,2,42,44,completed,1
22078,Rigid,1388455,1388456,1388496,1,40,41,completed,1
22079,Rigid,1388455,1388456,1388498,1,42,43,completed,1
22080,Rigid,1388455,1388456,1388499,1,43,44,completed,1
22081,Rigid,1388455,1388456,1388501,1,45,46,completed,1
22082,Rigid,1388455,1388456,1388498,1,42,43,completed,1
22083,Rigid,1388455,1388456,1388503,1,47,48,completed,1
22084,Rigid,1388455,1388456,1388498,1,42,43,completed,1
22085,Rigid,1388455,1388456,1388498,1,42,43,completed,1
22086,Rigid,1388455,1388456,1388498,1,42,43,completed,1
22087,Rigid,1388455,1388456,1388498,1,42,43,completed,1
22088,Rigid,1388455,1388456,1388504,1,48,49,completed,1
22089,Rigid,1388455,1388456,1388501,1,45,46,completed,1
22090,Rigid,1388456,1388456,1388501,0,45,45,completed,1
22091,Rigid,1388456,1388456,1388496,0,40,40,completed,1
22092,Rigid,1388456,1388456,1388498,0,42,42,completed,1
22093,Rigid,1388456,1388456,1388498,0,42,42,completed,1
22094,Rigid,1388456,1388456,1388499,0,43,43,completed,1
22095,Rigid,1388456,1388456,1388496,0,40,40,completed,1
22096,Rigid,1388456,1388456,1388499,0,43,43,completed,1
22097,Rigid,1388456,1388456,1388496,0,40,40,completed,1
22098,Rigid,1388456,1388456,1388500,0,44,44,completed,1
22099,Rigid,1388456,1388456,1388505,0,49,49,completed,1
22100,Rigid,1388456,1388456,1388498,0,42,42,completed,1
22101,Rigid,1388456,1388456,1388498,0,42,42,completed,1
22102,Rigid,1388456,1388456,1388499,0,43,43,completed,1
22103,Rigid,1388456,1388456,1388498,0,42,42,completed,1
22104,Rigid,1388456,1388456,1388499,0,43,43,completed,1
22105,Rigid,1388456,1388456,1388495,0,39,39,completed,1
22106,Rigid,1388456,1388456,1388507,0,51,51,completed,1
22107,Rigid,1388456,1388456,1388500,0,44,44,completed,1
22108,Rigid,1388456,1388456,1388500,0,44,44,completed,1
22109,Rigid,1388456,1388456,1388498,0,42,42,completed,1
22110,Rigid,1388456,1388456,1388504,0,48,48,completed,1
22111,Rigid,1388456,1388456,1388507,0,51,51,completed,1
22112,Rigid,1388456,1388456,1388502,0,46,46,completed,1
22113,Rigid,1388456,1388460,1388504,4,44,48,completed,1
22114,Rigid,1388457,1388460,1388502,3,42,45,completed,1
22115,Rigid,1388457,1388460,1388500,3,40,43,completed,1
22116,Rigid,1388457,1388460,1388500,3,40,43,completed,1
22117,Rigid,1388457,1388460,1388498,3,38,41,completed,1
22118,Rigid,1388457,1388460,1388498,3,38,41,completed,1
22119,Rigid,1388457,1388460,1388498,3,38,41,completed,1
22120,Rigid,1388457,1388460,1388499,3,39,42,completed,1
22121,Rigid,1388457,1388460,1388504,3,44,47,completed,1
22122,Rigid,1388457,1388460,1388527,3,67,70,completed,1
22123,Rigid,1388458,1388460,1388498,2,38,40,completed,1
22124,Rigid,1388458,1388460,1388502,2,42,44,completed,1
22125,Rigid,1388458,1388460,1388500,2,40,42,completed,1
22126,Rigid,1388458,1388460,1388498,2,38,40,completed,1
22127,Rigid,1388458,1388460,1388499,2,39,41,completed,1
22128,Rigid,1388458,1388460,1388500,2,40,42,completed,1
22129,Rigid,1388458,1388460,1388498,2,38,40,completed,1
22130,Rigid,1388458,1388460,1388498,2,38,40,completed,1
22131,Rigid,1388458,1388460,1388498,2,38,40,completed,1
22132,Rigid,1388458,1388460,1388500,2,40,42,completed,1
22133,Rigid,1388458,1388460,1388504,2,44,46,completed,1
22134,Rigid,1388458,1388460,1388502,2,42,44,completed,1
22135,Rigid,1388458,1388460,1388498,2,38,40,completed,1
22136,Rigid,1388458,1388460,1388500,2,40,42,completed,1
22137,Rigid,1388458,1388460,1388498,2,38,40,completed,1
22138,Rigid,1388458,1388460,1388498,2,38,40,completed,1
22139,Rigid,1388458,1388460,1388500,2,40,42,completed,1
22140,Rigid,1388458,1388460,1388504,2,44,46,completed,1
22141,Rigid,1388458,1388460,1388504,2,44,46,completed,1
22142,Rigid,1388458,1388460,1388495,2,35,37,completed,1
22143,Rigid,1388458,1388460,1388495,2,35,37,completed,1
22144,Rigid,1388458,1388460,1388495,2,35,37,completed,1
22145,Rigid,1388458,1388460,1388495,2,35,37,completed,1
22146,Rigid,1388458,1388460,1388495,2,35,37,completed,1
22147,Rigid,1388458,1388460,1388495,2,35,37,completed,1
22148,Rigid,1388459,1388460,1388496,1,36,37,completed,1
22149,Rigid,1388459,1388460,1388495,1,35,36,completed,1
22150,Rigid,1388459,1388460,1388496,1,36,37,completed,1
22151,Rigid,1388459,1388460,1388495,1,35,36,completed,1
22152,Rigid,1388459,1388460,1388495,1,35,36,completed,1
22153,Rigid,1388459,1388460,1388496,1,36,37,completed,1
22154,Rigid,1388459,1388460,1388496,1,36,37,completed,1
22155,Rigid,1388459,1388460,1388496,1,36,37,completed,1
22156,Rigid,1388459,1388460,1388495,1,35,36,completed,1
22157,Rigid,1388459,1388460,1388495,1,35,36,completed,1
22158,Rigid,1388459,1388460,1388495,1,35,36,completed,1
22159,Rigid,1388549,1388549,1388589,0,40,40,completed,1
22160,Rigid,1388549,1388549,1388595,0,46,46,completed,1
22161,Rigid,1388549,1388549,1388589,0,40,40,completed,1
22162,Rigid,1388549,1388549,1388589,0,40,40,completed,1
22163,Rigid,1388549,1388549,1388589,0,40,40,completed,1
22164,Rigid,1388549,1388549,1388589,0,40,40,completed,1
22165,Rigid,1388549,1388549,1388589,0,40,40,completed,1
22166,Rigid,1388549,1388549,1388589,0,40,40,completed,1
22167,Rigid,1388549,1388554,1388590,5,36,41,completed,1
22168,Rigid,1388549,1388554,1388589,5,35,40,completed,1
22169,Rigid,1388549,1388554,1388590,5,36,41,completed,1
22170,Rigid,1388549,1388554,1388590,5,36,41,completed,1
22171,Rigid,1388549,1388554,1388590,5,36,41,completed,1
22172,Rigid,1388549,1388554,1388590,5,36,41,completed,1
22173,Rigid,1388549,1388554,1388591,5,37,42,completed,1
22174,Rigid,1388549,1388554,1388589,5,35,40,completed,1
22175,Rigid,1388549,1388554,1388590,5,36,41,completed,1
22176,Rigid,1388549,1388554,1388589,5,35,40,completed,1
22177,Rigid,1388549,1388554,1388589,5,35,40,completed,1
22178,Rigid,1388550,1388554,1388592,4,38,42,completed,1
22179,Rigid,1388550,1388554,1388589,4,35,39,completed,1
22180,Rigid,1388550,1388554,1388592,4,38,42,completed,1
22181,Rigid,1388550,1388554,1388591,4,37,41,completed,1
22182,Rigid,1388550,1388554,1388589,4,35,39,completed,1
22183,Rigid,1388550,1388554,1388589,4,35,39,completed,1
22184,Rigid,1388550,1388554,1388589,4,35,39,completed,1
22185,Rigid,1388550,1388554,1388590,4,36,40,completed,1
22186,Rigid,1388550,1388554,1388589,4,35,39,completed,1
22187,Rigid,1388550,1388554,1388591,4,37,41,completed,1
22188,Rigid,1388550,1388554,1388589,4,35,39,completed,1
22189,Rigid,1388550,1388554,1388592,4,38,42,completed,1
22190,Rigid,1388550,1388554,1388592,4,38,42,completed,1
22191,Rigid,1388550,1388554,1388589,4,35,39,completed,1
22192,Rigid,1388550,1388554,1388589,4,35,39,completed,1
22193,Rigid,1388550,1388554,1388594,4,40,44,completed,1
22194,Rigid,1388550,1388554,1388589,4,35,39,completed,1
22195,Rigid,1388550,1388554,1388593,4,39,43,completed,1
22196,Rigid,1388550,1388554,1388591,4,37,41,completed,1
22197,Rigid,1388550,1388554,1388593,4,39,43,completed,1
22198,Rigid,1388550,1388554,1388596,4,42,46,completed,1
22199,Rigid,1388550,1388554,1388590,4,36,40,completed,1
22200,Rigid,1388550,1388554,1388589,4,35,39,completed,1
22201,Rigid,1388550,1388554,1388590,4,36,40,completed,1
22202,Rigid,1388550,1388554,1388589,4,35,39,completed,1
22203,Rigid,1388550,1388554,1388589,4,35,39,completed,1
22204,Rigid,1388551,1388554,1388589,3,35,38,completed,1
22205,Rigid,1388551,1388554,1388592,3,38,41,completed,1
22206,Rigid,1388551,1388554,1388589,3,35,38,completed,1
22207,Rigid,1388551,1388554,1388590,3,36,39,completed,1
22208,Rigid,1388551,1388554,1388591,3,37,40,completed,1
22209,Rigid,1388551,1388554,1388593,3,39,42,completed,1
22210,Rigid,1388551,1388554,1388592,3,38,41,completed,1
22211,Rigid,1388551,1388554,1388589,3,35,38,completed,1
22212,Rigid,1388551,1388554,1388591,3,37,40,completed,1
22213,Rigid,1388551,1388554,1388589,3,35,38,completed,1
22214,Rigid,1388551,1388554,1388591,3,37,40,completed,1
22215,Rigid,1388551,1388554,1388589,3,35,38,completed,1
22216,Rigid,1388551,1388554,1388589,3,35,38,completed,1
22217,Rigid,1388551,1388554,1388590,3,36,39,completed,1
22218,Rigid,1388551,1388554,1388589,3,35,38,completed,1
22219,Rigid,1388551,1388554,1388589,3,35,38,completed,1
22220,Rigid,1388551,1388554,1388590,3,36,39,completed,1
22221,Rigid,1388551,1388554,1388592,3,38,41,completed,1
22222,Rigid,1388551,1388554,1388589,3,35,38,completed,1
22223,Rigid,1388551,1388554,1388590,3,36,39,completed,1
22224,Rigid,1388551,1388554,1388589,3,35,38,completed,1
22225,Rigid,1388552,1388554,1388589,2,35,37,completed,1
22226,Rigid,1388552,1388554,1388589,2,35,37,completed,1
22227,Rigid,1388552,1388554,1388593,2,39,41,completed,1
22228,Rigid,1388553,1388554,1388589,1,35,36,completed,1
22229,Rigid,1388553,1388554,1388591,1,37,38,completed,1
22230,Rigid,1388553,1388554,1388591,1,37,38,completed,1
22231,Rigid,1388553,1388554,1388589,1,35,36,completed,1
22232,Rigid,1388553,1388554,1388589,1,35,36,completed,1
22233,Rigid,1388553,1388554,1388591,1,37,38,completed,1
22234,Rigid,1388553,1388554,1388589,1,35,36,completed,1
22235,Rigid,1388553,1388554,1388589,1,35,36,completed,1
22236,Rigid,1388553,1388554,1388591,1,37,38,completed,1
22237,Rigid,1388553,1388554,1388589,1,35,36,completed,1
22238,Rigid,1388553,1388554,1388589,1,35,36,completed,1
22239,Rigid,1388553,1388554,1388589,1,35,36,completed,1
22240,Rigid,1388554,1388554,1388596,0,42,42,completed,1
22241,Rigid,1388554,1388554,1388589,0,35,35,completed,1
22242,Rigid,1388554,1388554,1388589,0,35,35,completed,1
22243,Rigid,1388554,1388554,1388596,0,42,42,completed,1
22244,Rigid,1388554,1388554,1388590,0,36,36,completed,1
22245,Rigid,1388554,1388554,1388589,0,35,35,completed,1
22246,Rigid,1388554,1388554,1388589,0,35,35,completed,1
22247,Rigid,1388554,1388558,1388593,4,35,39,completed,1
22248,Rigid,1388554,1388558,1388591,4,33,37,completed,1
22249,Rigid,1388554,1388558,1388592,4,34,38,completed,1
22250,Rigid,1388555,1388558,1388591,3,33,36,completed,1
22251,Rigid,1388555,1388558,1388597,3,39,42,completed,1
22252,Rigid,1388555,1388558,1388590,3,32,35,completed,1
22253,Rigid,1388555,1388558,1388591,3,33,36,completed,1
22254,Rigid,1388555,1388558,1388591,3,33,36,completed,1
22255,Rigid,1388556,1388558,1388590,2,32,34,completed,1
22256,Rigid,1388556,1388558,1388591,2,33,35,completed,1
22257,Rigid,1388556,1388558,1388592,2,34,36,completed,1
22258,Rigid,1388556,1388558,1388594,2,36,38,completed,1
22259,Rigid,1388556,1388558,1388589,2,31,33,completed,1
22260,Rigid,1388556,1388558,1388590,2,32,34,completed,1
22261,Rigid,1388556,1388558,1388593,2,35,37,completed,1
22262,Rigid,1388556,1388558,1388591,2,33,35,completed,1
22263,Rigid,1388556,1388558,1388612,2,54,56,completed,1
22264,Rigid,1388556,1388558,1388592,2,34,36,completed,1
22265,Rigid,1388556,1388558,1388591,2,33,35,completed,1
22266,Rigid,1388556,1388558,1388591,2,33,35,completed,1
22267,Rigid,1388556,1388558,1388589,2,31,33,completed,1
22268,Rigid,1388556,1388558,1388589,2,31,33,completed,1
22269,Rigid,1388556,1388558,1388590,2,32,34,completed,1
22270,Rigid,1388556,1388558,1388589,2,31,33,completed,1
22271,Rigid,1388556,1388558,1388589,2,31,33,completed,1
22272,Rigid,1388556,1388558,1388594,2,36,38,completed,1
22273,Rigid,1388556,1388558,1388589,2,31,33,completed,1
22274,Rigid,1388556,1388558,1388589,2,31,33,completed,1
22275,Rigid,1388556,1388558,1388589,2,31,33,completed,1
22276,Rigid,1388556,1388558,1388589,2,31,33,completed,1
22277,Rigid,1388556,1388558,1388590,2,32,34,completed,1
22278,Rigid,1388556,1388558,1388589,2,31,33,completed,1
22279,Rigid,1388556,1388558,1388589,2,31,33,completed,1
22280,Rigid,1388556,1388558,1388589,2,31,33,completed,1
22281,Rigid,1388556,1388558,1388589,2,31,33,completed,1
22282,Rigid,1388557,1388558,1388589,1,31,32,completed,1
22283,Rigid,1388557,1388558,1388589,1,31,32,completed,1
22284,Rigid,1388557,1388558,1388591,1,33,34,completed,1
22285,Rigid,1388557,1388558,1388591,1,33,34,completed,1
22286,Rigid,1388557,1388558,1388593,1,35,36,completed,1
22287,Rigid,1388557,1388558,1388589,1,31,32,completed,1
22288,Rigid,1388557,1388558,1388589,1,31,32,completed,1
22289,Rigid,1388557,1388558,1388589,1,31,32,completed,1
22290,Rigid,1388627,1388628,1388669,1,41,42,completed,1
22291,Rigid,1388627,1388628,1388664,1,36,37,completed,1
22292,Rigid,1388627,1388628,1388663,1,35,36,completed,1
22293,Rigid,1388627,1388628,1388665,1,37,38,completed,1
22294,Rigid,1388627,1388628,1388664,1,36,37,completed,1
22295,Rigid,1388627,1388628,1388660,1,32,33,completed,1
22296,Rigid,1388627,1388628,1388663,1,35,36,completed,1
22297,Rigid,1388627,1388628,1388671,1,43,44,completed,1
22298,Rigid,1388627,1388628,1388661,1,33,34,completed,1
22299,Rigid,1388627,1388628,1388661,1,33,34,completed,1
22300,Rigid,1388627,1388628,1388659,1,31,32,completed,1
22301,Rigid,1388627,1388628,1388663,1,35,36,completed,1
22302,Rigid,1388628,1388628,1388667,0,39,39,completed,1
22303,Rigid,1388628,1388632,1388664,4,32,36,completed,1
22304,Rigid,1388628,1388632,1388661,4,29,33,completed,1
22305,Rigid,1388628,1388632,1388666,4,34,38,completed,1
22306,Rigid,1388628,1388632,1388664,4,32,36,completed,1
22307,Rigid,1388628,1388632,1388663,4,31,35,completed,1
22308,Rigid,1388628,1388632,1388662,4,30,34,completed,1
22309,Rigid,1388628,1388632,1388665,4,33,37,completed,1
22310,Rigid,1388628,1388632,1388663,4,31,35,completed,1
22311,Rigid,1388628,1388632,1388665,4,33,37,completed,1
22312,Rigid,1388628,1388632,1388668,4,36,40,completed,1
22313,Rigid,1388628,1388632,1388665,4,33,37,completed,1
22314,Rigid,1388628,1388632,1388671,4,39,43,completed,1
22315,Rigid,1388628,1388632,1388663,4,31,35,completed,1
22316,Rigid,1388628,1388632,1388670,4,38,42,completed,1
22317,Rigid,1388629,1388632,1388664,3,32,35,completed,1
22318,Rigid,1388629,1388632,1388663,3,31,34,completed,1
22319,Rigid,1388629,1388632,1388666,3,34,37,completed,1
22320,Rigid,1388629,1388632,1388663,3,31,34,completed,1
22321,Rigid,1388629,1388632,1388672,3,40,43,completed,1
22322,Rigid,1388629,1388632,1388662,3,30,33,completed,1
22323,Rigid,1388629,1388632,1388664,3,32,35,completed,1
22324,Rigid,1388629,1388632,1388661,3,29,32,completed,1
22325,Rigid,1388629,1388632,1388672,3,40,43,completed,1
22326,Rigid,1388629,1388632,1388664,3,32,35,completed,1
22327,Rigid,1388629,1388632,1388666,3,34,37,completed,1
22328,Rigid,1388629,1388632,1388666,3,34,37,completed,1
22329,Rigid,1388629,1388632,1388666,3,34,37,completed,1
22330,Rigid,1388629,1388632,1388663,3,31,34,completed,1
22331,Rigid,1388629,1388632,1388662,3,30,33,completed,1
22332,Rigid,1388629,1388632,1388660,3,28,31,completed,1
22333,Rigid,1388629,1388632,1388666,3,34,37,completed,1
22334,Rigid,1388629,1388632,1388664,3,32,35,completed,1
22335,Rigid,1388629,1388632,1388672,3,40,43,completed,1
22336,Rigid,1388629,1388632,1388664,3,32,35,completed,1
22337,Rigid,1388629,1388632,1388663,3,31,34,completed,1
22338,Rigid,1388629,1388632,1388662,3,30,33,completed,1
22339,Rigid,1388629,1388632,1388665,3,33,36,completed,1
22340,Rigid,1388629,1388632,1388666,3,34,37,completed,1
22341,Rigid,1388629,1388632,1388666,3,34,37,completed,1
22342,Rigid,1388629,1388632,1388664,3,32,35,completed,1
22343,Rigid,1388630,1388632,1388666,2,34,36,completed,1
22344,Rigid,1388630,1388632,1388665,2,33,35,completed,1
22345,Rigid,1388630,1388632,1388668,2,36,38,completed,1
22346,Rigid,1388630,1388632,1388661,2,29,31,completed,1
22347,Rigid,1388630,1388632,1388663,2,31,33,completed,1
22348,Rigid,1388630,1388632,1388662,2,30,32,completed,1
22349,Rigid,1388630,1388632,1388668,2,36,38,completed,1
22350,Rigid,1388630,1388632,1388668,2,36,38,completed,1
22351,Rigid,1388630,1388632,1388664,2,32,34,completed,1
22352,Rigid,1388630,1388632,1388666,2,34,36,completed,1
22353,Rigid,1388631,1388632,1388668,1,36,37,completed,1
22354,Rigid,1388631,1388632,1388664,1,32,33,completed,1
22355,Rigid,1388631,1388632,1388660,1,28,29,completed,1
22356,Rigid,1388631,1388632,1388661,1,29,30,completed,1
22357,Rigid,1388631,1388632,1388662,1,30,31,completed,1
22358,Rigid,1388631,1388632,1388674,1,42,43,completed,1
22359,Rigid,1388631,1388632,1388660,1,28,29,completed,1
22360,Rigid,1388631,1388632,1388689,1,57,58,completed,1
22361,Rigid,1388631,1388632,1388664,1,32,33,completed,1
22362,Rigid,1388631,1388632,1388657,1,25,26,completed,1
22363,Rigid,1388631,1388632,1388662,1,30,31,completed,1
22364,Rigid,1388631,1388632,1388662,1,30,31,completed,1
22365,Rigid,1388631,1388632,1388659,1,27,28,completed,1
22366,Rigid,1388631,1388632,1388662,1,30,31,completed,1
22367,Rigid,1388631,1388632,1388662,1,30,31,completed,1
22368,Rigid,1388631,1388632,1388662,1,30,31,completed,1
22369,Rigid,1388631,1388632,1388659,1,27,28,completed,1
22370,Rigid,1388631,1388632,1388667,1,35,36,completed,1
22371,Rigid,1388632,1388632,1388668,0,36,36,completed,1
22372,Rigid,1388632,1388636,1388669,4,33,37,completed,1
22373,Rigid,1388632,1388636,1388676,4,40,44,completed,1
22374,Rigid,1388632,1388636,1388669,4,33,37,completed,1
22375,Rigid,1388632,1388636,1388670,4,34,38,completed,1
22376,Rigid,1388632,1388636,1388668,4,32,36,completed,1
22377,Rigid,1388632,1388636,1388669,4,33,37,completed,1
22378,Rigid,1388633,1388636,1388670,3,34,37,completed,1
22379,Rigid,1388633,1388636,1388669,3,33,36,completed,1
22380,Rigid,1388633,1388636,1388668,3,32,35,completed,1
22381,Rigid,1388633,1388636,1388670,3,34,37,completed,1
22382,Rigid,1388633,1388636,1388671,3,35,38,completed,1
22383,Rigid,1388633,1388636,1388667,3,31,34,completed,1
22384,Rigid,1388633,1388636,1388667,3,31,34,completed,1
22385,Rigid,1388633,1388636,1388669,3,33,36,completed,1
22386,Rigid,1388633,1388636,1388667,3,31,34,completed,1
22387,Rigid,1388633,1388636,1388670,3,34,37,completed,1
22388,Rigid,1388633,1388636,1388667,3,31,34,completed,1
22389,Rigid,1388634,1388636,1388667,2,31,33,completed,1
22390,Rigid,1388634,1388636,1388667,2,31,33,completed,1
22391,Rigid,1388634,1388636,1388668,2,32,34,completed,1
22392,Rigid,1388634,1388636,1388668,2,32,34,completed,1
22393,Rigid,1388634,1388636,1388667,2,31,33,completed,1
22394,Rigid,1388634,1388636,1388671,2,35,37,completed,1
22395,Rigid,1388634,1388636,1388672,2,36,38,completed,1
22396,Rigid,1388634,1388636,1388669,2,33,35,completed,1
22397,Rigid,1388634,1388636,1388669,2,33,35,completed,1
22398,Rigid,1388634,1388636,1388670,2,34,36,completed,1
22399,Rigid,1388634,1388636,1388667,2,31,33,completed,1
22400,Rigid,1388635,1388636,1388667,1,31,32,completed,1
22401,Rigid,1388635,1388636,1388667,1,31,32,completed,1
22402,Rigid,1388635,1388636,1388672,1,36,37,completed,1
22403,Rigid,1388635,1388636,1388670,1,34,35,completed,1
22404,Rigid,1388635,1388636,1388671,1,35,36,completed,1
22405,Rigid,1388635,1388636,1388667,1,31,32,completed,1
22406,Rigid,1388635,1388636,1388669,1,33,34,completed,1
22407,Rigid,1388635,1388636,1388667,1,31,32,completed,1
22408,Rigid,1388635,1388636,1388672,1,36,37,completed,1
22409,Rigid,1388635,1388636,1388669,1,33,34,completed,1
22410,Rigid,1388635,1388636,1388670,1,34,35,completed,1
22411,Rigid,1388635,1388636,1388670,1,34,35,completed,1
22412,Rigid,1388635,1388636,1388671,1,35,36,completed,1
22413,Rigid,1388635,1388636,1388664,1,28,29,completed,1
22414,Rigid,1388635,1388636,1388667,1,31,32,completed,1
22415,Rigid,1388635,1388636,1388670,1,34,35,completed,1
22416,Rigid,1388635,1388636,1388670,1,34,35,completed,1
22417,Rigid,1388635,1388636,1388669,1,33,34,completed,1
22418,Rigid,1388635,1388636,1388671,1,35,36,completed,1
22419,Rigid,1388635,1388636,1388672,1,36,37,completed,1
22420,Rigid,1388635,1388636,1388667,1,31,32,completed,1
22421,Rigid,1388635,1388636,1388669,1,33,34,completed,1
22422,Rigid,1388635,1388636,1388669,1,33,34,completed,1
22423,Rigid,1388635,1388636,1388669,1,33,34,completed,1
22424,Rigid,1388636,1388636,1388671,0,35,35,completed,1
22425,Rigid,1388636,1388636,1388668,0,32,32,completed,1
22426,Rigid,1388636,1388636,1388673,0,37,37,completed,1
22427,Rigid,1388636,1388636,1388667,0,31,31,completed,1
22428,Rigid,1388636,1388636,1388668,0,32,32,completed,1
22429,Rigid,1388636,1388636,1388670,0,34,34,completed,1
22430,Rigid,1388636,1388636,1388671,0,35,35,completed,1
22431,Rigid,1388636,1388636,1388668,0,32,32,completed,1
22432,Rigid,1388636,1388636,1388667,0,31,31,completed,1
22433,Rigid,1388636,1388636,1388667,0,31,31,completed,1
22434,Rigid,1388636,1388636,1388659,0,23,23,completed,1
22435,Rigid,1388636,1388636,1388657,0,21,21,completed,1
22436,Rigid,1388636,1388640,1388673,4,33,37,completed,1
22437,Rigid,1388636,1388640,1388673,4,33,37,completed,1
22438,Rigid,1388636,1388640,1388673,4,33,37,completed,1
22439,Rigid,1388636,1388640,1388674,4,34,38,completed,1
22440,Rigid,1388636,1388640,1388673,4,33,37,completed,1
22441,Rigid,1388636,1388640,1388673,4,33,37,completed,1
22442,Rigid,1388715,1388715,1389087,0,372,372,completed,1
22443,Rigid,1388715,1388715,1389089,0,374,374,completed,1
22444,Rigid,1388715,1388715,1389074,0,359,359,completed,1
22445,Rigid,1388715,1388715,1389091,0,376,376,completed,1
22446,Rigid,1388715,1388715,1389082,0,367,367,completed,1
22447,Rigid,1388715,1388715,1389062,0,347,347,completed,1
22448,Rigid,1388715,1388715,1389087,0,372,372,completed,1
22449,Rigid,1388715,1388715,1389077,0,362,362,completed,1
22450,Rigid,1388715,1388715,1389067,0,352,352,completed,1
22451,Rigid,1388715,1388715,1389088,0,373,373,completed,1
22452,Rigid,1388715,1388715,1389049,0,334,334,completed,1
22453,Rigid,1388715,1388715,1389042,0,327,327,completed,1
22454,Rigid,1388715,1388715,1389090,0,375,375,completed,1
22455,Rigid,1388715,1388719,1389074,4,355,359,completed,1
22456,Rigid,1388715,1388719,1389093,4,374,378,completed,1
22457,Rigid,1388715,1388719,1389042,4,323,327,completed,1
22458,Rigid,1388715,1388719,1389063,4,344,348,completed,1
22459,Rigid,1388715,1388719,1389089,4,370,374,completed,1
22460,Rigid,1388715,1388719,1389082,4,363,367,completed,1
22461,Rigid,1388716,1388719,1389072,3,353,356,completed,1
22462,Rigid,1388716,1388719,1389089,3,370,373,completed,1
22463,Rigid,1388716,1388719,1389043,3,324,327,completed,1
22464,Rigid,1388716,1388719,1389072,3,353,356,completed,1
22465,Rigid,1388716,1388719,1389091,3,372,375,completed,1
22466,Rigid,1388716,1388719,1389052,3,333,336,completed,1
22467,Rigid,1388716,1388719,1389049,3,330,333,completed,1
22468,Rigid,1388716,1388719,1389083,3,364,367,completed,1
22469,Rigid,1388716,1388719,1389087,3,368,371,completed,1
22470,Rigid,1388716,1388719,1389056,3,337,340,completed,1
22471,Rigid,1388716,1388719,1389059,3,340,343,completed,1
22472,Rigid,1388716,1388719,1389043,3,324,327,completed,1
22473,Rigid,1388716,1388719,1389040,3,321,324,completed,1
22474,Rigid,1388716,1388719,1389074,3,355,358,completed,1
22475,Rigid,1388716,1388719,1389037,3,318,321,completed,1
22476,Rigid,1388716,1388719,1389068,3,349,352,completed,1
22477,Rigid,1388901,1388902,1389353,1,451,452,completed,36
22478,Rigid,1389112,1389113,1389365,1,252,253,completed,1
22479,Rigid,1389112,1389113,1389372,1,259,260,completed,1
22480,Rigid,1389112,1389113,1389365,1,252,253,completed,1
22481,Rigid,1389112,1389113,1389348,1,235,236,completed,1
22482,Rigid,1389112,1389113,1389339,1,226,227,completed,1
22483,Rigid,1389112,1389113,1389353,1,240,241,completed,1
22484,Rigid,1389112,1389113,1389385,1,272,273,completed,1
22485,Rigid,1389112,1389113,1389350,1,237,238,completed,1
22486,Rigid,1389112,1389113,1389327,1,214,215,completed,1
22487,Rigid,1389112,1389113,1389363,1,250,251,completed,1
22488,Rigid,1389112,1389113,1389341,1,228,229,completed,1
22489,Rigid,1389112,1389113,1389360,1,247,248,completed,1
22490,Rigid,1389112,1389113,1389327,1,214,215,completed,1
22491,Rigid,1389112,1389113,1389372,1,259,260,completed,1
22492,Rigid,1389112,1389113,1389349,1,236,237,completed,1
22493,Rigid,1389112,1389113,1389361,1,248,249,completed,1
22494,Rigid,1389112,1389113,1389325,1,212,213,completed,1
22495,Rigid,1389113,1389113,1389373,0,260,260,completed,1
22496,Rigid,1389113,1389113,1389368,0,255,255,completed,1
22497,Rigid,1389113,1389113,1389340,0,227,227,completed,1
22498,Rigid,1389113,1389117,1389368,4,251,255,completed,1
22499,Rigid,1389113,1389117,1389351,4,234,238,completed,1
22500,Rigid,1389113,1389117,1389312,4,195,199,completed,1
22501,Rigid,1389114,1389117,1389338,3,221,224,completed,1
22502,Rigid,1389114,1389117,1389340,3,223,226,completed,1
22503,Rigid,1389114,1389117,1389364,3,247,250,completed,1
22504,Rigid,1389114,1389117,1389339,3,222,225,completed,1
22505,Rigid,1389114,1389117,1389351,3,234,237,completed,1
22506,Rigid,1389114,1389117,1389325,3,208,211,completed,1
22507,Rigid,1389114,1389117,1389365,3,248,251,completed,1
22508,Rigid,1389114,1389117,1389340,3,223,226,completed,1
22509,Rigid,1389114,1389117,1389333,3,216,219,completed,1
22510,Rigid,1389114,1389117,1389345,3,228,231,completed,1
22511,Rigid,1389114,1389117,1389372,3,255,258,completed,1
22512,Rigid,1389114,1389117,1389335,3,218,221,completed,1
22513,Rigid,1389114,1389117,1389350,3,233,236,completed,1
22514,Rigid,1389114,1389117,1389349,3,232,235,completed,1
22515,Rigid,1389114,1389117,1389312,3,195,198,completed,1
22516,Rigid,1389114,1389117,1389331,3,214,217,completed,1
22517,Rigid,1389114,1389117,1389339,3,222,225,completed,1
22518,Rigid,1389114,1389117,1389350,3,233,236,completed,1
22519,Rigid,1389114,1389117,1389359,3,242,245,completed,1
22520,Rigid,1389114,1389117,1389359,3,242,245,completed,1
22521,Rigid,1389114,1389117,1389324,3,207,210,completed,1
22522,Rigid,1389114,1389117,1389313,3,196,199,completed,1
22523,Rigid,1389114,1389117,1389316,3,199,202,completed,1
22524,Rigid,1389114,1389117,1389353,3,236,239,completed,1
22525,Rigid,1389114,1389117,1389363,3,246,249,completed,1
22526,Rigid,1389114,1389117,1389353,3,236,239,completed,1
22527,Rigid,1389114,1389117,1389352,3,235,238,completed,1
22528,Rigid,1389114,1389117,1389354,3,237,240,completed,1
22529,Rigid,1389114,1389117,1389335,3,218,221,completed,1
22530,Rigid,1389114,1389117,1389327,3,210,213,completed,1
22531,Rigid,1389114,1389117,1389363,3,246,249,completed,1
22532,Rigid,1389115,1389117,1389169,2,52,54,completed,1
22533,Rigid,1389115,1389117,1389169,2,52,54,completed,1
22534,Rigid,1389115,1389117,1389171,2,54,56,completed,1
22535,Rigid,1389115,1389117,1389364,2,247,249,completed,1
22536,Rigid,1389115,1389117,1389342,2,225,227,completed,1
22537,Rigid,1389115,1389117,1389363,2,246,248,completed,1
22538,Rigid,1389115,1389117,1389358,2,241,243,completed,1
22539,Rigid,1389115,1389117,1389360,2,243,245,completed,1
22540,Rigid,1389115,1389117,1389361,2,244,246,completed,1
22541,Rigid,1389115,1389117,1389314,2,197,199,completed,1
22542,Rigid,1389115,1389117,1389349,2,232,234,completed,1
22543,Rigid,1389115,1389117,1389324,2,207,209,completed,1
22544,Rigid,1389115,1389117,1389332,2,215,217,completed,1
22545,Rigid,1389115,1389117,1389319,2,202,204,completed,1
22546,Rigid,1389115,1389117,1389341,2,224,226,completed,1
22547,Rigid,1389115,1389117,1389347,2,230,232,completed,1
22548,Rigid,1389115,1389117,1389360,2,243,245,completed,1
22549,Rigid,1389115,1389117,1389343,2,226,228,completed,1
22550,Rigid,1389115,1389117,1389331,2,214,216,completed,1
22551,Rigid,1389115,1389117,1389334,2,217,219,completed,1
22552,Rigid,1389115,1389117,1389359,2,242,244,completed,1
22553,Rigid,1389424,1389424,1390601,0,1177,1177,completed,36
22554,Rigid,1389482,1389482,1392068,0,2586,2586,completed,36
22555,Rigid,1389536,1389536,1389557,0,21,21,completed,36
22556,Rigid,1389595,1389595,1391630,0,2035,2035,completed,36
22557,Rigid,1389617,1389618,1389678,1,60,61,completed,36
22558,Rigid,1389864,1389864,1391626,0,1762,1762,completed,36
22559,Rigid,1390075,1390078,1398219,3,8141,8144,completed,144
22560,Rigid,1390136,1390137,1390958,1,821,822,completed,36
22561,Rigid,1390226,1390227,1390577,1,350,351,completed,72
22562,Rigid,1390378,1390379,1390395,1,16,17,completed,36
22563,Rigid,1390676,1390677,1390696,1,19,20,completed,72
22564,Rigid,1390776,1390778,1390790,2,12,14,completed,72
22565,Rigid,1390802,1390802,1390885,0,83,83,completed,144
22566,Rigid,1390894,1390894,1390917,0,23,23,completed,144
22567,Rigid,1390998,1390998,1391410,0,412,412,completed,144
22568,Rigid,1391027,1391027,1393206,0,2179,2179,completed,144
22569,Rigid,1391027,1391027,1393219,0,2192,2192,completed,144
22570,Rigid,1391027,1391027,1393180,0,2153,2153,completed,144
22571,Rigid,1391027,1391027,1393193,0,2166,2166,completed,144
22572,Rigid,1391027,1391027,1393175,0,2148,2148,completed,144
22573,Rigid,1391027,1391027,1393178,0,2151,2151,completed,144
22574,Rigid,1391027,1391418,1393555,391,2137,2528,completed,144
22575,Rigid,1391027,1391674,1393811,647,2137,2784,completed,144
22576,Rigid,1391027,1393177,1395321,2150,2144,4294,completed,144
22577,Rigid,1391027,1393179,1395342,2152,2163,4315,completed,144
22578,Rigid,1391027,1393181,1395354,2154,2173,4327,completed,144
22579,Rigid,1391027,1393195,1395347,2168,2152,4320,completed,144
22580,Rigid,1391027,1393208,1395368,2181,2160,4341,completed,144
22581,Rigid,1391027,1393220,1395378,2193,2158,4351,completed,144
22582,Rigid,1391027,1393266,1395425,2239,2159,4398,completed,144
22583,Rigid,1391027,1393266,1395399,2239,2133,4372,completed,144
22584,Rigid,1391508,1393266,1394183,1758,917,2675,completed,72
22585,Rigid,1392194,1393191,1393222,997,31,1028,completed,36
22586,Rigid,1392302,1393266,1473914,964,80648,81612,completed,108
22587,Rigid,1392620,1392650,1473903,30,81253,81283,completed,24
22588,Rigid,1393265,1395326,1544565,2061,149239,151300,completed,756
22589,Rigid,1394888,1394889,1395319,1,430,431,completed,72
22590,Rigid,1395098,1395099,1395100,1,1,2,completed,1
22591,Rigid,1395099,1395099,1395109,0,10,10,completed,1
22592,Rigid,1395099,1395099,1395109,0,10,10,completed,1
22593,Rigid,1395108,1395109,1395113,1,4,5,completed,1
22594,Rigid,1395108,1395109,1395113,1,4,5,completed,1
22595,Rigid,1395108,1395109,1395113,1,4,5,completed,1
22596,Rigid,1395108,1395109,1395113,1,4,5,completed,1
22597,Rigid,1395139,1395139,1395142,0,3,3,completed,1
22598,Rigid,1395139,1395139,1395142,0,3,3,completed,1
22599,Rigid,1395139,1395139,1395142,0,3,3,completed,1
22600,Rigid,1395139,1395143,1395146,4,3,7,completed,1
22601,Rigid,1395159,1395160,1395161,1,1,2,completed,1
22602,Rigid,1395160,1395160,1395169,0,9,9,completed,1
22603,Rigid,1395160,1395160,1395162,0,2,2,completed,1
22604,Rigid,1395160,1395163,1395170,3,7,10,completed,1
22605,Rigid,1395160,1395163,1395172,3,9,12,completed,1
22606,Rigid,1395357,1395358,1395374,1,16,17,completed,72
22607,Rigid,1395619,1395619,1395630,0,11,11,completed,144
22608,Rigid,1395619,1395619,1395631,0,12,12,completed,144
22609,Rigid,1395619,1395619,1395630,0,11,11,completed,144
22610,Rigid,1395619,1395619,1395631,0,12,12,completed,144
22611,Rigid,1395619,1395619,1395630,0,11,11,completed,144
22612,Rigid,1395650,1395651,1395830,1,179,180,completed,144
22613,Rigid,1395650,1395651,1395830,1,179,180,completed,144
22614,Rigid,1395651,1395651,1395830,0,179,179,completed,144
22615,Rigid,1395651,1395651,1395830,0,179,179,completed,144
22616,Rigid,1395651,1395651,1395830,0,179,179,completed,144
22617,Rigid,1395873,1395873,1453578,0,57705,57705,completed,144
22618,Rigid,1395873,1395874,1450025,1,54151,54152,completed,144
22619,Rigid,1395873,1395874,1456875,1,61001,61002,completed,144
22620,Rigid,1395873,1395874,1448507,1,52633,52634,completed,144
22621,Rigid,1395873,1395874,1449395,1,53521,53522,completed,144
22622,Rigid,1396168,1396169,1478863,1,82694,82695,completed,72
22623,Rigid,1397369,1397370,1491992,1,94622,94623,completed,72
22624,Rigid,1397422,1397422,1478878,0,81456,81456,completed,144
22625,Rigid,1397488,1397488,1397539,0,51,51,completed,144
22626,Rigid,1397550,1397551,1478853,1,81302,81303,completed,144
22627,Rigid,1397580,1397581,1488962,1,91381,91382,completed,144
22628,Rigid,1397888,1397889,1397907,1,18,19,completed,72
22629,Rigid,1397951,1397952,1397969,1,17,18,completed,72
22630,Rigid,1399156,1399156,1399833,0,677,677,completed,36
22631,Rigid,1399157,1399160,1399838,3,678,681,completed,36
22632,Rigid,1399158,1399160,1399838,2,678,680,completed,36
22633,Rigid,1399159,1399160,1399837,1,677,678,completed,36
22634,Rigid,1399160,1399160,1399835,0,675,675,completed,36
22635,Rigid,1399161,1399164,1399842,3,678,681,completed,36
22636,Rigid,1399162,1399199,1399875,37,676,713,completed,36
22637,Rigid,1399162,1399199,1399874,37,675,712,completed,36
22638,Rigid,1399163,1399835,1400514,672,679,1351,completed,36
22639,Rigid,1399164,1399837,1400516,673,679,1352,completed,36
22640,Rigid,1399165,1399839,1400514,674,675,1349,completed,36
22641,Rigid,1399166,1399840,1400516,674,676,1350,completed,36
22642,Rigid,1399167,1399840,1400515,673,675,1348,completed,36
22643,Rigid,1399168,1399843,1400519,675,676,1351,completed,36
22644,Rigid,1399169,1399875,1400555,706,680,1386,completed,36
22645,Rigid,1399170,1399876,1400554,706,678,1384,completed,36
22646,Rigid,1400995,1400995,1404104,0,3109,3109,completed,36
22647,Rigid,1406898,1406899,1406925,1,26,27,completed,288
22648,Rigid,1407206,1407207,1407654,1,447,448,completed,288
22649,Rigid,1407448,1407448,1407506,0,58,58,completed,2
22650,Rigid,1407448,1407452,1407506,4,54,58,completed,2
22651,Rigid,1407448,1407452,1407467,4,15,19,completed,2
22652,Rigid,1407448,1407452,1407465,4,13,17,completed,2
22653,Rigid,1407448,1407452,1407506,4,54,58,completed,2
22654,Rigid,1407448,1407452,1407507,4,55,59,completed,2
22655,Rigid,1407448,1407452,1407507,4,55,59,completed,2
22656,Rigid,1407448,1407452,1407465,4,13,17,completed,2
22657,Rigid,1407448,1407452,1407506,4,54,58,completed,2
22658,Rigid,1407448,1407452,1407467,4,15,19,completed,2
22659,Rigid,1407448,1407452,1407465,4,13,17,completed,2
22660,Rigid,1407449,1407452,1407507,3,55,58,completed,2
22661,Rigid,1407449,1407452,1407508,3,56,59,completed,2
22662,Rigid,1407449,1407452,1407467,3,15,18,completed,2
22663,Rigid,1407449,1407452,1407465,3,13,16,completed,2
22664,Rigid,1407449,1407452,1407507,3,55,58,completed,2
22665,Rigid,1407449,1407452,1407507,3,55,58,completed,2
22666,Rigid,1407449,1407452,1407507,3,55,58,completed,2
22667,Rigid,1407449,1407452,1407465,3,13,16,completed,2
22668,Rigid,1407449,1407452,1407506,3,54,57,completed,2
22669,Rigid,1407449,1407452,1407467,3,15,18,completed,2
22670,Rigid,1407449,1407452,1407507,3,55,58,completed,2
22671,Rigid,1407449,1407452,1407507,3,55,58,completed,2
22672,Rigid,1407449,1407452,1407507,3,55,58,completed,2
22673,Rigid,1407449,1407452,1407467,3,15,18,completed,2
22674,Rigid,1407449,1407452,1407465,3,13,16,completed,2
22675,Rigid,1407449,1407452,1407506,3,54,57,completed,2
22676,Rigid,1407449,1407452,1407506,3,54,57,completed,2
22677,Rigid,1407449,1407452,1407508,3,56,59,completed,2
22678,Rigid,1407449,1407452,1407465,3,13,16,completed,2
22679,Rigid,1407449,1407452,1407467,3,15,18,completed,2
22680,Rigid,1407449,1407452,1407506,3,54,57,completed,2
22681,Rigid,1407450,1407452,1407507,2,55,57,completed,2
22682,Rigid,1407450,1407452,1407467,2,15,17,completed,2
22683,Rigid,1407450,1407452,1407467,2,15,17,completed,2
22684,Rigid,1407450,1407452,1407507,2,55,57,completed,2
22685,Rigid,1407450,1407452,1407465,2,13,15,completed,2
22686,Rigid,1407450,1407452,1407506,2,54,56,completed,2
22687,Rigid,1407450,1407452,1407506,2,54,56,completed,2
22688,Rigid,1407450,1407452,1407506,2,54,56,completed,2
22689,Rigid,1407512,1407512,1407518,0,6,6,completed,2
22690,Rigid,1407522,1407522,1407532,0,10,10,completed,2
22691,Rigid,1407562,1407562,1407566,0,4,4,completed,2
22692,Rigid,1407562,1407562,1407567,0,5,5,completed,2
22693,Rigid,1407562,1407562,1407567,0,5,5,completed,2
22694,Rigid,1407562,1407562,1407567,0,5,5,completed,2
22695,Rigid,1407562,1407562,1407567,0,5,5,completed,2
22696,Rigid,1407562,1407562,1407567,0,5,5,completed,2
22697,Rigid,1407562,1407562,1407567,0,5,5,completed,2
22698,Rigid,1407562,1407562,1407567,0,5,5,completed,2
22699,Rigid,1407562,1407562,1407567,0,5,5,completed,2
22700,Rigid,1407562,1407562,1407567,0,5,5,completed,2
22701,Rigid,1407562,1407562,1407567,0,5,5,completed,2
22702,Rigid,1407562,1407562,1407566,0,4,4,completed,2
22703,Rigid,1407562,1407566,1407570,4,4,8,completed,2
22704,Rigid,1407562,1407566,1407570,4,4,8,completed,2
22705,Rigid,1407562,1407566,1407572,4,6,10,completed,2
22706,Rigid,1407562,1407566,1407571,4,5,9,completed,2
22707,Rigid,1407562,1407566,1407571,4,5,9,completed,2
22708,Rigid,1407562,1407566,1407571,4,5,9,completed,2
22709,Rigid,1407562,1407566,1407571,4,5,9,completed,2
22710,Rigid,1407562,1407566,1407571,4,5,9,completed,2
22711,Rigid,1407562,1407562,1407608,0,46,46,completed,2
22712,Rigid,1407562,1407562,1407596,0,34,34,completed,2
22713,Rigid,1407562,1407562,1407606,0,44,44,completed,2
22714,Rigid,1407562,1407566,1407593,4,27,31,completed,2
22715,Rigid,1407562,1407566,1407605,4,39,43,completed,2
22716,Rigid,1407563,1407566,1407571,3,5,8,completed,2
22717,Rigid,1407563,1407566,1407571,3,5,8,completed,2
22718,Rigid,1407563,1407566,1407571,3,5,8,completed,2
22719,Rigid,1407563,1407566,1407571,3,5,8,completed,2
22720,Rigid,1407563,1407566,1407571,3,5,8,completed,2
22721,Rigid,1407563,1407566,1407571,3,5,8,completed,2
22722,Rigid,1407563,1407566,1407572,3,6,9,completed,2
22723,Rigid,1407563,1407566,1407571,3,5,8,completed,2
22724,Rigid,1407563,1407566,1407571,3,5,8,completed,2
22725,Rigid,1407563,1407566,1407571,3,5,8,completed,2
22726,Rigid,1407563,1407566,1407571,3,5,8,completed,2
22727,Rigid,1407563,1407566,1407571,3,5,8,completed,2
22728,Rigid,1407563,1407566,1407601,3,35,38,completed,2
22729,Rigid,1407563,1407566,1407605,3,39,42,completed,2
22730,Rigid,1407563,1407566,1407597,3,31,34,completed,2
22731,Rigid,1407564,1407566,1407571,2,5,7,completed,2
22732,Rigid,1407564,1407566,1407571,2,5,7,completed,2
22733,Rigid,1407564,1407566,1407571,2,5,7,completed,2
22734,Rigid,1407564,1407566,1407571,2,5,7,completed,2
22735,Rigid,1407564,1407566,1407571,2,5,7,completed,2
22736,Rigid,1407564,1407566,1407571,2,5,7,completed,2
22737,Rigid,1407564,1407566,1407571,2,5,7,completed,2
22738,Rigid,1407564,1407566,1407572,2,6,8,completed,2
22739,Rigid,1407564,1407566,1407571,2,5,7,completed,2
22740,Rigid,1407564,1407566,1407571,2,5,7,completed,2
22741,Rigid,1407564,1407566,1407571,2,5,7,completed,2
22742,Rigid,1407564,1407566,1407571,2,5,7,completed,2
22743,Rigid,1407564,1407566,1407572,2,6,8,completed,2
22744,Rigid,1407564,1407566,1407572,2,6,8,completed,2
22745,Rigid,1407564,1407566,1407572,2,6,8,completed,2
22746,Rigid,1407564,1407566,1407572,2,6,8,completed,2
22747,Rigid,1407564,1407566,1407572,2,6,8,completed,2
22748,Rigid,1407564,1407566,1407572,2,6,8,completed,2
22749,Rigid,1407564,1407566,1407572,2,6,8,completed,2
22750,Rigid,1407564,1407566,1407573,2,7,9,completed,2
22751,Rigid,1407564,1407566,1407572,2,6,8,completed,2
22752,Rigid,1407564,1407566,1407572,2,6,8,completed,2
22753,Rigid,1407564,1407566,1407572,2,6,8,completed,2
22754,Rigid,1407564,1407566,1407572,2,6,8,completed,2
22755,Rigid,1407564,1407566,1407572,2,6,8,completed,2
22756,Rigid,1407564,1407566,1407572,2,6,8,completed,2
22757,Rigid,1407564,1407566,1407605,2,39,41,completed,2
22758,Rigid,1407564,1407566,1407601,2,35,37,completed,2
22759,Rigid,1407565,1407566,1407572,1,6,7,completed,2
22760,Rigid,1407565,1407566,1407572,1,6,7,completed,2
22761,Rigid,1407565,1407566,1407572,1,6,7,completed,2
22762,Rigid,1407565,1407566,1407572,1,6,7,completed,2
22763,Rigid,1407565,1407566,1407572,1,6,7,completed,2
22764,Rigid,1407565,1407566,1407572,1,6,7,completed,2
22765,Rigid,1407565,1407566,1407573,1,7,8,completed,2
22766,Rigid,1407565,1407566,1407572,1,6,7,completed,2
22767,Rigid,1407565,1407566,1407572,1,6,7,completed,2
22768,Rigid,1407565,1407566,1407572,1,6,7,completed,2
22769,Rigid,1407565,1407566,1407572,1,6,7,completed,2
22770,Rigid,1407565,1407566,1407572,1,6,7,completed,2
22771,Rigid,1407565,1407566,1407572,1,6,7,completed,2
22772,Rigid,1407565,1407566,1407572,1,6,7,completed,2
22773,Rigid,1407565,1407566,1407572,1,6,7,completed,2
22774,Rigid,1407565,1407566,1407572,1,6,7,completed,2
22775,Rigid,1407565,1407566,1407573,1,7,8,completed,2
22776,Rigid,1407565,1407566,1407573,1,7,8,completed,2
22777,Rigid,1407565,1407566,1407573,1,7,8,completed,2
22778,Rigid,1407565,1407566,1407590,1,24,25,completed,2
22779,Rigid,1407565,1407566,1407618,1,52,53,completed,2
22780,Rigid,1407565,1407566,1407612,1,46,47,completed,2
22781,Rigid,1407565,1407566,1407622,1,56,57,completed,2
22782,Rigid,1407565,1407566,1407605,1,39,40,completed,2
22783,Rigid,1407565,1407566,1407616,1,50,51,completed,2
22784,Rigid,1407565,1407566,1407618,1,52,53,completed,2
22785,Rigid,1407565,1407566,1407625,1,59,60,completed,2
22786,Rigid,1407566,1407566,1407573,0,7,7,completed,2
22787,Rigid,1407566,1407566,1407573,0,7,7,completed,2
22788,Rigid,1407566,1407566,1407573,0,7,7,completed,2
22789,Rigid,1407566,1407566,1407573,0,7,7,completed,2
22790,Rigid,1407566,1407566,1407573,0,7,7,completed,2
22791,Rigid,1407566,1407566,1407573,0,7,7,completed,2
22792,Rigid,1407566,1407566,1407573,0,7,7,completed,2
22793,Rigid,1407566,1407566,1407573,0,7,7,completed,2
22794,Rigid,1407566,1407566,1407572,0,6,6,completed,2
22795,Rigid,1407566,1407566,1407572,0,6,6,completed,2
22796,Rigid,1407566,1407569,1407573,3,4,7,completed,2
22797,Rigid,1407566,1407566,1407623,0,57,57,completed,2
22798,Rigid,1407566,1407566,1407617,0,51,51,completed,2
22799,Rigid,1407566,1407566,1407610,0,44,44,completed,2
22800,Rigid,1407566,1407566,1407622,0,56,56,completed,2
22801,Rigid,1407566,1407566,1407611,0,45,45,completed,2
22802,Rigid,1407566,1407566,1407624,0,58,58,completed,2
22803,Rigid,1407566,1407569,1407630,3,61,64,completed,2
22804,Rigid,1407567,1407569,1407573,2,4,6,completed,2
22805,Rigid,1407567,1407569,1407573,2,4,6,completed,2
22806,Rigid,1407567,1407569,1407573,2,4,6,completed,2
22807,Rigid,1407567,1407569,1407615,2,46,48,completed,2
22808,Rigid,1407567,1407569,1407632,2,63,65,completed,2
22809,Rigid,1407567,1407569,1407616,2,47,49,completed,2
22810,Rigid,1407568,1407569,1407573,1,4,5,completed,2
22811,Rigid,1407568,1407569,1407573,1,4,5,completed,2
22812,Rigid,1407568,1407569,1407573,1,4,5,completed,2
22813,Rigid,1407568,1407569,1407573,1,4,5,completed,2
22814,Rigid,1407568,1407569,1407576,1,7,8,completed,2
22815,Rigid,1407568,1407569,1407576,1,7,8,completed,2
22816,Rigid,1407568,1407569,1407576,1,7,8,completed,2
22817,Rigid,1407568,1407569,1407576,1,7,8,completed,2
22818,Rigid,1407568,1407569,1407576,1,7,8,completed,2
22819,Rigid,1407568,1407569,1407576,1,7,8,completed,2
22820,Rigid,1407568,1407569,1407576,1,7,8,completed,2
22821,Rigid,1407568,1407569,1407576,1,7,8,completed,2
22822,Rigid,1407568,1407569,1407629,1,60,61,completed,2
22823,Rigid,1407568,1407569,1407626,1,57,58,completed,2
22824,Rigid,1407568,1407569,1407620,1,51,52,completed,2
22825,Rigid,1407568,1407569,1407610,1,41,42,completed,2
22826,Rigid,1407568,1407569,1407614,1,45,46,completed,2
22827,Rigid,1407568,1407569,1407630,1,61,62,completed,2
22828,Rigid,1407568,1407569,1407611,1,42,43,completed,2
22829,Rigid,1407569,1407569,1407576,0,7,7,completed,2
22830,Rigid,1407569,1407569,1407576,0,7,7,completed,2
22831,Rigid,1407569,1407569,1407576,0,7,7,completed,2
22832,Rigid,1407569,1407569,1407624,0,55,55,completed,2
22833,Rigid,1408805,1408806,1408813,1,7,8,completed,72
22834,Rigid,1408867,1408867,1408885,0,18,18,completed,288
22835,Rigid,1410467,1410468,1410618,1,150,151,completed,288
22836,Rigid,1414000,1414002,1416851,2,2849,2851,completed,18
22837,Rigid,1414000,1414002,1416829,2,2827,2829,completed,18
22838,Rigid,1416998,1416998,1417006,0,8,8,completed,1
22839,Rigid,1417000,1417002,1417003,2,1,3,completed,1
22840,Rigid,1417000,1417002,1417003,2,1,3,completed,1
22841,Rigid,1417000,1417002,1417012,2,10,12,completed,1
22842,Rigid,1417001,1417002,1417006,1,4,5,completed,1
22843,Rigid,1417082,1417082,1417109,0,27,27,completed,1
22844,Rigid,1417082,1417086,1417106,4,20,24,completed,1
22845,Rigid,1417082,1417082,1417535,0,453,453,completed,2
22846,Rigid,1417082,1417082,1417542,0,460,460,completed,2
22847,Rigid,1417082,1417082,1419252,0,2170,2170,completed,1
22848,Rigid,1417083,1417086,1417164,3,78,81,completed,1
22849,Rigid,1417083,1417086,1417139,3,53,56,completed,1
22850,Rigid,1417083,1417086,1417166,3,80,83,completed,1
22851,Rigid,1417083,1417086,1417127,3,41,44,completed,1
22852,Rigid,1417083,1417086,1417486,3,400,403,completed,2
22853,Rigid,1417083,1417086,1417463,3,377,380,completed,2
22854,Rigid,1417083,1417086,1417476,3,390,393,completed,2
22855,Rigid,1417084,1417086,1417119,2,33,35,completed,1
22856,Rigid,1417084,1417086,1417158,2,72,74,completed,1
22857,Rigid,1417084,1417086,1417151,2,65,67,completed,1
22858,Rigid,1417084,1417086,1417117,2,31,33,completed,1
22859,Rigid,1417084,1417086,1418039,2,953,955,completed,2
22860,Rigid,1417084,1417086,1419080,2,1994,1996,completed,1
22861,Rigid,1417084,1417086,1419572,2,2486,2488,completed,1
22862,Rigid,1417085,1417086,1417143,1,57,58,completed,1
22863,Rigid,1417085,1417086,1417166,1,80,81,completed,1
22864,Rigid,1417085,1417086,1418039,1,953,954,completed,2
22865,Rigid,1417085,1417086,1419319,1,2233,2234,completed,1
22866,Rigid,1417086,1417086,1417113,0,27,27,completed,1
22867,Rigid,1417086,1417086,1417495,0,409,409,completed,2
22868,Rigid,1417086,1417086,1419196,0,2110,2110,completed,1
22869,Rigid,1417086,1417086,1418465,0,1379,1379,completed,2
22870,Rigid,1417086,1417086,1418476,0,1390,1390,completed,2
22871,Rigid,1417086,1417086,1419358,0,2272,2272,completed,1
22872,Rigid,1417087,1417090,1417124,3,34,37,completed,1
22873,Rigid,1417087,1417090,1417808,3,718,721,completed,2
22874,Rigid,1417087,1417090,1417984,3,894,897,completed,2
22875,Rigid,1417087,1417090,1418511,3,1421,1424,completed,2
22876,Rigid,1417087,1417090,1418510,3,1420,1423,completed,2
22877,Rigid,1417087,1417090,1419169,3,2079,2082,completed,1
22878,Rigid,1417087,1417090,1419279,3,2189,2192,completed,1
22879,Rigid,1417087,1417090,1418476,3,1386,1389,completed,2
22880,Rigid,1417088,1417090,1417121,2,31,33,completed,1
22881,Rigid,1417088,1417090,1418058,2,968,970,completed,2
22882,Rigid,1417088,1417090,1417543,2,453,455,completed,2
22883,Rigid,1417088,1417090,1417550,2,460,462,completed,2
22884,Rigid,1417088,1417090,1419556,2,2466,2468,completed,1
22885,Rigid,1417088,1417090,1419606,2,2516,2518,completed,1
22886,Rigid,1417088,1417090,1418470,2,1380,1382,completed,2
22887,Rigid,1417088,1417090,1418470,2,1380,1382,completed,2
22888,Rigid,1417089,1417090,1417114,1,24,25,completed,1
22889,Rigid,1417089,1417090,1417102,1,12,13,completed,1
22890,Rigid,1417089,1417090,1417801,1,711,712,completed,2
22891,Rigid,1417089,1417090,1417984,1,894,895,completed,2
22892,Rigid,1417089,1417090,1418060,1,970,971,completed,2
22893,Rigid,1417089,1417090,1418147,1,1057,1058,completed,2
22894,Rigid,1417089,1417090,1418131,1,1041,1042,completed,2
22895,Rigid,1417090,1417090,1417140,0,50,50,completed,1
22896,Rigid,1417090,1417090,1417140,0,50,50,completed,1
22897,Rigid,1417090,1417090,1417508,0,418,418,completed,2
22898,Rigid,1417090,1417090,1418462,0,1372,1372,completed,2
22899,Rigid,1417090,1417090,1418160,0,1070,1070,completed,2
22900,Rigid,1417091,1417094,1417137,3,43,46,completed,1
22901,Rigid,1417091,1417094,1417120,3,26,29,completed,1
22902,Rigid,1417091,1417094,1417113,3,19,22,completed,1
22903,Rigid,1417091,1417094,1417150,3,56,59,completed,1
22904,Rigid,1417091,1417094,1417139,3,45,48,completed,1
22905,Rigid,1417091,1417094,1417517,3,423,426,completed,2
22906,Rigid,1417091,1417094,1418471,3,1377,1380,completed,2
22907,Rigid,1417092,1417094,1417110,2,16,18,completed,1
22908,Rigid,1417092,1417094,1417116,2,22,24,completed,1
22909,Rigid,1417092,1417094,1417151,2,57,59,completed,1
22910,Rigid,1417092,1417094,1417508,2,414,416,completed,2
22911,Rigid,1417092,1417094,1418131,2,1037,1039,completed,2
22912,Rigid,1417092,1417094,1418451,2,1357,1359,completed,2
22913,Rigid,1417093,1417094,1417124,1,30,31,completed,1
22914,Rigid,1417093,1417094,1417473,1,379,380,completed,2
22915,Rigid,1417093,1417094,1417402,1,308,309,completed,2
22916,Rigid,1417093,1417094,1418066,1,972,973,completed,1
22917,Rigid,1417093,1417094,1418025,1,931,932,completed,1
22918,Rigid,1417093,1417094,1418395,1,1301,1302,completed,2
22919,Rigid,1417093,1417094,1418742,1,1648,1649,completed,1
22920,Rigid,1417094,1417094,1417287,0,193,193,completed,2
22921,Rigid,1417094,1417094,1417287,0,193,193,completed,2
22922,Rigid,1417094,1417094,1417419,0,325,325,completed,2
22923,Rigid,1417094,1417094,1418750,0,1656,1656,completed,1
22924,Rigid,1417094,1417094,1418395,0,1301,1301,completed,2
22925,Rigid,1417094,1417094,1418379,0,1285,1285,completed,2
22926,Rigid,1417094,1417094,1418379,0,1285,1285,completed,2
22927,Rigid,1417747,1417748,1497637,1,79889,79890,completed,24
22928,Rigid,1419627,1419627,1421531,0,1904,1904,completed,1
22929,Rigid,1419627,1419627,1421668,0,2041,2041,completed,1
22930,Rigid,1419627,1419627,1421647,0,2020,2020,completed,1
22931,Rigid,1419627,1419627,1421596,0,1969,1969,completed,1
22932,Rigid,1421929,1421930,1422022,1,92,93,completed,1
22933,Rigid,1422133,1422133,1422142,0,9,9,completed,1
22934,Rigid,1422406,1422408,1422582,2,174,176,completed,1
22935,Rigid,1422656,1422656,1422707,0,51,51,completed,1
22936,Rigid,1422888,1422889,1423037,1,148,149,completed,1
22937,Rigid,1423039,1423039,1426650,0,3611,3611,completed,1
22938,Rigid,1436992,1436992,1445173,0,8181,8181,completed,144
22939,Rigid,1448507,1448507,1501225,0,52718,52718,completed,144
22940,Rigid,1449152,1449153,1452823,1,3670,3671,completed,144
22941,Rigid,1449152,1449153,1452865,1,3712,3713,completed,144
22942,Rigid,1449152,1449153,1452862,1,3709,3710,completed,144
22943,Rigid,1449152,1449153,1452861,1,3708,3709,completed,144
22944,Rigid,1449152,1449153,1452853,1,3700,3701,completed,144
22945,Rigid,1449152,1449153,1452857,1,3704,3705,completed,144
22946,Rigid,1449152,1449153,1452859,1,3706,3707,completed,144
22947,Rigid,1449152,1449153,1452877,1,3724,3725,completed,144
22948,Rigid,1449152,1449153,1452858,1,3705,3706,completed,144
22949,Rigid,1449152,1449153,1452863,1,3710,3711,completed,144
22950,Rigid,1449153,1449153,1452836,0,3683,3683,completed,144
22951,Rigid,1449153,1449153,1452846,0,3693,3693,completed,144
22952,Rigid,1449153,1449157,1452851,4,3694,3698,completed,144
22953,Rigid,1449153,1449157,1452786,4,3629,3633,completed,144
22954,Rigid,1449153,1449157,1452868,4,3711,3715,completed,144
22955,Rigid,1449153,1449157,1452863,4,3706,3710,completed,144
22956,Rigid,1449395,1449395,1504538,0,55143,55143,completed,144
22957,Rigid,1450025,1450025,1504290,0,54265,54265,completed,144
22958,Rigid,1451838,1451838,1453118,0,1280,1280,completed,288
22959,Rigid,1452024,1452024,1455645,0,3621,3621,completed,36
22960,Rigid,1453578,1453578,1510571,0,56993,56993,completed,144
22961,Rigid,1455900,1455901,1455904,1,3,4,completed,17
22962,Rigid,1456471,1456471,1457555,0,1084,1084,completed,36
22963,Rigid,1456875,1456876,1518062,1,61186,61187,completed,144
22964,Rigid,1457720,1457720,1457764,0,44,44,completed,36
22965,Rigid,1457812,1457813,1457816,1,3,4,completed,36
22966,Rigid,1457847,1457848,1499509,1,41661,41662,completed,36
22967,Rigid,1458010,1458011,1462302,1,4291,4292,completed,36
22968,Rigid,1458054,1458054,1475707,0,17653,17653,completed,36
22969,Rigid,1458095,1458095,1475949,0,17854,17854,completed,36
22970,Rigid,1458246,1458247,1458249,1,2,3,completed,36
22971,Rigid,1458371,1458371,1458400,0,29,29,completed,36
22972,Rigid,1458451,1458452,1480234,1,21782,21783,completed,36
22973,Rigid,1461204,1461204,1462618,0,1414,1414,completed,36
22974,Rigid,1461204,1461208,1462617,4,1409,1413,completed,36
22975,Rigid,1461205,1461208,1462623,3,1415,1418,completed,36
22976,Rigid,1461206,1461208,1462620,2,1412,1414,completed,36
22977,Rigid,1461207,1461208,1462617,1,1409,1410,completed,36
22978,Rigid,1461207,1461208,1462617,1,1409,1410,completed,36
22979,Rigid,1461208,1461208,1462634,0,1426,1426,completed,36
22980,Rigid,1461209,1461212,1462623,3,1411,1414,completed,36
22981,Rigid,1461209,1461212,1462634,3,1422,1425,completed,36
22982,Rigid,1461210,1461212,1462626,2,1414,1416,completed,36
22983,Rigid,1461211,1461212,1462624,1,1412,1413,completed,36
22984,Rigid,1461212,1461212,1462622,0,1410,1410,completed,36
22985,Rigid,1461212,1461216,1462624,4,1408,1412,completed,36
22986,Rigid,1461213,1461216,1462624,3,1408,1411,completed,36
22987,Rigid,1461214,1461216,1462628,2,1412,1414,completed,36
22988,Rigid,1461215,1461216,1462630,1,1414,1415,completed,36
22989,Rigid,1463307,1463308,1464502,1,1194,1195,completed,36
22990,Rigid,1463309,1463312,1466061,3,2749,2752,completed,36
22991,Rigid,1474042,1474042,1587546,0,113504,113504,completed,108
22992,Rigid,1474616,1474617,1587640,1,113023,113024,completed,108
22993,Rigid,1474958,1474959,1475443,1,484,485,completed,24
22994,Rigid,1475476,1475477,1625285,1,149808,149809,completed,24
22995,Rigid,1475682,1475686,1625387,4,149701,149705,completed,24
22996,Rigid,1477129,1477129,1625616,0,148487,148487,completed,108
22997,Rigid,1477329,1477329,1625799,0,148470,148470,completed,24
22998,Rigid,1478528,1478528,1587745,0,109217,109217,completed,108
22999,Rigid,1483591,1483591,1483628,0,37,37,completed,72
23000,Rigid,1483668,1483669,1484491,1,822,823,completed,72
23001,Rigid,1485012,1485013,1485714,1,701,702,completed,72
23002,Rigid,1486359,1486359,1486675,0,316,316,completed,72
23003,Rigid,1486677,1486678,1487503,1,825,826,completed,72
23004,Rigid,1489614,1489615,1490240,1,625,626,completed,72
23005,Rigid,1490252,1490253,1490798,1,545,546,completed,72
23006,Rigid,1490876,1490877,1494481,1,3604,3605,completed,72
23007,Rigid,1497779,1497780,1625687,1,127907,127908,completed,24
23008,Rigid,1497978,1609586,1757521,111608,147935,259543,completed,756
23009,Rigid,1497990,1785167,1928869,287177,143702,430879,completed,756
23010,Rigid,1501225,1501226,1554360,1,53134,53135,completed,144
23011,Rigid,1501616,1501616,1501909,0,293,293,completed,144
23012,Rigid,1501616,1501620,1501911,4,291,295,completed,144
23013,Rigid,1501616,1501620,1501964,4,344,348,completed,216
23014,Rigid,1501616,1501620,1501963,4,343,347,completed,216
23015,Rigid,1501617,1501620,1501625,3,5,8,completed,1
23016,Rigid,1501618,1501620,1501623,2,3,5,completed,1
23017,Rigid,1501618,1501620,1501623,2,3,5,completed,1
23018,Rigid,1501620,1501620,1501623,0,3,3,completed,1
23019,Rigid,1501620,1501624,1501626,4,2,6,completed,1
23020,Rigid,1501621,1501623,1501626,2,3,5,completed,1
23021,Rigid,1501621,1501623,1501626,2,3,5,completed,1
23022,Rigid,1501621,1501623,1501626,2,3,5,completed,1
23023,Rigid,1501622,1501623,1501626,1,3,4,completed,1
23024,Rigid,1501624,1501626,1501631,2,5,7,completed,1
23025,Rigid,1501625,1501626,1501629,1,3,4,completed,2
23026,Rigid,1501625,1501626,1501628,1,2,3,completed,1
23027,Rigid,1501625,1501626,1501629,1,3,4,completed,2
23028,Rigid,1501625,1501626,1501629,1,3,4,completed,1
23029,Rigid,1501625,1501626,1501629,1,3,4,completed,1
23030,Rigid,1501625,1501626,1501645,1,19,20,completed,36
23031,Rigid,1501625,1501626,1501645,1,19,20,completed,36
23032,Rigid,1501628,1501628,1501629,0,1,1,completed,1
23033,Rigid,1501628,1501629,1501631,1,2,3,completed,1
23034,Rigid,1501628,1501629,1501632,1,3,4,completed,1
23035,Rigid,1501630,1501630,1501632,0,2,2,completed,1
23036,Rigid,1501630,1501631,1501633,1,2,3,completed,2
23037,Rigid,1501630,1501631,1501633,1,2,3,completed,1
23038,Rigid,1501630,1501631,1501633,1,2,3,completed,1
23039,Rigid,1501631,1501631,1501633,0,2,2,completed,1
23040,Rigid,1501631,1501632,1501633,1,1,2,completed,1
23041,Rigid,1501631,1501632,1501634,1,2,3,completed,1
23042,Rigid,1501632,1501632,1501634,0,2,2,completed,36
23043,Rigid,1501632,1501632,1501635,0,3,3,completed,36
23044,Rigid,1501632,1501632,1501634,0,2,2,completed,18
23045,Rigid,1501632,1501632,1501634,0,2,2,completed,18
23046,Rigid,1501632,1501632,1501652,0,20,20,completed,36
23047,Rigid,1501632,1501633,1501652,1,19,20,completed,36
23048,Rigid,1501633,1501633,1501634,0,1,1,completed,2
23049,Rigid,1501633,1501633,1501635,0,2,2,completed,1
23050,Rigid,1501636,1501636,1501638,0,2,2,completed,36
23051,Rigid,1501636,1501636,1501639,0,3,3,completed,36
23052,Rigid,1501636,1501636,1501638,0,2,2,completed,18
23053,Rigid,1501637,1501639,1501641,2,2,4,completed,18
23054,Rigid,1503690,1503691,1503709,1,18,19,completed,1
23055,Rigid,1504075,1504076,1504565,1,489,490,completed,1
23056,Rigid,1504290,1504290,1558516,0,54226,54226,completed,144
23057,Rigid,1504538,1504538,1560806,0,56268,56268,completed,144
23058,Rigid,1505268,1505269,1505404,1,135,136,completed,1
23059,Rigid,1510571,1510571,1568019,0,57448,57448,completed,144
23060,Rigid,1518062,1518063,1579788,1,61725,61726,completed,144
23061,Rigid,1534466,1534466,1534470,0,4,4,completed,36
23062,Rigid,1534607,1534608,1534636,1,28,29,completed,36
23063,Rigid,1534736,1534737,1556267,1,21530,21531,completed,36
23064,Rigid,1538335,1538336,1538418,1,82,83,completed,72
23065,Rigid,1538379,1538380,1543520,1,5140,5141,completed,36
23066,Rigid,1539882,1539883,1539885,1,2,3,completed,36
23067,Rigid,1540253,1540253,1543503,0,3250,3250,completed,72
23068,Rigid,1542228,1542229,1542246,1,17,18,completed,72
23069,Rigid,1542467,1542469,1542486,2,17,19,completed,72
23070,Rigid,1542611,1542612,1542627,1,15,16,completed,72
23071,Rigid,1542703,1542704,1542720,1,16,17,completed,72
23072,Rigid,1542843,1542844,1542856,1,12,13,completed,72
23073,Rigid,1542888,1542889,1542901,1,12,13,completed,72
23074,Rigid,1543098,1543099,1544534,1,1435,1436,completed,72
23075,Rigid,1543170,1543171,1544532,1,1361,1362,completed,72
23076,Rigid,1543223,1543224,1544530,1,1306,1307,completed,72
23077,Rigid,1543276,1543277,1543294,1,17,18,completed,72
23078,Rigid,1543323,1543324,1543331,1,7,8,completed,72
23079,Rigid,1543406,1543406,1544392,0,986,986,completed,72
23080,Rigid,1543483,1543483,1544528,0,1045,1045,completed,72
23081,Rigid,1543580,1543581,1551629,1,8048,8049,completed,36
23082,Rigid,1543618,1543619,1581017,1,37398,37399,completed,36
23083,Rigid,1544029,1544030,1716588,1,172558,172559,completed,144
23084,Rigid,1544130,1544131,1626369,1,82238,82239,completed,108
23085,Rigid,1544274,1544275,1717005,1,172730,172731,completed,108
23086,Rigid,1544377,1544378,1717198,1,172820,172821,completed,108
23087,Rigid,1544472,1544472,1547531,0,3059,3059,completed,72
23088,Rigid,1544565,1544565,1694169,0,149604,149604,completed,756
23089,Rigid,1544569,1544569,1547443,0,2874,2874,completed,72
23090,Rigid,1547479,1547479,1549808,0,2329,2329,completed,72
23091,Rigid,1548783,1548783,1551968,0,3185,3185,completed,72
23092,Rigid,1548940,1548941,1566898,1,17957,17958,completed,144
23093,Rigid,1548940,1548941,1559425,1,10484,10485,completed,144
23094,Rigid,1548941,1548945,1549080,4,135,139,completed,144
23095,Rigid,1548941,1548945,1549459,4,514,518,completed,144
23096,Rigid,1548941,1548945,1558586,4,9641,9645,completed,144
23097,Rigid,1548941,1548945,1559513,4,10568,10572,completed,144
23098,Rigid,1548941,1548945,1559480,4,10535,10539,completed,144
23099,Rigid,1548942,1548945,1549215,3,270,273,completed,144
23100,Rigid,1548942,1548945,1549282,3,337,340,completed,144
23101,Rigid,1548942,1548945,1549315,3,370,373,completed,144
23102,Rigid,1548942,1548945,1549057,3,112,115,completed,144
23103,Rigid,1548942,1548945,1549398,3,453,456,completed,144
23104,Rigid,1548942,1548945,1549224,3,279,282,completed,144
23105,Rigid,1548942,1548945,1549200,3,255,258,completed,144
23106,Rigid,1548942,1548945,1549314,3,369,372,completed,144
23107,Rigid,1548942,1548945,1549278,3,333,336,completed,144
23108,Rigid,1548942,1548945,1549565,3,620,623,completed,144
23109,Rigid,1548942,1548945,1549290,3,345,348,completed,144
23110,Rigid,1548942,1548945,1549045,3,100,103,completed,144
23111,Rigid,1548942,1548945,1549296,3,351,354,completed,144
23112,Rigid,1548942,1549047,1549763,105,716,821,completed,144
23113,Rigid,1548942,1549059,1549183,117,124,241,completed,144
23114,Rigid,1548942,1549081,1549613,139,532,671,completed,144
23115,Rigid,1548942,1549184,1549764,242,580,822,completed,144
23116,Rigid,1548942,1549202,1549696,260,494,754,completed,144
23117,Rigid,1548942,1549216,1549326,274,110,384,completed,144
23118,Rigid,1548942,1548945,1549959,3,1014,1017,completed,144
23119,Rigid,1548942,1548945,1558947,3,10002,10005,completed,144
23120,Rigid,1549831,1549831,1551584,0,1753,1753,completed,72
23121,Rigid,1551610,1551610,1567437,0,15827,15827,completed,36
23122,Rigid,1552079,1552080,1554607,1,2527,2528,completed,72
23123,Rigid,1552402,1552403,1555312,1,2909,2910,completed,72
23124,Rigid,1553200,1553200,1553204,0,4,4,completed,36
23125,Rigid,1553389,1553390,1553394,1,4,5,completed,36
23126,Rigid,1553518,1553518,1556806,0,3288,3288,completed,72
23127,Rigid,1554360,1554361,1607691,1,53330,53331,completed,144
23128,Rigid,1554638,1554639,1554648,1,9,10,completed,36
23129,Rigid,1554685,1554686,1564950,1,10264,10265,completed,36
23130,Rigid,1554779,1554780,1557813,1,3033,3034,completed,36
23131,Rigid,1554796,1554797,1554805,1,8,9,completed,36
23132,Rigid,1555185,1555185,1555194,0,9,9,completed,288
23133,Rigid,1555312,1555312,1569723,0,14411,14411,completed,288
23134,Rigid,1555614,1555615,1555618,1,3,4,completed,36
23135,Rigid,1555686,1555687,1555691,1,4,5,completed,36
23136,Rigid,1555839,1555839,1555843,0,4,4,completed,36
23137,Rigid,1555900,1555900,1555904,0,4,4,completed,36
23138,Rigid,1556104,1556104,1556108,0,4,4,completed,36
23139,Rigid,1556146,1556146,1559587,0,3441,3441,completed,72
23140,Rigid,1556161,1556161,1556165,0,4,4,completed,36
23141,Rigid,1556264,1556265,1556268,1,3,4,completed,36
23142,Rigid,1556311,1556311,1556314,0,3,3,completed,36
23143,Rigid,1556417,1556417,1556421,0,4,4,completed,36
23144,Rigid,1556500,1556500,1556504,0,4,4,completed,36
23145,Rigid,1556623,1556624,1556628,1,4,5,completed,36
23146,Rigid,1556660,1556661,1556665,1,4,5,completed,36
23147,Rigid,1556687,1556690,1556815,3,125,128,completed,72
23148,Rigid,1556828,1556828,1556834,0,6,6,completed,72
23149,Rigid,1556846,1556847,1557158,1,311,312,completed,72
23150,Rigid,1557173,1557173,1558227,0,1054,1054,completed,144
23151,Rigid,1558248,1558250,1561566,2,3316,3318,completed,144
23152,Rigid,1558263,1558264,1564942,1,6678,6679,completed,72
23153,Rigid,1558281,1558282,1565902,1,7620,7621,completed,72
23154,Rigid,1558325,1558325,1566863,0,8538,8538,completed,72
23155,Rigid,1558346,1558347,1567892,1,9545,9546,completed,72
23156,Rigid,1558516,1558517,1612914,1,54397,54398,completed,144
23157,Rigid,1558661,1558661,1558674,0,13,13,completed,36
23158,Rigid,1558710,1558711,1645135,1,86424,86425,completed,36
23159,Rigid,1559548,1559549,1559731,1,182,183,completed,36
23160,Rigid,1560003,1560003,1562910,0,2907,2907,completed,72
23161,Rigid,1560806,1560806,1617071,0,56265,56265,completed,144
23162,Rigid,1568019,1568019,1622921,0,54902,54902,completed,144
23163,Rigid,1573449,1573449,1573505,0,56,56,completed,108
23164,Rigid,1573530,1573531,1573732,1,201,202,completed,900
23165,Rigid,1573870,1573871,1574078,1,207,208,completed,900
23166,Rigid,1576126,1576126,1576157,0,31,31,completed,144
23167,Rigid,1576168,1576168,1576210,0,42,42,completed,144
23168,Rigid,1576266,1576267,1576445,1,178,179,completed,144
23169,Rigid,1576642,1576642,1576998,0,356,356,completed,144
23170,Rigid,1578036,1578036,1578866,0,830,830,completed,72
23171,Rigid,1579788,1579789,1622921,1,43132,43133,completed,144
23172,Rigid,1579912,1579912,1580110,0,198,198,completed,36
23173,Rigid,1580984,1580985,1583056,1,2071,2072,completed,36
23174,Rigid,1580985,1580985,1581012,0,27,27,completed,36
23175,Rigid,1580985,1580985,1581012,0,27,27,completed,36
23176,Rigid,1580985,1580985,1581048,0,63,63,completed,36
23177,Rigid,1580985,1580985,1581012,0,27,27,completed,36
23178,Rigid,1581001,1581002,1581024,1,22,23,completed,36
23179,Rigid,1581001,1581002,1581024,1,22,23,completed,36
23180,Rigid,1581001,1581002,1581060,1,58,59,completed,36
23181,Rigid,1581001,1581002,1582341,1,1339,1340,completed,36
23182,Rigid,1581001,1581002,1583100,1,2098,2099,completed,36
23183,Rigid,1582146,1582147,1583226,1,1079,1080,completed,36
23184,Rigid,1582204,1582206,1903920,2,321714,321716,completed,36
23185,Rigid,1582253,1582253,1583199,0,946,946,completed,36
23186,Rigid,1582269,1582270,1582328,1,58,59,completed,36
23187,Rigid,1582280,1582280,1582347,0,67,67,completed,36
23188,Rigid,1582357,1582358,1583283,1,925,926,completed,36
23189,Rigid,1582429,1582430,1582489,1,59,60,completed,36
23190,Rigid,1582477,1582478,1583333,1,855,856,completed,36
23191,Rigid,1582508,1582508,1582567,0,59,59,completed,36
23192,Rigid,1582522,1582523,1583503,1,980,981,completed,36
23193,Rigid,1582554,1582555,1582614,1,59,60,completed,36
23194,Rigid,1582852,1582853,1582915,1,62,63,completed,36
23195,Rigid,1583031,1583032,1678611,1,95579,95580,completed,36
23196,Rigid,1583074,1583075,1583494,1,419,420,completed,36
23197,Rigid,1583139,1583140,1608095,1,24955,24956,completed,36
23198,Rigid,1583208,1583210,1583234,2,24,26,completed,36
23199,Rigid,1583241,1583242,1594678,1,11436,11437,completed,36
23200,Rigid,1583301,1583301,1903926,0,320625,320625,completed,36
23201,Rigid,1583341,1583341,1583363,0,22,22,completed,36
23202,Rigid,1583452,1583452,1583512,0,60,60,completed,36
23203,Rigid,1583517,1583517,1583576,0,59,59,completed,36
23204,Rigid,1583644,1583645,1583667,1,22,23,completed,36
23205,Rigid,1583708,1583708,1583730,0,22,22,completed,36
23206,Rigid,1583780,1583780,1600671,0,16891,16891,completed,36
23207,Rigid,1583878,1583879,1583902,1,23,24,completed,36
23208,Rigid,1583932,1583933,1618338,1,34405,34406,completed,36
23209,Rigid,1583986,1583989,1584011,3,22,25,completed,36
23210,Rigid,1584041,1584042,1660509,1,76467,76468,completed,36
23211,Rigid,1584113,1584114,1584174,1,60,61,completed,36
23212,Rigid,1584221,1584222,1584281,1,59,60,completed,36
23213,Rigid,1584245,1584245,1903933,0,319688,319688,completed,36
23214,Rigid,1584351,1584352,1584411,1,59,60,completed,36
23215,Rigid,1584480,1584481,1584540,1,59,60,completed,36
23216,Rigid,1584601,1584601,1584660,0,59,59,completed,36
23217,Rigid,1587577,1587578,1624868,1,37290,37291,completed,108
23218,Rigid,1587667,1587667,1624995,0,37328,37328,completed,108
23219,Rigid,1587787,1587787,1625129,0,37342,37342,completed,108
23220,Rigid,1596849,1596850,1596857,1,7,8,completed,36
23221,Rigid,1596891,1596893,1596899,2,6,8,completed,36
23222,Rigid,1596983,1596983,1596987,0,4,4,completed,36
23223,Rigid,1597192,1597192,1597196,0,4,4,completed,36
23224,Rigid,1602173,1602174,1602178,1,4,5,completed,36
23225,Rigid,1607511,1607512,1607516,1,4,5,completed,36
23226,Rigid,1607561,1607562,1607570,1,8,9,completed,36
23227,Rigid,1618822,1618822,1696001,0,77179,77179,completed,36
23228,Rigid,1618822,1618822,1656454,0,37632,37632,completed,36
23229,Rigid,1618822,1618822,1668319,0,49497,49497,completed,36
23230,Rigid,1618888,1618889,1703951,1,85062,85063,completed,36
23231,Rigid,1618888,1618889,1729001,1,110112,110113,completed,36
23232,Rigid,1618888,1618889,1668298,1,49409,49410,completed,36
23233,Rigid,1619006,1619007,1719564,1,100557,100558,completed,36
23234,Rigid,1619006,1619007,1632478,1,13471,13472,completed,36
23235,Rigid,1619006,1619007,1646444,1,27437,27438,completed,36
23236,Rigid,1619042,1619043,1717933,1,98890,98891,completed,36
23237,Rigid,1619042,1619043,1735112,1,116069,116070,completed,36
23238,Rigid,1619042,1619043,1678696,1,59653,59654,completed,36
23239,Rigid,1619105,1619106,1721314,1,102208,102209,completed,36
23240,Rigid,1619105,1619106,1730227,1,111121,111122,completed,36
23241,Rigid,1619105,1619106,1711367,1,92261,92262,completed,36
23242,Rigid,1619208,1619208,1650835,0,31627,31627,completed,36
23243,Rigid,1619208,1619208,1679699,0,60491,60491,completed,36
23244,Rigid,1619208,1619208,1721127,0,101919,101919,completed,36
23245,Rigid,1619239,1619239,1708402,0,89163,89163,completed,36
23246,Rigid,1619239,1619239,1735378,0,116139,116139,completed,36
23247,Rigid,1619239,1619239,1708301,0,89062,89062,completed,36
23248,Rigid,1619268,1619269,1753038,1,133769,133770,completed,36
23249,Rigid,1619268,1619269,1693564,1,74295,74296,completed,36
23250,Rigid,1619268,1619269,1760503,1,141234,141235,completed,36
23251,Rigid,1619302,1619302,1724232,0,104930,104930,completed,36
23252,Rigid,1619302,1619302,1694770,0,75468,75468,completed,36
23253,Rigid,1619302,1619302,1689187,0,69885,69885,completed,36
23254,Rigid,1619338,1619338,1737262,0,117924,117924,completed,36
23255,Rigid,1619338,1619338,1728659,0,109321,109321,completed,36
23256,Rigid,1619338,1619338,1710560,0,91222,91222,completed,36
23257,Rigid,1619380,1619380,1722707,0,103327,103327,completed,36
23258,Rigid,1619380,1619380,1733426,0,114046,114046,completed,36
23259,Rigid,1619380,1619380,1687478,0,68098,68098,completed,36
23260,Rigid,1619632,1619634,1623087,2,3453,3455,completed,36
23261,Rigid,1620166,1620167,1792988,1,172821,172822,completed,36
23262,Rigid,1620166,1620167,1792988,1,172821,172822,completed,36
23263,Rigid,1620166,1620167,1792988,1,172821,172822,completed,36
23264,Rigid,1620234,1620235,1793048,1,172813,172814,completed,36
23265,Rigid,1620234,1620235,1793048,1,172813,172814,completed,36
23266,Rigid,1620234,1620235,1793048,1,172813,172814,completed,36
23267,Rigid,1620297,1620297,1663497,0,43200,43200,completed,36
23268,Rigid,1620297,1620297,1663497,0,43200,43200,completed,36
23269,Rigid,1620396,1620396,1706818,0,86422,86422,completed,36
23270,Rigid,1620396,1620396,1706818,0,86422,86422,completed,36
23271,Rigid,1620461,1620461,1713554,0,93093,93093,completed,36
23272,Rigid,1620636,1620637,1793438,1,172801,172802,completed,36
23273,Rigid,1620636,1620637,1793438,1,172801,172802,completed,36
23274,Rigid,1620636,1620637,1793438,1,172801,172802,completed,36
23275,Rigid,1620691,1620692,1793498,1,172806,172807,completed,36
23276,Rigid,1620691,1620692,1793498,1,172806,172807,completed,36
23277,Rigid,1620691,1620692,1793498,1,172806,172807,completed,36
23278,Rigid,1620760,1620761,1793588,1,172827,172828,completed,36
23279,Rigid,1620760,1620761,1793588,1,172827,172828,completed,36
23280,Rigid,1620760,1620761,1793588,1,172827,172828,completed,36
23281,Rigid,1620878,1620878,1664097,0,43219,43219,completed,36
23282,Rigid,1620918,1620919,1793738,1,172819,172820,completed,36
23283,Rigid,1620918,1620919,1793738,1,172819,172820,completed,36
23284,Rigid,1620918,1620919,1793738,1,172819,172820,completed,36
23285,Rigid,1620994,1620995,1793798,1,172803,172804,completed,36
23286,Rigid,1620994,1620995,1793798,1,172803,172804,completed,36
23287,Rigid,1620994,1620995,1793798,1,172803,172804,completed,36
23288,Rigid,1621075,1621076,1623079,1,2003,2004,completed,36
23289,Rigid,1622436,1622437,1622876,1,439,440,completed,72
23290,Rigid,1623165,1623166,1688310,1,65144,65145,completed,144
23291,Rigid,1623236,1623236,1623272,0,36,36,completed,36
23292,Rigid,1623336,1623336,1623363,0,27,27,completed,36
23293,Rigid,1623434,1623435,1623468,1,33,34,completed,36
23294,Rigid,1623581,1623582,1623616,1,34,35,completed,36
23295,Rigid,1623741,1623742,1624194,1,452,453,completed,72
23296,Rigid,1623781,1623781,1623817,0,36,36,completed,36
23297,Rigid,1623857,1623858,1623891,1,33,34,completed,36
23298,Rigid,1624066,1624101,1624118,35,17,52,completed,36
23299,Rigid,1624066,1624067,1624100,1,33,34,completed,36
23300,Rigid,1624066,1624067,1624103,1,36,37,completed,36
23301,Rigid,1624066,1624067,1624102,1,35,36,completed,36
23302,Rigid,1624066,1624067,1624275,1,208,209,completed,36
23303,Rigid,1624066,1624067,1624102,1,35,36,completed,36
23304,Rigid,1624066,1624067,1624100,1,33,34,completed,36
23305,Rigid,1624066,1624067,1624100,1,33,34,completed,36
23306,Rigid,1624066,1624067,1624101,1,34,35,completed,36
23307,Rigid,1624066,1624067,1624105,1,38,39,completed,36
23308,Rigid,1624265,1624266,1624308,1,42,43,completed,36
23309,Rigid,1624377,1624378,1624407,1,29,30,completed,36
23310,Rigid,1624475,1624476,1761451,1,136975,136976,completed,36
23311,Rigid,1624475,1624476,1883688,1,259212,259213,completed,36
23312,Rigid,1624475,1624476,1668094,1,43618,43619,completed,36
23313,Rigid,1624475,1624476,1883688,1,259212,259213,completed,36
23314,Rigid,1624475,1624476,1685599,1,61123,61124,completed,36
23315,Rigid,1624475,1624476,1883688,1,259212,259213,completed,36
23316,Rigid,1624475,1624476,1749402,1,124926,124927,completed,36
23317,Rigid,1624475,1624476,1836375,1,211899,211900,completed,36
23318,Rigid,1624475,1624476,1706264,1,81788,81789,completed,36
23319,Rigid,1624476,1624476,1883688,0,259212,259212,completed,36
23320,Rigid,1624476,1624476,1793496,0,169020,169020,completed,36
23321,Rigid,1624476,1624476,1670765,0,46289,46289,completed,36
23322,Rigid,1624476,1624476,1883688,0,259212,259212,completed,36
23323,Rigid,1624476,1624476,1651406,0,26930,26930,completed,36
23324,Rigid,1624476,1624476,1715558,0,91082,91082,completed,36
23325,Rigid,1624476,1624476,1883688,0,259212,259212,completed,36
23326,Rigid,1624476,1624476,1666756,0,42280,42280,completed,36
23327,Rigid,1624476,1624476,1737422,0,112946,112946,completed,36
23328,Rigid,1624476,1624480,1883688,4,259208,259212,completed,36
23329,Rigid,1624476,1624480,1712768,4,88288,88292,completed,36
23330,Rigid,1624476,1624480,1883688,4,259208,259212,completed,36
23331,Rigid,1624477,1624480,1718475,3,93995,93998,completed,36
23332,Rigid,1624477,1624480,1696493,3,72013,72016,completed,36
23333,Rigid,1624477,1624480,1871798,3,247318,247321,completed,36
23334,Rigid,1624477,1624480,1633421,3,8941,8944,completed,36
23335,Rigid,1624477,1624480,1636954,3,12474,12477,completed,36
23336,Rigid,1624477,1624480,1655804,3,31324,31327,completed,36
23337,Rigid,1624477,1624480,1835141,3,210661,210664,completed,36
23338,Rigid,1624477,1624480,1883688,3,259208,259211,completed,36
23339,Rigid,1624477,1624480,1634949,3,10469,10472,completed,36
23340,Rigid,1624477,1624480,1679587,3,55107,55110,completed,36
23341,Rigid,1624477,1624480,1883688,3,259208,259211,completed,36
23342,Rigid,1624477,1624480,1883688,3,259208,259211,completed,36
23343,Rigid,1624477,1624480,1788511,3,164031,164034,completed,36
23344,Rigid,1624477,1624480,1673532,3,49052,49055,completed,36
23345,Rigid,1624477,1624480,1786988,3,162508,162511,completed,36
23346,Rigid,1624477,1624480,1883688,3,259208,259211,completed,36
23347,Rigid,1624477,1624480,1646978,3,22498,22501,completed,36
23348,Rigid,1624477,1624481,1661832,4,37351,37355,completed,36
23349,Rigid,1624478,1624481,1883688,3,259207,259210,completed,36
23350,Rigid,1624478,1624481,1651678,3,27197,27200,completed,36
23351,Rigid,1624478,1624481,1682068,3,57587,57590,completed,36
23352,Rigid,1624478,1624481,1684850,3,60369,60372,completed,36
23353,Rigid,1624478,1624481,1678231,3,53750,53753,completed,36
23354,Rigid,1624478,1624481,1755330,3,130849,130852,completed,36
23355,Rigid,1624478,1624481,1883688,3,259207,259210,completed,36
23356,Rigid,1624478,1624481,1684670,3,60189,60192,completed,36
23357,Rigid,1624478,1624481,1883688,3,259207,259210,completed,36
23358,Rigid,1624478,1624481,1685108,3,60627,60630,completed,36
23359,Rigid,1624478,1624481,1680478,3,55997,56000,completed,36
23360,Rigid,1624478,1624481,1753274,3,128793,128796,completed,36
23361,Rigid,1624478,1624481,1883688,3,259207,259210,completed,36
23362,Rigid,1624478,1624481,1883688,3,259207,259210,completed,36
23363,Rigid,1624478,1624481,1883688,3,259207,259210,completed,36
23364,Rigid,1624478,1624481,1640666,3,16185,16188,completed,36
23365,Rigid,1624478,1624481,1727117,3,102636,102639,completed,36
23366,Rigid,1624478,1624481,1883688,3,259207,259210,completed,36
23367,Rigid,1624478,1624481,1640164,3,15683,15686,completed,36
23368,Rigid,1624478,1624481,1883688,3,259207,259210,completed,36
23369,Rigid,1624478,1624481,1634125,3,9644,9647,completed,36
23370,Rigid,1624479,1624481,1883688,2,259207,259209,completed,36
23371,Rigid,1624479,1624481,1712713,2,88232,88234,completed,36
23372,Rigid,1624479,1624481,1629895,2,5414,5416,completed,36
23373,Rigid,1624479,1624481,1883688,2,259207,259209,completed,36
23374,Rigid,1624479,1624481,1883688,2,259207,259209,completed,36
23375,Rigid,1624479,1624481,1883688,2,259207,259209,completed,36
23376,Rigid,1624479,1624481,1645204,2,20723,20725,completed,36
23377,Rigid,1624479,1624481,1883688,2,259207,259209,completed,36
23378,Rigid,1624479,1624484,1883688,5,259204,259209,completed,36
23379,Rigid,1624479,1624484,1753266,5,128782,128787,completed,36
23380,Rigid,1624479,1624484,1745364,5,120880,120885,completed,36
23381,Rigid,1624479,1624484,1883688,5,259204,259209,completed,36
23382,Rigid,1624479,1624484,1883688,5,259204,259209,completed,36
23383,Rigid,1624479,1624484,1883688,5,259204,259209,completed,36
23384,Rigid,1624479,1624484,1653211,5,28727,28732,completed,36
23385,Rigid,1624479,1624484,1692189,5,67705,67710,completed,36
23386,Rigid,1624479,1624484,1882508,5,258024,258029,completed,36
23387,Rigid,1624479,1624484,1798680,5,174196,174201,completed,36
23388,Rigid,1624479,1624484,1770201,5,145717,145722,completed,36
23389,Rigid,1624479,1624484,1683070,5,58586,58591,completed,36
23390,Rigid,1624479,1624484,1695971,5,71487,71492,completed,36
23391,Rigid,1624479,1624484,1876330,5,251846,251851,completed,36
23392,Rigid,1624479,1624484,1821707,5,197223,197228,completed,36
23393,Rigid,1624479,1624484,1660416,5,35932,35937,completed,36
23394,Rigid,1624480,1624484,1624536,4,52,56,completed,36
23395,Rigid,1624480,1624484,1786360,4,161876,161880,completed,36
23396,Rigid,1624480,1624484,1781917,4,157433,157437,completed,36
23397,Rigid,1624480,1624484,1883688,4,259204,259208,completed,36
23398,Rigid,1624480,1624537,1767625,57,143088,143145,completed,36
23399,Rigid,1624480,1629897,1802188,5417,172291,177708,completed,36
23400,Rigid,1624480,1719463,1978674,94983,259211,354194,completed,72
23401,Rigid,1624480,1738812,1998028,114332,259216,373548,completed,72
23402,Rigid,1624480,1765799,2025000,141319,259201,400520,completed,72
23403,Rigid,1624480,1767627,2026830,143147,259203,402350,completed,72
23404,Rigid,1624480,1768117,1874660,143637,106543,250180,completed,72
23405,Rigid,1624480,1797745,2056963,173265,259218,432483,completed,72
23406,Rigid,1624482,1819132,1898432,194650,79300,273950,completed,72
23407,Rigid,1624482,1829103,1919563,204621,90460,295081,completed,72
23408,Rigid,1624482,1833103,1915699,208621,82596,291217,completed,72
23409,Rigid,1624482,1835440,2045544,210958,210104,421062,completed,72
23410,Rigid,1624482,1839129,1911593,214647,72464,287111,completed,72
23411,Rigid,1624482,1844323,1924757,219841,80434,300275,completed,72
23412,Rigid,1624482,1857225,1971032,232743,113807,346550,completed,72
23413,Rigid,1624482,1865845,2028032,241363,162187,403550,completed,72
23414,Rigid,1624482,1874734,1985488,250252,110754,361006,completed,72
23415,Rigid,1624482,1883691,1933695,259209,50004,309213,completed,72
23416,Rigid,1624482,1883691,1935670,259209,51979,311188,completed,72
23417,Rigid,1624482,1883691,2142892,259209,259201,518410,completed,72
23418,Rigid,1624482,1633422,1669897,8940,36475,45415,completed,36
23419,Rigid,1624482,1634126,1893349,9644,259223,268867,completed,36
23420,Rigid,1624482,1634950,1894159,10468,259209,269677,completed,36
23421,Rigid,1624482,1636955,1896169,12473,259214,271687,completed,36
23422,Rigid,1624482,1640165,1899379,15683,259214,274897,completed,36
23423,Rigid,1624482,1640667,1899889,16185,259222,275407,completed,36
23424,Rigid,1624482,1645205,1904419,20723,259214,279937,completed,36
23425,Rigid,1624482,1646979,1906189,22497,259210,281707,completed,36
23426,Rigid,1624482,1651407,1910629,26925,259222,286147,completed,36
23427,Rigid,1624482,1651680,1755111,27198,103431,130629,completed,36
23428,Rigid,1624482,1653212,1785850,28730,132638,161368,completed,36
23429,Rigid,1624482,1655805,1915009,31323,259204,290527,completed,36
23430,Rigid,1624482,1660417,1750123,35935,89706,125641,completed,36
23431,Rigid,1624482,1661834,1921039,37352,259205,296557,completed,36
23432,Rigid,1624483,1666757,1925959,42274,259202,301476,completed,36
23433,Rigid,1624483,1668095,1749299,43612,81204,124816,completed,36
23434,Rigid,1624483,1669898,1929110,45415,259212,304627,completed,36
23435,Rigid,1624483,1670767,1683988,46284,13221,59505,completed,36
23436,Rigid,1624483,1673533,1687333,49050,13800,62850,completed,36
23437,Rigid,1624483,1678232,1692999,53749,14767,68516,completed,36
23438,Rigid,1624483,1679588,1938800,55105,259212,314317,completed,36
23439,Rigid,1624483,1680479,1939700,55996,259221,315217,completed,36
23440,Rigid,1624483,1682070,1736116,57587,54046,111633,completed,36
23441,Rigid,1624483,1683071,1700044,58588,16973,75561,completed,36
23442,Rigid,1624483,1683989,1717249,59506,33260,92766,completed,36
23443,Rigid,1624483,1684671,1833101,60188,148430,208618,completed,36
23444,Rigid,1624483,1684851,1767818,60368,82967,143335,completed,36
23445,Rigid,1624483,1685109,1742434,60626,57325,117951,completed,36
23446,Rigid,1624483,1685600,1944801,61117,259201,320318,completed,36
23447,Rigid,1624483,1687334,1843643,62851,156309,219160,completed,36
23448,Rigid,1624483,1692190,1711989,67707,19799,87506,completed,36
23449,Rigid,1624483,1693000,1952211,68517,259211,327728,completed,36
23450,Rigid,1624483,1695972,1931552,71489,235580,307069,completed,36
23451,Rigid,1624483,1696495,1780532,72012,84037,156049,completed,36
23452,Rigid,1624483,1700045,1959261,75562,259216,334778,completed,36
23453,Rigid,1624503,1624533,1624548,30,15,45,completed,36
23454,Rigid,1624503,1624504,1624531,1,27,28,completed,36
23455,Rigid,1624503,1624504,1624533,1,29,30,completed,36
23456,Rigid,1624503,1624504,1624533,1,29,30,completed,36
23457,Rigid,1624503,1624504,1624531,1,27,28,completed,36
23458,Rigid,1624503,1624504,1624534,1,30,31,completed,36
23459,Rigid,1624503,1624504,1624531,1,27,28,completed,36
23460,Rigid,1624503,1624504,1624531,1,27,28,completed,36
23461,Rigid,1624503,1624504,1624532,1,28,29,completed,36
23462,Rigid,1624503,1624504,1624535,1,31,32,completed,36
23463,Rigid,1624910,1624910,1797738,0,172828,172828,completed,108
23464,Rigid,1625030,1625034,1628576,4,3542,3546,completed,72
23465,Rigid,1625031,1625034,1797858,3,172824,172827,completed,108
23466,Rigid,1625155,1625155,1797978,0,172823,172823,completed,108
23467,Rigid,1625241,1625242,1625307,1,65,66,completed,36
23468,Rigid,1625321,1625321,1798128,0,172807,172807,completed,24
23469,Rigid,1625395,1625396,1625415,1,19,20,completed,24
23470,Rigid,1625402,1625403,1630419,1,5016,5017,completed,12
23471,Rigid,1625428,1625429,1625432,1,3,4,completed,36
23472,Rigid,1625464,1625465,1798278,1,172813,172814,completed,24
23473,Rigid,1625584,1625585,1625650,1,65,66,completed,36
23474,Rigid,1625631,1625634,1625646,3,12,15,completed,36
23475,Rigid,1625636,1625638,1798458,2,172820,172822,completed,108
23476,Rigid,1625683,1625684,1625689,1,5,6,completed,72
23477,Rigid,1625704,1625705,1798519,1,172814,172815,completed,24
23478,Rigid,1625755,1625755,1635447,0,9692,9692,completed,36
23479,Rigid,1625815,1625815,1798640,0,172825,172825,completed,24
23480,Rigid,1625826,1625827,1627935,1,2108,2109,completed,36
23481,Rigid,1625826,1625827,1627935,1,2108,2109,completed,36
23482,Rigid,1625826,1625827,1627935,1,2108,2109,completed,36
23483,Rigid,1625826,1625827,1627935,1,2108,2109,completed,36
23484,Rigid,1625826,1625827,1627935,1,2108,2109,completed,36
23485,Rigid,1625826,1625827,1627935,1,2108,2109,completed,36
23486,Rigid,1625826,1625827,1627935,1,2108,2109,completed,36
23487,Rigid,1625826,1625827,1627935,1,2108,2109,completed,36
23488,Rigid,1625858,1625858,1625864,0,6,6,completed,72
23489,Rigid,1626023,1626024,1626029,1,5,6,completed,72
23490,Rigid,1626198,1626198,1906065,0,279867,279867,completed,36
23491,Rigid,1626494,1626495,1687231,1,60736,60737,completed,36
23492,Rigid,1626494,1626495,1687534,1,61039,61040,completed,36
23493,Rigid,1626494,1626495,1730898,1,104403,104404,completed,36
23494,Rigid,1626525,1626526,1699957,1,73431,73432,completed,36
23495,Rigid,1626525,1626526,1727204,1,100678,100679,completed,36
23496,Rigid,1626525,1626526,1754220,1,127694,127695,completed,36
23497,Rigid,1626548,1626549,1734021,1,107472,107473,completed,36
23498,Rigid,1626548,1626549,1734551,1,108002,108003,completed,36
23499,Rigid,1626548,1626549,1725133,1,98584,98585,completed,36
23500,Rigid,1626586,1626587,1717629,1,91042,91043,completed,36
23501,Rigid,1626586,1663497,1709600,36911,46103,83014,completed,36
23502,Rigid,1626586,1663497,1746519,36911,83022,119933,completed,36
23503,Rigid,1626624,1626624,1626633,0,9,9,completed,36
23504,Rigid,1626672,1664101,1721043,37429,56942,94371,completed,36
23505,Rigid,1626672,1687233,1725769,60561,38536,99097,completed,36
23506,Rigid,1626672,1687535,1690453,60863,2918,63781,completed,36
23507,Rigid,1628560,1628561,1634113,1,5552,5553,completed,36
23508,Rigid,1628697,1629265,1629910,568,645,1213,completed,36
23509,Rigid,1628697,1628698,1629265,1,567,568,completed,36
23510,Rigid,1628697,1628698,1629910,1,1212,1213,completed,36
23511,Rigid,1628697,1628698,1629264,1,566,567,completed,36
23512,Rigid,1628697,1628698,1629910,1,1212,1213,completed,36
23513,Rigid,1628697,1628698,1629910,1,1212,1213,completed,36
23514,Rigid,1628697,1628698,1629910,1,1212,1213,completed,36
23515,Rigid,1628697,1628698,1629910,1,1212,1213,completed,36
23516,Rigid,1628967,1628967,1628970,0,3,3,completed,36
23517,Rigid,1629742,1629743,1629746,1,3,4,completed,36
23518,Rigid,1629978,1749403,1868107,119425,118704,238129,completed,36
23519,Rigid,1629978,1750124,1860308,120146,110184,230330,completed,36
23520,Rigid,1629978,1766389,1872128,136411,105739,242150,completed,36
23521,Rigid,1629978,1770203,1881447,140225,111244,251469,completed,36
23522,Rigid,1629978,1706265,1796975,76287,90710,166997,completed,36
23523,Rigid,1629978,1780533,1886110,150555,105577,256132,completed,36
23524,Rigid,1629978,1781918,1873045,151940,91127,243067,completed,36
23525,Rigid,1629978,1785851,1856341,155873,70490,226363,completed,36
23526,Rigid,1629978,1786361,1828723,156383,42362,198745,completed,36
23527,Rigid,1629978,1786989,1837561,157011,50572,207583,completed,36
23528,Rigid,1629978,1788512,1848592,158534,60080,218614,completed,36
23529,Rigid,1629978,1793497,1894849,163519,101352,264871,completed,36
23530,Rigid,1629978,1798681,1909972,168703,111291,279994,completed,36
23531,Rigid,1629978,1802190,1908178,172212,105988,278200,completed,36
23532,Rigid,1629978,1806874,1857223,176896,50349,227245,completed,36
23533,Rigid,1629978,1711990,1806869,82012,94879,176891,completed,36
23534,Rigid,1629978,1812254,1985491,182276,173237,355513,completed,36
23535,Rigid,1629978,1712736,1822224,82758,109488,192246,completed,36
23536,Rigid,1629978,1712796,1796818,82818,84022,166840,completed,36
23537,Rigid,1629978,1715587,1844322,85609,128735,214344,completed,36
23538,Rigid,1629978,1727315,1819040,97337,91725,189062,completed,36
23539,Rigid,1629978,1742436,1816350,112458,73914,186372,completed,36
23540,Rigid,1629978,1745365,1812253,115387,66888,182275,completed,36
23541,Rigid,1629978,1749300,1835439,119322,86139,205461,completed,36
23542,Rigid,1630153,1630153,1630416,0,263,263,completed,144
23543,Rigid,1630508,1630508,1630511,0,3,3,completed,36
23544,Rigid,1630555,1630555,1630558,0,3,3,completed,36
23545,Rigid,1630578,1630581,1630583,3,2,5,completed,36
23546,Rigid,1630950,1630951,1630954,1,3,4,completed,36
23547,Rigid,1631119,1631121,1631124,2,3,5,completed,36
23548,Rigid,1631342,1631343,1631346,1,3,4,completed,36
23549,Rigid,1631620,1631621,1631628,1,7,8,completed,72
23550,Rigid,1632007,1632008,1634681,1,2673,2674,completed,36
23551,Rigid,1632175,1632176,1632181,1,5,6,completed,72
23552,Rigid,1632417,1632417,1642204,0,9787,9787,completed,36
23553,Rigid,1632417,1632417,1637715,0,5298,5298,completed,36
23554,Rigid,1632550,1632550,1632554,0,4,4,completed,36
23555,Rigid,1632643,1632644,1632649,1,5,6,completed,36
23556,Rigid,1632666,1632667,1635461,1,2794,2795,completed,36
23557,Rigid,1632796,1632796,1632802,0,6,6,completed,36
23558,Rigid,1632813,1632814,1637790,1,4976,4977,completed,12
23559,Rigid,1632915,1632915,1632918,0,3,3,completed,36
23560,Rigid,1632990,1632993,1633287,3,294,297,completed,144
23561,Rigid,1632997,1632997,1633000,0,3,3,completed,36
23562,Rigid,1633138,1633139,1633141,1,2,3,completed,36
23563,Rigid,1633215,1633215,1633218,0,3,3,completed,36
23564,Rigid,1633504,1633504,1633507,0,3,3,completed,36
23565,Rigid,1633578,1633582,1633584,4,2,6,completed,36
23566,Rigid,1633675,1633675,1633679,0,4,4,completed,36
23567,Rigid,1635100,1635101,1796670,1,161569,161570,completed,72
23568,Rigid,1635756,1635756,1647672,0,11916,11916,completed,108
23569,Rigid,1636781,1636781,1636847,0,66,66,completed,36
23570,Rigid,1636833,1636833,1638245,0,1412,1412,completed,36
23571,Rigid,1636834,1636837,1638251,3,1414,1417,completed,36
23572,Rigid,1636835,1636837,1638250,2,1413,1415,completed,36
23573,Rigid,1636836,1636837,1638907,1,2070,2071,completed,36
23574,Rigid,1636837,1636837,1638246,0,1409,1409,completed,36
23575,Rigid,1636838,1636841,1638255,3,1414,1417,completed,36
23576,Rigid,1636838,1636841,1638257,3,1416,1419,completed,36
23577,Rigid,1636839,1636841,1638258,2,1417,1419,completed,36
23578,Rigid,1636840,1636841,1638255,1,1414,1415,completed,36
23579,Rigid,1636841,1636841,1638252,0,1411,1411,completed,36
23580,Rigid,1636842,1636845,1638258,3,1413,1416,completed,36
23581,Rigid,1636843,1636845,1638254,2,1409,1411,completed,36
23582,Rigid,1636844,1636845,1638255,1,1410,1411,completed,36
23583,Rigid,1636845,1636845,1638258,0,1413,1413,completed,36
23584,Rigid,1636846,1636849,1638259,3,1410,1413,completed,36
23585,Rigid,1636846,1636849,1638257,3,1408,1411,completed,36
23586,Rigid,1636906,1636906,1636999,0,93,93,completed,36
23587,Rigid,1637034,1637034,1906062,0,269028,269028,completed,36
23588,Rigid,1637059,1637059,1637320,0,261,261,completed,144
23589,Rigid,1637096,1637096,1874810,0,237714,237714,completed,36
23590,Rigid,1637344,1637345,1640078,1,2733,2734,completed,36
23591,Rigid,1637344,1637345,1639416,1,2071,2072,completed,36
23592,Rigid,1637610,1637610,1637613,0,3,3,completed,36
23593,Rigid,1637641,1637641,1637646,0,5,5,completed,36
23594,Rigid,1637717,1637718,1637721,1,3,4,completed,36
23595,Rigid,1637777,1637777,1637780,0,3,3,completed,36
23596,Rigid,1637784,1637785,1637788,1,3,4,completed,36
23597,Rigid,1637798,1637798,1637812,0,14,14,completed,1
23598,Rigid,1637798,1637798,1637881,0,83,83,completed,1
23599,Rigid,1637798,1637798,1637801,0,3,3,completed,36
23600,Rigid,1637798,1637802,1637835,4,33,37,completed,1
23601,Rigid,1637799,1637802,1637838,3,36,39,completed,1
23602,Rigid,1637799,1637802,1637828,3,26,29,completed,1
23603,Rigid,1637799,1637802,1637872,3,70,73,completed,1
23604,Rigid,1637800,1637802,1637845,2,43,45,completed,1
23605,Rigid,1637800,1637802,1637827,2,25,27,completed,1
23606,Rigid,1637801,1637802,1637851,1,49,50,completed,1
23607,Rigid,1637801,1637802,1637840,1,38,39,completed,1
23608,Rigid,1637801,1637802,1637839,1,37,38,completed,1
23609,Rigid,1637801,1637802,1637827,1,25,26,completed,1
23610,Rigid,1637801,1637802,1637895,1,93,94,completed,1
23611,Rigid,1637801,1637802,1637836,1,34,35,completed,1
23612,Rigid,1637802,1637802,1637811,0,9,9,completed,1
23613,Rigid,1637802,1637802,1637857,0,55,55,completed,1
23614,Rigid,1637802,1637802,1637838,0,36,36,completed,1
23615,Rigid,1637802,1637802,1637892,0,90,90,completed,1
23616,Rigid,1637802,1637802,1637843,0,41,41,completed,1
23617,Rigid,1637802,1637802,1637825,0,23,23,completed,1
23618,Rigid,1637802,1637802,1637832,0,30,30,completed,1
23619,Rigid,1637802,1637802,1637894,0,92,92,completed,1
23620,Rigid,1637802,1637802,1637859,0,57,57,completed,1
23621,Rigid,1637802,1637802,1637893,0,91,91,completed,1
23622,Rigid,1637802,1637806,1637856,4,50,54,completed,1
23623,Rigid,1637802,1637806,1637832,4,26,30,completed,1
23624,Rigid,1637802,1637806,1637888,4,82,86,completed,1
23625,Rigid,1637802,1637806,1637839,4,33,37,completed,1
23626,Rigid,1637802,1637806,1637864,4,58,62,completed,1
23627,Rigid,1637802,1637806,1637835,4,29,33,completed,1
23628,Rigid,1637803,1637806,1637814,3,8,11,completed,1
23629,Rigid,1637803,1637806,1637815,3,9,12,completed,1
23630,Rigid,1637803,1637806,1637813,3,7,10,completed,1
23631,Rigid,1637803,1637806,1637871,3,65,68,completed,1
23632,Rigid,1637803,1637806,1637821,3,15,18,completed,1
23633,Rigid,1637803,1637806,1637840,3,34,37,completed,1
23634,Rigid,1637803,1637806,1637838,3,32,35,completed,1
23635,Rigid,1637803,1637806,1637876,3,70,73,completed,1
23636,Rigid,1637803,1637806,1637834,3,28,31,completed,1
23637,Rigid,1637803,1637806,1637829,3,23,26,completed,1
23638,Rigid,1637803,1637806,1637855,3,49,52,completed,1
23639,Rigid,1637803,1637806,1637824,3,18,21,completed,1
23640,Rigid,1637803,1637806,1637827,3,21,24,completed,1
23641,Rigid,1637803,1637806,1637836,3,30,33,completed,1
23642,Rigid,1637804,1637806,1637852,2,46,48,completed,1
23643,Rigid,1637804,1637806,1637836,2,30,32,completed,1
23644,Rigid,1637804,1637806,1637824,2,18,20,completed,1
23645,Rigid,1637804,1637806,1637847,2,41,43,completed,1
23646,Rigid,1637929,1637929,1637935,0,6,6,completed,36
23647,Rigid,1637942,1637946,1638240,4,294,298,completed,144
23648,Rigid,1638032,1638033,1728050,1,90017,90018,completed,1
23649,Rigid,1638032,1638033,1933073,1,295040,295041,completed,1
23650,Rigid,1638032,1638033,1858795,1,220762,220763,completed,1
23651,Rigid,1638032,1638033,1983655,1,345622,345623,completed,1
23652,Rigid,1638032,1638033,1938661,1,300628,300629,completed,1
23653,Rigid,1638032,1638033,1983655,1,345622,345623,completed,1
23654,Rigid,1638032,1638033,1983655,1,345622,345623,completed,1
23655,Rigid,1638032,1638033,1983655,1,345622,345623,completed,1
23656,Rigid,1638032,1638033,1983655,1,345622,345623,completed,1
23657,Rigid,1638032,1638033,1983655,1,345622,345623,completed,1
23658,Rigid,1638032,1638033,1983655,1,345622,345623,completed,1
23659,Rigid,1638032,1638033,1843225,1,205192,205193,completed,1
23660,Rigid,1638032,1638033,1983655,1,345622,345623,completed,1
23661,Rigid,1638032,1638033,1774483,1,136450,136451,completed,1
23662,Rigid,1638032,1638033,1983655,1,345622,345623,completed,1
23663,Rigid,1638032,1638033,1983655,1,345622,345623,completed,1
23664,Rigid,1638032,1638033,1983655,1,345622,345623,completed,1
23665,Rigid,1638032,1638033,1983655,1,345622,345623,completed,1
23666,Rigid,1638032,1638033,1828023,1,189990,189991,completed,1
23667,Rigid,1638032,1638033,1983655,1,345622,345623,completed,1
23668,Rigid,1638032,1638033,1826817,1,188784,188785,completed,1
23669,Rigid,1638032,1638033,1826713,1,188680,188681,completed,1
23670,Rigid,1638032,1638033,1855234,1,217201,217202,completed,1
23671,Rigid,1638032,1638033,1769957,1,131924,131925,completed,1
23672,Rigid,1638032,1638033,1766980,1,128947,128948,completed,1
23673,Rigid,1638032,1638033,1769433,1,131400,131401,completed,1
23674,Rigid,1638032,1638033,1770121,1,132088,132089,completed,1
23675,Rigid,1638032,1638033,1772448,1,134415,134416,completed,1
23676,Rigid,1638032,1638033,1773053,1,135020,135021,completed,1
23677,Rigid,1638032,1638033,1983655,1,345622,345623,completed,1
23678,Rigid,1638032,1638033,1983655,1,345622,345623,completed,1
23679,Rigid,1638032,1638033,1983655,1,345622,345623,completed,1
23680,Rigid,1638032,1638033,1983655,1,345622,345623,completed,1
23681,Rigid,1638032,1638033,1983655,1,345622,345623,completed,1
23682,Rigid,1638032,1638033,1983655,1,345622,345623,completed,1
23683,Rigid,1638032,1638033,1774241,1,136208,136209,completed,1
23684,Rigid,1638032,1638033,1983655,1,345622,345623,completed,1
23685,Rigid,1638032,1638033,1983655,1,345622,345623,completed,1
23686,Rigid,1638032,1638033,1983655,1,345622,345623,completed,1
23687,Rigid,1638032,1638033,1983655,1,345622,345623,completed,1
23688,Rigid,1638032,1638033,1775684,1,137651,137652,completed,1
23689,Rigid,1638032,1638033,1741437,1,103404,103405,completed,1
23690,Rigid,1638032,1638033,1710818,1,72785,72786,completed,1
23691,Rigid,1638032,1638033,1728150,1,90117,90118,completed,1
23692,Rigid,1638032,1638033,1721073,1,83040,83041,completed,1
23693,Rigid,1638060,1638060,1638066,0,6,6,completed,36
23694,Rigid,1638134,1638135,1638137,1,2,3,completed,36
23695,Rigid,1638311,1638311,1638314,0,3,3,completed,36
23696,Rigid,1638340,1638340,1638343,0,3,3,completed,36
23697,Rigid,1638378,1638378,1638384,0,6,6,completed,36
23698,Rigid,1638413,1638413,1638419,0,6,6,completed,36
23699,Rigid,1638424,1638425,1638428,1,3,4,completed,36
23700,Rigid,1638581,1638582,1638587,1,5,6,completed,72
23701,Rigid,1638593,1638594,1638596,1,2,3,completed,36
23702,Rigid,1638604,1638605,1638607,1,2,3,completed,36
23703,Rigid,1638661,1638662,1638667,1,5,6,completed,36
23704,Rigid,1638771,1638771,1638773,0,2,2,completed,36
23705,Rigid,1638833,1638833,1638836,0,3,3,completed,36
23706,Rigid,1639005,1639005,1639010,0,5,5,completed,36
23707,Rigid,1639056,1639056,1641761,0,2705,2705,completed,36
23708,Rigid,1639155,1639155,1639161,0,6,6,completed,36
23709,Rigid,1639247,1639248,1639540,1,292,293,completed,144
23710,Rigid,1639533,1639533,1639540,0,7,7,completed,36
23711,Rigid,1639601,1639602,1639607,1,5,6,completed,36
23712,Rigid,1639670,1639671,1639680,1,9,10,completed,36
23713,Rigid,1639853,1639853,1639863,0,10,10,completed,36
23714,Rigid,1639901,1639901,1639909,0,8,8,completed,36
23715,Rigid,1640213,1640214,1640219,1,5,6,completed,72
23716,Rigid,1640236,1640237,1640241,1,4,5,completed,72
23717,Rigid,1640367,1640368,1640378,1,10,11,completed,36
23718,Rigid,1640426,1640427,1640430,1,3,4,completed,36
23719,Rigid,1640482,1640485,1640493,3,8,11,completed,36
23720,Rigid,1640570,1640571,1640576,1,5,6,completed,36
23721,Rigid,1640607,1640608,1640611,1,3,4,completed,36
23722,Rigid,1640670,1640670,1640964,0,294,294,completed,144
23723,Rigid,1640749,1640750,1641254,1,504,505,completed,72
23724,Rigid,1640802,1640803,1640805,1,2,3,completed,36
23725,Rigid,1640811,1640812,1640890,1,78,79,completed,2
23726,Rigid,1640811,1640812,1640890,1,78,79,completed,2
23727,Rigid,1640811,1640812,1640889,1,77,78,completed,2
23728,Rigid,1640811,1640812,1640889,1,77,78,completed,2
23729,Rigid,1640811,1640812,1640889,1,77,78,completed,2
23730,Rigid,1640815,1640816,1640889,1,73,74,completed,2
23731,Rigid,1640819,1640820,1640889,1,69,70,completed,2
23732,Rigid,1640825,1640826,1640889,1,63,64,completed,2
23733,Rigid,1640834,1640835,1640889,1,54,55,completed,2
23734,Rigid,1640835,1640835,1640890,0,55,55,completed,2
23735,Rigid,1640835,1640835,1640889,0,54,54,completed,2
23736,Rigid,1640835,1640839,1640890,4,51,55,completed,2
23737,Rigid,1640835,1640839,1640890,4,51,55,completed,2
23738,Rigid,1640835,1640839,1640889,4,50,54,completed,2
23739,Rigid,1640835,1640839,1640890,4,51,55,completed,2
23740,Rigid,1640835,1640839,1640891,4,52,56,completed,2
23741,Rigid,1640835,1640839,1640891,4,52,56,completed,2
23742,Rigid,1640835,1640839,1640891,4,52,56,completed,2
23743,Rigid,1640836,1640839,1640889,3,50,53,completed,2
23744,Rigid,1640836,1640839,1640889,3,50,53,completed,2
23745,Rigid,1640836,1640839,1640890,3,51,54,completed,2
23746,Rigid,1640836,1640839,1640889,3,50,53,completed,2
23747,Rigid,1640836,1640839,1640889,3,50,53,completed,2
23748,Rigid,1640841,1640845,1640895,4,50,54,completed,2
23749,Rigid,1640871,1640872,1640874,1,2,3,completed,36
23750,Rigid,1640902,1640905,1640913,3,8,11,completed,2
23751,Rigid,1640927,1640928,1640941,1,13,14,completed,2
23752,Rigid,1640970,1640970,1640975,0,5,5,completed,2
23753,Rigid,1640970,1640970,1640975,0,5,5,completed,2
23754,Rigid,1640970,1640970,1640975,0,5,5,completed,2
23755,Rigid,1640970,1640970,1640975,0,5,5,completed,2
23756,Rigid,1640970,1640970,1640975,0,5,5,completed,2
23757,Rigid,1640970,1640974,1640979,4,5,9,completed,2
23758,Rigid,1640975,1640976,1640980,1,4,5,completed,2
23759,Rigid,1640975,1640976,1640980,1,4,5,completed,2
23760,Rigid,1640975,1640976,1640980,1,4,5,completed,2
23761,Rigid,1640975,1640976,1640980,1,4,5,completed,2
23762,Rigid,1640975,1640976,1640980,1,4,5,completed,2
23763,Rigid,1640975,1640976,1640980,1,4,5,completed,2
23764,Rigid,1640980,1640980,1640984,0,4,4,completed,2
23765,Rigid,1640980,1640980,1640984,0,4,4,completed,2
23766,Rigid,1640980,1640980,1640984,0,4,4,completed,2
23767,Rigid,1640980,1640980,1640984,0,4,4,completed,2
23768,Rigid,1640980,1640980,1640984,0,4,4,completed,2
23769,Rigid,1640980,1640980,1640984,0,4,4,completed,2
23770,Rigid,1640980,1640980,1640984,0,4,4,completed,2
23771,Rigid,1640980,1640980,1640985,0,5,5,completed,2
23772,Rigid,1640980,1640980,1640984,0,4,4,completed,2
23773,Rigid,1640980,1640980,1640984,0,4,4,completed,2
23774,Rigid,1640980,1640981,1640986,1,5,6,completed,2
23775,Rigid,1640980,1640981,1640986,1,5,6,completed,2
23776,Rigid,1640980,1640981,1640986,1,5,6,completed,2
23777,Rigid,1640980,1640981,1640986,1,5,6,completed,2
23778,Rigid,1640984,1640985,1640990,1,5,6,completed,2
23779,Rigid,1640984,1640985,1640990,1,5,6,completed,2
23780,Rigid,1640987,1640990,1640995,3,5,8,completed,2
23781,Rigid,1640987,1640990,1640995,3,5,8,completed,2
23782,Rigid,1640987,1640990,1640995,3,5,8,completed,2
23783,Rigid,1640987,1640990,1640995,3,5,8,completed,2
23784,Rigid,1640988,1640990,1640995,2,5,7,completed,2
23785,Rigid,1640988,1640990,1640995,2,5,7,completed,2
23786,Rigid,1640988,1640990,1640995,2,5,7,completed,2
23787,Rigid,1640988,1640990,1640995,2,5,7,completed,2
23788,Rigid,1640991,1640991,1640995,0,4,4,completed,2
23789,Rigid,1640991,1640994,1640999,3,5,8,completed,2
23790,Rigid,1640991,1640994,1640999,3,5,8,completed,2
23791,Rigid,1640991,1640994,1640999,3,5,8,completed,2
23792,Rigid,1640991,1640994,1640999,3,5,8,completed,2
23793,Rigid,1640991,1640994,1640999,3,5,8,completed,2
23794,Rigid,1640991,1640994,1640999,3,5,8,completed,2
23795,Rigid,1640991,1640994,1640999,3,5,8,completed,2
23796,Rigid,1640994,1640994,1640999,0,5,5,completed,2
23797,Rigid,1640994,1640994,1640999,0,5,5,completed,2
23798,Rigid,1640994,1640996,1641001,2,5,7,completed,2
23799,Rigid,1640995,1640996,1641001,1,5,6,completed,2
23800,Rigid,1640995,1640996,1641001,1,5,6,completed,2
23801,Rigid,1640995,1640996,1641001,1,5,6,completed,2
23802,Rigid,1640995,1640996,1641001,1,5,6,completed,2
23803,Rigid,1640995,1640996,1641001,1,5,6,completed,2
23804,Rigid,1640995,1640996,1641001,1,5,6,completed,2
23805,Rigid,1640996,1640996,1641001,0,5,5,completed,2
23806,Rigid,1640996,1640996,1641001,0,5,5,completed,2
23807,Rigid,1640996,1640996,1641001,0,5,5,completed,2
23808,Rigid,1640996,1640996,1641001,0,5,5,completed,2
23809,Rigid,1640996,1640996,1641001,0,5,5,completed,2
23810,Rigid,1640996,1640996,1641001,0,5,5,completed,2
23811,Rigid,1640996,1640997,1641001,1,4,5,completed,2
23812,Rigid,1641367,1641368,1641372,1,4,5,completed,36
23813,Rigid,1641396,1641397,1641404,1,7,8,completed,36
23814,Rigid,1641469,1641470,1641477,1,7,8,completed,36
23815,Rigid,1641548,1641549,1641552,1,3,4,completed,36
23816,Rigid,1641565,1641567,1641576,2,9,11,completed,36
23817,Rigid,1641664,1641665,1641677,1,12,13,completed,36
23818,Rigid,1641705,1641706,1641709,1,3,4,completed,36
23819,Rigid,1641707,1641710,1641718,3,8,11,completed,36
23820,Rigid,1641771,1641772,1644661,1,2889,2890,completed,72
23821,Rigid,1641772,1641776,1641779,4,3,7,completed,36
23822,Rigid,1641779,1641780,1641789,1,9,10,completed,36
23823,Rigid,1641832,1641832,1641881,0,49,49,completed,2
23824,Rigid,1641832,1641832,1641881,0,49,49,completed,2
23825,Rigid,1641832,1641832,1641881,0,49,49,completed,2
23826,Rigid,1641832,1641832,1641881,0,49,49,completed,2
23827,Rigid,1641832,1641832,1641881,0,49,49,completed,2
23828,Rigid,1641832,1641832,1641881,0,49,49,completed,2
23829,Rigid,1641837,1641841,1641881,4,40,44,completed,2
23830,Rigid,1641837,1641841,1641881,4,40,44,completed,2
23831,Rigid,1641837,1641841,1641881,4,40,44,completed,2
23832,Rigid,1641838,1641841,1641881,3,40,43,completed,2
23833,Rigid,1641838,1641841,1641881,3,40,43,completed,2
23834,Rigid,1641838,1641841,1641881,3,40,43,completed,2
23835,Rigid,1641838,1641841,1641881,3,40,43,completed,2
23836,Rigid,1641838,1641841,1641881,3,40,43,completed,2
23837,Rigid,1641844,1641845,1641881,1,36,37,completed,2
23838,Rigid,1641844,1641845,1641881,1,36,37,completed,2
23839,Rigid,1641844,1641845,1641881,1,36,37,completed,2
23840,Rigid,1641844,1641845,1641881,1,36,37,completed,2
23841,Rigid,1641844,1641845,1641881,1,36,37,completed,2
23842,Rigid,1641844,1641845,1641881,1,36,37,completed,2
23843,Rigid,1641844,1641845,1641881,1,36,37,completed,2
23844,Rigid,1641844,1641845,1641881,1,36,37,completed,2
23845,Rigid,1641844,1641845,1641881,1,36,37,completed,2
23846,Rigid,1641846,1641847,1641855,1,8,9,completed,36
23847,Rigid,1641881,1641882,1641890,1,8,9,completed,36
23848,Rigid,1641891,1641891,1641898,0,7,7,completed,2
23849,Rigid,1641901,1641902,1641912,1,10,11,completed,2
23850,Rigid,1641954,1641955,1641963,1,8,9,completed,36
23851,Rigid,1641971,1641972,1641977,1,5,6,completed,2
23852,Rigid,1641971,1641972,1641977,1,5,6,completed,2
23853,Rigid,1641971,1641972,1641977,1,5,6,completed,2
23854,Rigid,1641971,1641972,1641977,1,5,6,completed,2
23855,Rigid,1641971,1641972,1641977,1,5,6,completed,2
23856,Rigid,1641971,1641972,1641977,1,5,6,completed,2
23857,Rigid,1641971,1641972,1641977,1,5,6,completed,2
23858,Rigid,1641971,1641972,1641977,1,5,6,completed,2
23859,Rigid,1641971,1641972,1641977,1,5,6,completed,2
23860,Rigid,1641971,1641972,1641977,1,5,6,completed,2
23861,Rigid,1641971,1641972,1641977,1,5,6,completed,2
23862,Rigid,1641971,1641972,1641977,1,5,6,completed,2
23863,Rigid,1641971,1641972,1641977,1,5,6,completed,2
23864,Rigid,1641972,1641972,1641977,0,5,5,completed,2
23865,Rigid,1641972,1641972,1641977,0,5,5,completed,2
23866,Rigid,1641972,1641972,1641977,0,5,5,completed,2
23867,Rigid,1641972,1641972,1641977,0,5,5,completed,2
23868,Rigid,1641972,1641972,1641977,0,5,5,completed,2
23869,Rigid,1641972,1641976,1641980,4,4,8,completed,2
23870,Rigid,1641972,1641976,1641980,4,4,8,completed,2
23871,Rigid,1641972,1641976,1641980,4,4,8,completed,2
23872,Rigid,1641972,1641976,1641980,4,4,8,completed,2
23873,Rigid,1641972,1641976,1641980,4,4,8,completed,2
23874,Rigid,1641972,1641976,1641980,4,4,8,completed,2
23875,Rigid,1641972,1641976,1641980,4,4,8,completed,2
23876,Rigid,1641972,1641976,1641980,4,4,8,completed,2
23877,Rigid,1641972,1641976,1641980,4,4,8,completed,2
23878,Rigid,1641972,1641976,1641980,4,4,8,completed,2
23879,Rigid,1641972,1641976,1641980,4,4,8,completed,2
23880,Rigid,1641972,1641976,1641980,4,4,8,completed,2
23881,Rigid,1641972,1641976,1641980,4,4,8,completed,2
23882,Rigid,1641976,1641978,1641982,2,4,6,completed,2
23883,Rigid,1641976,1641978,1641982,2,4,6,completed,2
23884,Rigid,1641981,1641981,1641986,0,5,5,completed,2
23885,Rigid,1641981,1641981,1641986,0,5,5,completed,2
23886,Rigid,1641981,1641981,1641986,0,5,5,completed,2
23887,Rigid,1641981,1641981,1641986,0,5,5,completed,2
23888,Rigid,1641981,1641981,1641986,0,5,5,completed,2
23889,Rigid,1641985,1641987,1641991,2,4,6,completed,2
23890,Rigid,1641985,1641987,1641991,2,4,6,completed,2
23891,Rigid,1641985,1641987,1641991,2,4,6,completed,2
23892,Rigid,1641985,1641987,1641991,2,4,6,completed,2
23893,Rigid,1641986,1641987,1641991,1,4,5,completed,2
23894,Rigid,1641986,1641987,1641991,1,4,5,completed,2
23895,Rigid,1641986,1641987,1641991,1,4,5,completed,2
23896,Rigid,1641986,1641987,1641991,1,4,5,completed,2
23897,Rigid,1641986,1641987,1641991,1,4,5,completed,2
23898,Rigid,1641987,1641987,1641991,0,4,4,completed,2
23899,Rigid,1641991,1641992,1641996,1,4,5,completed,2
23900,Rigid,1641991,1641992,1641997,1,5,6,completed,2
23901,Rigid,1641991,1641992,1641996,1,4,5,completed,2
23902,Rigid,1641991,1641992,1641996,1,4,5,completed,2
23903,Rigid,1641991,1641992,1641996,1,4,5,completed,2
23904,Rigid,1641991,1641992,1641997,1,5,6,completed,2
23905,Rigid,1641991,1641992,1641996,1,4,5,completed,2
23906,Rigid,1641991,1641992,1641996,1,4,5,completed,2
23907,Rigid,1641991,1641992,1641996,1,4,5,completed,2
23908,Rigid,1641991,1641992,1641997,1,5,6,completed,2
23909,Rigid,1641991,1641992,1641997,1,5,6,completed,2
23910,Rigid,1641991,1641992,1641996,1,4,5,completed,2
23911,Rigid,1642047,1642047,1642055,0,8,8,completed,36
23912,Rigid,1642104,1642105,1642113,1,8,9,completed,36
23913,Rigid,1642151,1642152,1642160,1,8,9,completed,36
23914,Rigid,1642213,1642216,1642222,3,6,9,completed,144
23915,Rigid,1642228,1642230,1642523,2,293,295,completed,144
23916,Rigid,1642229,1642230,1642490,1,260,261,completed,144
23917,Rigid,1642305,1642306,1642309,1,3,4,completed,36
23918,Rigid,1642322,1642323,1648479,1,6156,6157,completed,36
23919,Rigid,1642371,1642372,1642374,1,2,3,completed,36
23920,Rigid,1642424,1642424,1642426,0,2,2,completed,36
23921,Rigid,1642670,1642671,1796670,1,153999,154000,completed,72
23922,Rigid,1642782,1642783,1642802,1,19,20,completed,2
23923,Rigid,1642782,1642783,1642793,1,10,11,completed,2
23924,Rigid,1642782,1642783,1642793,1,10,11,completed,2
23925,Rigid,1642782,1642783,1642802,1,19,20,completed,2
23926,Rigid,1642788,1642791,1642795,3,4,7,completed,2
23927,Rigid,1642788,1642791,1642795,3,4,7,completed,2
23928,Rigid,1642788,1642791,1642797,3,6,9,completed,2
23929,Rigid,1642788,1642791,1642796,3,5,8,completed,2
23930,Rigid,1642788,1642791,1642796,3,5,8,completed,2
23931,Rigid,1642788,1642791,1642803,3,12,15,completed,2
23932,Rigid,1642788,1642791,1642803,3,12,15,completed,2
23933,Rigid,1642788,1642791,1642802,3,11,14,completed,2
23934,Rigid,1642789,1642791,1642795,2,4,6,completed,2
23935,Rigid,1642795,1642796,1642800,1,4,5,completed,2
23936,Rigid,1642795,1642796,1642800,1,4,5,completed,2
23937,Rigid,1642795,1642796,1642800,1,4,5,completed,2
23938,Rigid,1642795,1642796,1642825,1,29,30,completed,2
23939,Rigid,1642795,1642796,1642808,1,12,13,completed,2
23940,Rigid,1642795,1642796,1642809,1,13,14,completed,2
23941,Rigid,1642795,1642796,1642809,1,13,14,completed,2
23942,Rigid,1642819,1642820,1642823,1,3,4,completed,36
23943,Rigid,1642867,1642869,1643161,2,292,294,completed,144
23944,Rigid,1643046,1643046,1643051,0,5,5,completed,36
23945,Rigid,1643150,1643151,1643161,1,10,11,completed,2
23946,Rigid,1643151,1643155,1643161,4,6,10,completed,2
23947,Rigid,1643151,1643155,1643161,4,6,10,completed,2
23948,Rigid,1643151,1643155,1643161,4,6,10,completed,2
23949,Rigid,1643151,1643155,1643161,4,6,10,completed,2
23950,Rigid,1643151,1643151,1643189,0,38,38,completed,2
23951,Rigid,1643151,1643151,1643169,0,18,18,completed,2
23952,Rigid,1643151,1643155,1643169,4,14,18,completed,2
23953,Rigid,1643151,1643155,1643169,4,14,18,completed,2
23954,Rigid,1643152,1643155,1643161,3,6,9,completed,2
23955,Rigid,1643152,1643155,1643161,3,6,9,completed,2
23956,Rigid,1643152,1643155,1643161,3,6,9,completed,2
23957,Rigid,1643152,1643155,1643170,3,15,18,completed,2
23958,Rigid,1643152,1643155,1643169,3,14,17,completed,2
23959,Rigid,1643152,1643155,1643189,3,34,37,completed,2
23960,Rigid,1643152,1643155,1643169,3,14,17,completed,2
23961,Rigid,1643153,1643155,1643161,2,6,8,completed,2
23962,Rigid,1643153,1643155,1643161,2,6,8,completed,2
23963,Rigid,1643153,1643155,1643169,2,14,16,completed,2
23964,Rigid,1643153,1643155,1643168,2,13,15,completed,2
23965,Rigid,1643172,1643173,1643192,1,19,20,completed,2
23966,Rigid,1643173,1643173,1643192,0,19,19,completed,2
23967,Rigid,1643173,1643173,1643192,0,19,19,completed,2
23968,Rigid,1643173,1643177,1643192,4,15,19,completed,2
23969,Rigid,1643174,1643177,1643192,3,15,18,completed,2
23970,Rigid,1643174,1643177,1643192,3,15,18,completed,2
23971,Rigid,1643174,1643177,1643192,3,15,18,completed,2
23972,Rigid,1643174,1643177,1643192,3,15,18,completed,2
23973,Rigid,1643195,1643195,1643203,0,8,8,completed,2
23974,Rigid,1643195,1643195,1643226,0,31,31,completed,2
23975,Rigid,1643201,1643203,1643210,2,7,9,completed,2
23976,Rigid,1643201,1643203,1643211,2,8,10,completed,2
23977,Rigid,1643201,1643203,1643210,2,7,9,completed,2
23978,Rigid,1643201,1643203,1643215,2,12,14,completed,2
23979,Rigid,1643201,1643203,1643234,2,31,33,completed,2
23980,Rigid,1643201,1643203,1643215,2,12,14,completed,2
23981,Rigid,1643201,1643203,1643234,2,31,33,completed,2
23982,Rigid,1643201,1643203,1643215,2,12,14,completed,2
23983,Rigid,1643201,1643203,1643234,2,31,33,completed,2
23984,Rigid,1643201,1643203,1643215,2,12,14,completed,2
23985,Rigid,1643201,1643203,1643235,2,32,34,completed,2
23986,Rigid,1643201,1643203,1643234,2,31,33,completed,2
23987,Rigid,1643201,1643203,1643235,2,32,34,completed,2
23988,Rigid,1643201,1643203,1643215,2,12,14,completed,2
23989,Rigid,1643201,1643203,1643215,2,12,14,completed,2
23990,Rigid,1643201,1643203,1643234,2,31,33,completed,2
23991,Rigid,1643201,1643203,1643215,2,12,14,completed,2
23992,Rigid,1643201,1643203,1643234,2,31,33,completed,2
23993,Rigid,1643201,1643203,1643234,2,31,33,completed,2
23994,Rigid,1643201,1643203,1643234,2,31,33,completed,2
23995,Rigid,1643201,1643203,1643215,2,12,14,completed,2
23996,Rigid,1643201,1643203,1643219,2,16,18,completed,2
23997,Rigid,1643202,1643203,1643211,1,8,9,completed,2
23998,Rigid,1643202,1643203,1643211,1,8,9,completed,2
23999,Rigid,1643202,1643203,1643211,1,8,9,completed,2
24000,Rigid,1643202,1643203,1643211,1,8,9,completed,2
24001,Rigid,1643202,1643203,1643216,1,13,14,completed,2
24002,Rigid,1643202,1643203,1643235,1,32,33,completed,2
24003,Rigid,1643202,1643203,1643234,1,31,32,completed,2
24004,Rigid,1643202,1643203,1643234,1,31,32,completed,2
24005,Rigid,1643202,1643203,1643219,1,16,17,completed,2
24006,Rigid,1643202,1643203,1643216,1,13,14,completed,2
24007,Rigid,1643202,1643203,1643235,1,32,33,completed,2
24008,Rigid,1643202,1643203,1643213,1,10,11,completed,2
24009,Rigid,1643202,1643203,1643215,1,12,13,completed,2
24010,Rigid,1643202,1643203,1643235,1,32,33,completed,2
24011,Rigid,1643202,1643203,1643234,1,31,32,completed,2
24012,Rigid,1643202,1643203,1643235,1,32,33,completed,2
24013,Rigid,1643202,1643203,1643216,1,13,14,completed,2
24014,Rigid,1643202,1643203,1643234,1,31,32,completed,2
24015,Rigid,1643202,1643203,1643234,1,31,32,completed,2
24016,Rigid,1643202,1643203,1643215,1,12,13,completed,2
24017,Rigid,1643202,1643203,1643234,1,31,32,completed,2
24018,Rigid,1643202,1643203,1643215,1,12,13,completed,2
24019,Rigid,1643203,1643203,1643234,0,31,31,completed,2
24020,Rigid,1643203,1643203,1643216,0,13,13,completed,2
24021,Rigid,1643203,1643203,1643215,0,12,12,completed,2
24022,Rigid,1643203,1643203,1643233,0,30,30,completed,2
24023,Rigid,1643203,1643203,1643234,0,31,31,completed,2
24024,Rigid,1643206,1643207,1643214,1,7,8,completed,2
24025,Rigid,1643221,1643221,1643227,0,6,6,completed,2
24026,Rigid,1643221,1643221,1643227,0,6,6,completed,2
24027,Rigid,1643222,1643225,1643231,3,6,9,completed,2
24028,Rigid,1643223,1643225,1643234,2,9,11,completed,2
24029,Rigid,1643223,1643225,1643232,2,7,9,completed,2
24030,Rigid,1643223,1643225,1643275,2,50,52,completed,2
24031,Rigid,1643223,1643225,1643275,2,50,52,completed,2
24032,Rigid,1643224,1643225,1643275,1,50,51,completed,2
24033,Rigid,1643228,1643228,1643236,0,8,8,completed,2
24034,Rigid,1643228,1643228,1643236,0,8,8,completed,2
24035,Rigid,1643228,1643228,1643234,0,6,6,completed,2
24036,Rigid,1643228,1643228,1643235,0,7,7,completed,2
24037,Rigid,1643228,1643228,1643234,0,6,6,completed,2
24038,Rigid,1643228,1643228,1643237,0,9,9,completed,2
24039,Rigid,1643228,1643228,1643235,0,7,7,completed,2
24040,Rigid,1643228,1643228,1643234,0,6,6,completed,2
24041,Rigid,1643228,1643229,1643234,1,5,6,completed,2
24042,Rigid,1643228,1643228,1643274,0,46,46,completed,2
24043,Rigid,1643228,1643228,1643242,0,14,14,completed,2
24044,Rigid,1643228,1643229,1643277,1,48,49,completed,2
24045,Rigid,1643229,1643229,1643276,0,47,47,completed,2
24046,Rigid,1643236,1643236,1643242,0,6,6,completed,2
24047,Rigid,1643239,1643240,1643254,1,14,15,completed,2
24048,Rigid,1643240,1643241,1643246,1,5,6,completed,2
24049,Rigid,1643249,1643250,1643252,1,2,3,completed,36
24050,Rigid,1643277,1643277,1643283,0,6,6,completed,36
24051,Rigid,1643282,1643283,1643288,1,5,6,completed,2
24052,Rigid,1643292,1643293,1643304,1,11,12,completed,2
24053,Rigid,1643330,1643331,1643339,1,8,9,completed,2
24054,Rigid,1643331,1643331,1643339,0,8,8,completed,2
24055,Rigid,1643331,1643331,1643339,0,8,8,completed,2
24056,Rigid,1643331,1643331,1643339,0,8,8,completed,2
24057,Rigid,1643331,1643335,1643339,4,4,8,completed,2
24058,Rigid,1643331,1643335,1643339,4,4,8,completed,2
24059,Rigid,1643331,1643335,1643339,4,4,8,completed,2
24060,Rigid,1643331,1643335,1643339,4,4,8,completed,2
24061,Rigid,1643331,1643335,1643339,4,4,8,completed,2
24062,Rigid,1643331,1643335,1643339,4,4,8,completed,2
24063,Rigid,1643331,1643335,1643339,4,4,8,completed,2
24064,Rigid,1643331,1643335,1643339,4,4,8,completed,2
24065,Rigid,1643331,1643335,1643339,4,4,8,completed,2
24066,Rigid,1643331,1643335,1643339,4,4,8,completed,2
24067,Rigid,1643331,1643335,1643339,4,4,8,completed,2
24068,Rigid,1643331,1643335,1643339,4,4,8,completed,2
24069,Rigid,1643331,1643335,1643339,4,4,8,completed,2
24070,Rigid,1643331,1643335,1643339,4,4,8,completed,2
24071,Rigid,1643331,1643335,1643340,4,5,9,completed,2
24072,Rigid,1643332,1643335,1643340,3,5,8,completed,2
24073,Rigid,1643332,1643335,1643340,3,5,8,completed,2
24074,Rigid,1643332,1643335,1643340,3,5,8,completed,2
24075,Rigid,1643332,1643335,1643340,3,5,8,completed,2
24076,Rigid,1643332,1643335,1643340,3,5,8,completed,2
24077,Rigid,1643332,1643335,1643340,3,5,8,completed,2
24078,Rigid,1643332,1643335,1643340,3,5,8,completed,2
24079,Rigid,1643332,1643335,1643340,3,5,8,completed,2
24080,Rigid,1643332,1643335,1643340,3,5,8,completed,2
24081,Rigid,1643332,1643335,1643340,3,5,8,completed,2
24082,Rigid,1643332,1643335,1643340,3,5,8,completed,2
24083,Rigid,1643332,1643335,1643340,3,5,8,completed,2
24084,Rigid,1643332,1643335,1643340,3,5,8,completed,2
24085,Rigid,1643333,1643335,1643340,2,5,7,completed,2
24086,Rigid,1643333,1643335,1643340,2,5,7,completed,2
24087,Rigid,1643333,1643335,1643340,2,5,7,completed,2
24088,Rigid,1643333,1643335,1643340,2,5,7,completed,2
24089,Rigid,1643333,1643335,1643340,2,5,7,completed,2
24090,Rigid,1643333,1643335,1643339,2,4,6,completed,2
24091,Rigid,1643333,1643335,1643339,2,4,6,completed,2
24092,Rigid,1643333,1643335,1643339,2,4,6,completed,2
24093,Rigid,1643333,1643335,1643339,2,4,6,completed,2
24094,Rigid,1643333,1643335,1643339,2,4,6,completed,2
24095,Rigid,1643333,1643335,1643339,2,4,6,completed,2
24096,Rigid,1643333,1643335,1643339,2,4,6,completed,2
24097,Rigid,1643333,1643335,1643339,2,4,6,completed,2
24098,Rigid,1643333,1643335,1643339,2,4,6,completed,2
24099,Rigid,1643333,1643335,1643339,2,4,6,completed,2
24100,Rigid,1643334,1643335,1643339,1,4,5,completed,2
24101,Rigid,1643334,1643335,1643339,1,4,5,completed,2
24102,Rigid,1643334,1643335,1643339,1,4,5,completed,2
24103,Rigid,1643334,1643335,1643339,1,4,5,completed,2
24104,Rigid,1643334,1643335,1643339,1,4,5,completed,2
24105,Rigid,1643334,1643335,1643340,1,5,6,completed,2
24106,Rigid,1643334,1643335,1643339,1,4,5,completed,2
24107,Rigid,1643334,1643335,1643339,1,4,5,completed,2
24108,Rigid,1643334,1643335,1643339,1,4,5,completed,2
24109,Rigid,1643334,1643335,1643339,1,4,5,completed,2
24110,Rigid,1643334,1643335,1643339,1,4,5,completed,2
24111,Rigid,1643334,1643335,1643339,1,4,5,completed,2
24112,Rigid,1643334,1643335,1643339,1,4,5,completed,2
24113,Rigid,1643334,1643335,1643340,1,5,6,completed,2
24114,Rigid,1643334,1643335,1643339,1,4,5,completed,2
24115,Rigid,1643335,1643335,1643339,0,4,4,completed,2
24116,Rigid,1643335,1643335,1643339,0,4,4,completed,2
24117,Rigid,1643335,1643339,1643343,4,4,8,completed,2
24118,Rigid,1643335,1643339,1643343,4,4,8,completed,2
24119,Rigid,1643335,1643339,1643343,4,4,8,completed,2
24120,Rigid,1643335,1643339,1643343,4,4,8,completed,2
24121,Rigid,1643335,1643339,1643343,4,4,8,completed,2
24122,Rigid,1643335,1643339,1643343,4,4,8,completed,2
24123,Rigid,1643335,1643339,1643343,4,4,8,completed,2
24124,Rigid,1643335,1643339,1643343,4,4,8,completed,2
24125,Rigid,1643656,1643656,1643660,0,4,4,completed,36
24126,Rigid,1643755,1643755,1643760,0,5,5,completed,36
24127,Rigid,1643807,1643807,1706916,0,63109,63109,completed,36
24128,Rigid,1643824,1643824,1643855,0,31,31,completed,36
24129,Rigid,1644143,1644146,1644176,3,30,33,completed,36
24130,Rigid,1644241,1644242,1644271,1,29,30,completed,36
24131,Rigid,1644277,1644277,1644281,0,4,4,completed,36
24132,Rigid,1644360,1644360,1644390,0,30,30,completed,36
24133,Rigid,1644452,1644453,1644482,1,29,30,completed,36
24134,Rigid,1644546,1644546,2004567,0,360021,360021,completed,36
24135,Rigid,1644632,1644632,1644661,0,29,29,completed,36
24136,Rigid,1644784,1644784,1644813,0,29,29,completed,36
24137,Rigid,1645065,1645066,1645165,1,99,100,completed,72
24138,Rigid,1645259,1645260,1645288,1,28,29,completed,36
24139,Rigid,1645334,1645335,1645364,1,29,30,completed,36
24140,Rigid,1645442,1645442,2005468,0,360026,360026,completed,36
24141,Rigid,1645503,1645504,1645533,1,29,30,completed,36
24142,Rigid,1645634,1645635,1652568,1,6933,6934,completed,144
24143,Rigid,1645634,1645635,1655052,1,9417,9418,completed,144
24144,Rigid,1645634,1645635,1658690,1,13055,13056,completed,144
24145,Rigid,1645634,1645635,1656459,1,10824,10825,completed,144
24146,Rigid,1645634,1645635,1656492,1,10857,10858,completed,144
24147,Rigid,1645634,1645635,1656053,1,10418,10419,completed,144
24148,Rigid,1645635,1645635,1657118,0,11483,11483,completed,144
24149,Rigid,1645635,1645635,1657363,0,11728,11728,completed,144
24150,Rigid,1645635,1645635,1657218,0,11583,11583,completed,144
24151,Rigid,1645635,1645639,1658458,4,12819,12823,completed,144
24152,Rigid,1645636,1645639,1655916,3,10277,10280,completed,144
24153,Rigid,1646002,1646006,1646035,4,29,33,completed,36
24154,Rigid,1646156,1646157,1646167,1,10,11,completed,36
24155,Rigid,1646202,1646203,1646233,1,30,31,completed,36
24156,Rigid,1646368,1646368,1646399,0,31,31,completed,36
24157,Rigid,1646549,1646549,1646579,0,30,30,completed,36
24158,Rigid,1646737,1646737,1651079,0,4342,4342,completed,72
24159,Rigid,1646855,1646856,1733279,1,86423,86424,completed,36
24160,Rigid,1646902,1646904,1647196,2,292,294,completed,144
24161,Rigid,1647078,1647078,1647086,0,8,8,completed,1
24162,Rigid,1647733,1647733,1651703,0,3970,3970,completed,36
24163,Rigid,1647733,1647733,1657380,0,9647,9647,completed,36
24164,Rigid,1647733,1647733,1652275,0,4542,4542,completed,36
24165,Rigid,1647733,1647733,1653691,0,5958,5958,completed,36
24166,Rigid,1647733,1647733,1658170,0,10437,10437,completed,36
24167,Rigid,1647733,1647733,1658402,0,10669,10669,completed,36
24168,Rigid,1647733,1647733,1649902,0,2169,2169,completed,36
24169,Rigid,1647733,1647733,1659593,0,11860,11860,completed,36
24170,Rigid,1647733,1647733,1679853,0,32120,32120,completed,36
24171,Rigid,1647977,1647978,1648049,1,71,72,completed,36
24172,Rigid,1647977,1648050,1648067,73,17,90,completed,36
24173,Rigid,1647977,1648069,1648094,92,25,117,completed,36
24174,Rigid,1647977,1648096,1648126,119,30,149,completed,36
24175,Rigid,1647977,1648128,1648147,151,19,170,completed,36
24176,Rigid,1647977,1648148,1648165,171,17,188,completed,36
24177,Rigid,1647977,1648166,1648182,189,16,205,completed,36
24178,Rigid,1647977,1648183,1648200,206,17,223,completed,36
24179,Rigid,1647977,1648201,1648220,224,19,243,completed,36
24180,Rigid,1647977,1648221,1648236,244,15,259,completed,36
24181,Rigid,1648296,1648297,1648320,1,23,24,completed,36
24182,Rigid,1648296,1648297,1648320,1,23,24,completed,36
24183,Rigid,1648296,1648297,1648321,1,24,25,completed,36
24184,Rigid,1648296,1648297,1648320,1,23,24,completed,36
24185,Rigid,1648296,1648297,1648319,1,22,23,completed,36
24186,Rigid,1648296,1648297,1648319,1,22,23,completed,36
24187,Rigid,1648296,1648297,1648319,1,22,23,completed,36
24188,Rigid,1648296,1648297,1648320,1,23,24,completed,36
24189,Rigid,1648296,1648297,1648319,1,22,23,completed,36
24190,Rigid,1648296,1648297,1648319,1,22,23,completed,36
24191,Rigid,1648449,1648450,1653663,1,5213,5214,completed,36
24192,Rigid,1648449,1648480,1654425,31,5945,5976,completed,36
24193,Rigid,1648449,1649903,1657537,1454,7634,9088,completed,36
24194,Rigid,1648449,1650836,1657426,2387,6590,8977,completed,36
24195,Rigid,1648449,1651704,1655263,3255,3559,6814,completed,36
24196,Rigid,1648449,1652277,1657113,3828,4836,8664,completed,36
24197,Rigid,1648449,1653664,1657909,5215,4245,9460,completed,36
24198,Rigid,1648449,1653692,1669670,5243,15978,21221,completed,36
24199,Rigid,1648449,1654426,1660376,5977,5950,11927,completed,36
24200,Rigid,1648449,1655264,1659448,6815,4184,10999,completed,36
24201,Rigid,1649515,1649515,1649781,0,266,266,completed,1
24202,Rigid,1650732,1650732,1659661,0,8929,8929,completed,72
24203,Rigid,1650856,1650856,1694067,0,43211,43211,completed,288
24204,Rigid,1650856,1694078,1737299,43222,43221,86443,completed,288
24205,Rigid,1650856,1786679,1829898,135823,43219,179042,completed,288
24206,Rigid,1650856,1865845,1909069,214989,43224,258213,completed,288
24207,Rigid,1650856,1911822,1955031,260966,43209,304175,completed,288
24208,Rigid,1650856,1955042,1998268,304186,43226,347412,completed,288
24209,Rigid,1653155,1653156,1653178,1,22,23,completed,288
24210,Rigid,1653487,1653487,1690945,0,37458,37458,completed,288
24211,Rigid,1653840,1653840,1661382,0,7542,7542,completed,72
24212,Rigid,1661388,1661388,1805942,0,144554,144554,completed,576
24213,Rigid,1662522,1662522,1662531,0,9,9,completed,72
24214,Rigid,1665378,1665379,1665384,1,5,6,completed,36
24215,Rigid,1665457,1665457,1665462,0,5,5,completed,36
24216,Rigid,1665509,1665512,1665515,3,3,6,completed,36
24217,Rigid,1665642,1665642,1665647,0,5,5,completed,36
24218,Rigid,1665710,1665711,1665716,1,5,6,completed,36
24219,Rigid,1665792,1665793,1665807,1,14,15,completed,36
24220,Rigid,1665843,1665844,1665859,1,15,16,completed,36
24221,Rigid,1666074,1666075,1666084,1,9,10,completed,72
24222,Rigid,1666373,1666374,1666382,1,8,9,completed,72
24223,Rigid,1667204,1667204,1751875,0,84671,84671,completed,72
24224,Rigid,1668276,1668277,1668523,1,246,247,completed,36
24225,Rigid,1668501,1668501,1668749,0,248,248,completed,36
24226,Rigid,1668667,1668667,1668909,0,242,242,completed,36
24227,Rigid,1668810,1668812,1669048,2,236,238,completed,36
24228,Rigid,1676847,1676848,1677258,1,410,411,completed,36
24229,Rigid,1683497,1683498,1683793,1,295,296,completed,36
24230,Rigid,1683601,1683602,1683800,1,198,199,completed,36
24231,Rigid,1683643,1683644,1683793,1,149,150,completed,36
24232,Rigid,1683661,1683662,1683777,1,115,116,completed,36
24233,Rigid,1683673,1683674,1683808,1,134,135,completed,36
24234,Rigid,1683682,1683682,1683811,0,129,129,completed,36
24235,Rigid,1683700,1683701,1683827,1,126,127,completed,72
24236,Rigid,1683720,1683720,1683992,0,272,272,completed,36
24237,Rigid,1683727,1683727,1683903,0,176,176,completed,36
24238,Rigid,1683734,1683735,1683859,1,124,125,completed,36
24239,Rigid,1683743,1683743,1683845,0,102,102,completed,36
24240,Rigid,1683752,1683753,1683857,1,104,105,completed,36
24241,Rigid,1684433,1684433,1684724,0,291,291,completed,36
24242,Rigid,1684454,1684455,1684635,1,180,181,completed,36
24243,Rigid,1684461,1684469,1684608,8,139,147,completed,36
24244,Rigid,1684468,1684469,1684579,1,110,111,completed,36
24245,Rigid,1684478,1684479,1684577,1,98,99,completed,36
24246,Rigid,1684486,1684487,1684585,1,98,99,completed,36
24247,Rigid,1684493,1684493,1684595,0,102,102,completed,72
24248,Rigid,1685944,1685945,1686242,1,297,298,completed,36
24249,Rigid,1686019,1686020,1686202,1,182,183,completed,36
24250,Rigid,1686064,1686065,1686192,1,127,128,completed,36
24251,Rigid,1686085,1686086,1686189,1,103,104,completed,36
24252,Rigid,1686104,1686105,1686216,1,111,112,completed,36
24253,Rigid,1686130,1686131,1686237,1,106,107,completed,36
24254,Rigid,1686153,1686154,1686246,1,92,93,completed,72
24255,Rigid,1686553,1686554,1686560,1,6,7,completed,36
24256,Rigid,1688310,1688310,1754199,0,65889,65889,completed,144
24257,Rigid,1694169,1694170,1843381,1,149211,149212,completed,756
24258,Rigid,1699151,1699151,1699159,0,8,8,completed,36
24259,Rigid,1705973,1705973,1786984,0,81011,81011,completed,36
24260,Rigid,1705973,1705973,1775080,0,69107,69107,completed,36
24261,Rigid,1705973,1705974,1745235,1,39261,39262,completed,36
24262,Rigid,1706030,1706031,1715799,1,9768,9769,completed,32
24263,Rigid,1706030,1706031,1717321,1,11290,11291,completed,32
24264,Rigid,1706030,1706031,1722467,1,16436,16437,completed,32
24265,Rigid,1706030,1706031,1722209,1,16178,16179,completed,32
24266,Rigid,1706030,1706031,1719443,1,13412,13413,completed,32
24267,Rigid,1706030,1706031,1723591,1,17560,17561,completed,32
24268,Rigid,1706031,1706035,1715975,4,9940,9944,completed,32
24269,Rigid,1706031,1706035,1713914,4,7879,7883,completed,32
24270,Rigid,1706031,1706035,1714798,4,8763,8767,completed,32
24271,Rigid,1706031,1706035,1712643,4,6608,6612,completed,32
24272,Rigid,1706031,1706035,1715757,4,9722,9726,completed,32
24273,Rigid,1706031,1706035,1716567,4,10532,10536,completed,32
24274,Rigid,1706031,1706035,1728756,4,22721,22725,completed,32
24275,Rigid,1706031,1706035,1732980,4,26945,26949,completed,32
24276,Rigid,1706031,1706035,1719804,4,13769,13773,completed,32
24277,Rigid,1706031,1706035,1725126,4,19091,19095,completed,32
24278,Rigid,1706031,1706035,1719907,4,13872,13876,completed,32
24279,Rigid,1706031,1706035,1720480,4,14445,14449,completed,32
24280,Rigid,1706031,1706035,1719465,4,13430,13434,completed,32
24281,Rigid,1706031,1706035,1726090,4,20055,20059,completed,32
24282,Rigid,1706031,1706035,1716264,4,10229,10233,completed,32
24283,Rigid,1706031,1706035,1726225,4,20190,20194,completed,32
24284,Rigid,1706031,1706035,1716874,4,10839,10843,completed,32
24285,Rigid,1706032,1706035,1718249,3,12214,12217,completed,32
24286,Rigid,1706032,1706035,1716317,3,10282,10285,completed,32
24287,Rigid,1706032,1706035,1719755,3,13720,13723,completed,32
24288,Rigid,1706032,1706035,1732752,3,26717,26720,completed,32
24289,Rigid,1706032,1706035,1718129,3,12094,12097,completed,32
24290,Rigid,1706032,1706035,1724339,3,18304,18307,completed,32
24291,Rigid,1706032,1706035,1726025,3,19990,19993,completed,32
24292,Rigid,1706032,1706035,1726237,3,20202,20205,completed,32
24293,Rigid,1706032,1706035,1727093,3,21058,21061,completed,32
24294,Rigid,1706032,1706035,1721074,3,15039,15042,completed,32
24295,Rigid,1706032,1706035,1719642,3,13607,13610,completed,32
24296,Rigid,1706087,1706088,1706116,1,28,29,completed,72
24297,Rigid,1706316,1706316,1707455,0,1139,1139,completed,36
24298,Rigid,1706501,1706502,1706550,1,48,49,completed,2
24299,Rigid,1706502,1706502,1706518,0,16,16,completed,2
24300,Rigid,1706503,1706506,1706518,3,12,15,completed,2
24301,Rigid,1706503,1706506,1706550,3,44,47,completed,2
24302,Rigid,1706503,1706506,1706550,3,44,47,completed,2
24303,Rigid,1706503,1706506,1706607,3,101,104,completed,2
24304,Rigid,1706504,1706506,1706518,2,12,14,completed,2
24305,Rigid,1706504,1706506,1706518,2,12,14,completed,2
24306,Rigid,1706504,1706506,1706518,2,12,14,completed,2
24307,Rigid,1706504,1706506,1706550,2,44,46,completed,2
24308,Rigid,1706504,1706506,1706518,2,12,14,completed,2
24309,Rigid,1706504,1706506,1706518,2,12,14,completed,2
24310,Rigid,1706504,1706506,1706607,2,101,103,completed,2
24311,Rigid,1706505,1706506,1706518,1,12,13,completed,2
24312,Rigid,1706505,1706506,1706550,1,44,45,completed,2
24313,Rigid,1706509,1706510,1706550,1,40,41,completed,2
24314,Rigid,1706510,1706510,1706518,0,8,8,completed,2
24315,Rigid,1706510,1706510,1706518,0,8,8,completed,2
24316,Rigid,1706510,1706510,1706550,0,40,40,completed,2
24317,Rigid,1706515,1706515,1706547,0,32,32,completed,2
24318,Rigid,1706557,1706557,1706590,0,33,33,completed,2
24319,Rigid,1706557,1706557,1706590,0,33,33,completed,2
24320,Rigid,1706557,1706557,1706590,0,33,33,completed,2
24321,Rigid,1706557,1706557,1706590,0,33,33,completed,2
24322,Rigid,1706557,1706557,1706590,0,33,33,completed,2
24323,Rigid,1706567,1706567,1706590,0,23,23,completed,2
24324,Rigid,1706567,1706567,1706590,0,23,23,completed,2
24325,Rigid,1706567,1706567,1706590,0,23,23,completed,2
24326,Rigid,1706595,1706595,1706617,0,22,22,completed,2
24327,Rigid,1706595,1706595,1706660,0,65,65,completed,2
24328,Rigid,1706595,1706595,1706660,0,65,65,completed,2
24329,Rigid,1706595,1706595,1706617,0,22,22,completed,2
24330,Rigid,1706595,1706595,1706660,0,65,65,completed,2
24331,Rigid,1706595,1706595,1706626,0,31,31,completed,2
24332,Rigid,1706595,1706595,1706626,0,31,31,completed,2
24333,Rigid,1706598,1706599,1706617,1,18,19,completed,2
24334,Rigid,1706599,1706599,1706617,0,18,18,completed,2
24335,Rigid,1706599,1706599,1706617,0,18,18,completed,2
24336,Rigid,1706599,1706599,1706660,0,61,61,completed,2
24337,Rigid,1706599,1706599,1706660,0,61,61,completed,2
24338,Rigid,1706599,1706599,1706660,0,61,61,completed,2
24339,Rigid,1706599,1706599,1706660,0,61,61,completed,2
24340,Rigid,1706603,1706603,1706626,0,23,23,completed,2
24341,Rigid,1706603,1706603,1706617,0,14,14,completed,2
24342,Rigid,1706603,1706603,1706660,0,57,57,completed,2
24343,Rigid,1706603,1706603,1706660,0,57,57,completed,2
24344,Rigid,1706603,1706603,1706626,0,23,23,completed,2
24345,Rigid,1706603,1706603,1706660,0,57,57,completed,2
24346,Rigid,1706603,1706603,1706660,0,57,57,completed,2
24347,Rigid,1706603,1706603,1706620,0,17,17,completed,2
24348,Rigid,1706603,1706608,1706660,5,52,57,completed,2
24349,Rigid,1706604,1706608,1706617,4,9,13,completed,2
24350,Rigid,1706604,1706608,1706617,4,9,13,completed,2
24351,Rigid,1706604,1706608,1706660,4,52,56,completed,2
24352,Rigid,1706604,1706608,1706627,4,19,23,completed,2
24353,Rigid,1706604,1706608,1706660,4,52,56,completed,2
24354,Rigid,1706604,1706608,1706624,4,16,20,completed,2
24355,Rigid,1706604,1706608,1706660,4,52,56,completed,2
24356,Rigid,1706604,1706608,1706627,4,19,23,completed,2
24357,Rigid,1706604,1706608,1706624,4,16,20,completed,2
24358,Rigid,1706604,1706608,1706660,4,52,56,completed,2
24359,Rigid,1706604,1706608,1706660,4,52,56,completed,2
24360,Rigid,1706604,1706608,1706660,4,52,56,completed,2
24361,Rigid,1706604,1706608,1706618,4,10,14,completed,2
24362,Rigid,1706604,1706608,1706660,4,52,56,completed,2
24363,Rigid,1706604,1706608,1706624,4,16,20,completed,2
24364,Rigid,1706605,1706608,1706660,3,52,55,completed,2
24365,Rigid,1706605,1706608,1706624,3,16,19,completed,2
24366,Rigid,1706605,1706608,1706660,3,52,55,completed,2
24367,Rigid,1706605,1706608,1706627,3,19,22,completed,2
24368,Rigid,1706605,1706608,1706660,3,52,55,completed,2
24369,Rigid,1706605,1706608,1706618,3,10,13,completed,2
24370,Rigid,1706605,1706608,1706660,3,52,55,completed,2
24371,Rigid,1706605,1706608,1706618,3,10,13,completed,2
24372,Rigid,1706605,1706608,1706660,3,52,55,completed,2
24373,Rigid,1706605,1706608,1706627,3,19,22,completed,2
24374,Rigid,1706623,1706623,1706648,0,25,25,completed,2
24375,Rigid,1706623,1706625,1706635,2,10,12,completed,2
24376,Rigid,1706623,1706625,1706648,2,23,25,completed,2
24377,Rigid,1706623,1706625,1706635,2,10,12,completed,2
24378,Rigid,1706623,1706625,1706648,2,23,25,completed,2
24379,Rigid,1706623,1706625,1706635,2,10,12,completed,2
24380,Rigid,1706623,1706625,1706635,2,10,12,completed,2
24381,Rigid,1706637,1706638,1706648,1,10,11,completed,2
24382,Rigid,1706638,1706641,1706648,3,7,10,completed,2
24383,Rigid,1706638,1706641,1706648,3,7,10,completed,2
24384,Rigid,1706638,1706641,1706648,3,7,10,completed,2
24385,Rigid,1706653,1706657,1706668,4,11,15,completed,2
24386,Rigid,1706653,1706657,1706678,4,21,25,completed,2
24387,Rigid,1706653,1706657,1706673,4,16,20,completed,2
24388,Rigid,1706653,1706657,1706754,4,97,101,completed,2
24389,Rigid,1706653,1706657,1706671,4,14,18,completed,2
24390,Rigid,1706653,1706657,1706668,4,11,15,completed,2
24391,Rigid,1706653,1706653,1706757,0,104,104,completed,2
24392,Rigid,1706653,1706657,1706757,4,100,104,completed,2
24393,Rigid,1706657,1706661,1706682,4,21,25,completed,2
24394,Rigid,1706657,1706661,1706678,4,17,21,completed,2
24395,Rigid,1706657,1706661,1706759,4,98,102,completed,2
24396,Rigid,1706657,1706661,1706760,4,99,103,completed,2
24397,Rigid,1706658,1706661,1706758,3,97,100,completed,2
24398,Rigid,1706658,1706661,1706679,3,18,21,completed,2
24399,Rigid,1706676,1706676,1706686,0,10,10,completed,2
24400,Rigid,1706679,1706679,1706698,0,19,19,completed,2
24401,Rigid,1706687,1706687,1706694,0,7,7,completed,2
24402,Rigid,1706768,1706768,1706779,0,11,11,completed,2
24403,Rigid,1706788,1706788,1706805,0,17,17,completed,2
24404,Rigid,1706833,1706833,1706841,0,8,8,completed,2
24405,Rigid,1706833,1706833,1706841,0,8,8,completed,2
24406,Rigid,1706833,1706833,1706841,0,8,8,completed,2
24407,Rigid,1706833,1706833,1706841,0,8,8,completed,2
24408,Rigid,1706833,1706833,1706841,0,8,8,completed,2
24409,Rigid,1706833,1706838,1706842,5,4,9,completed,2
24410,Rigid,1706833,1706838,1706842,5,4,9,completed,2
24411,Rigid,1706834,1706838,1706842,4,4,8,completed,2
24412,Rigid,1706834,1706838,1706842,4,4,8,completed,2
24413,Rigid,1706834,1706838,1706842,4,4,8,completed,2
24414,Rigid,1706834,1706838,1706842,4,4,8,completed,2
24415,Rigid,1706834,1706838,1706842,4,4,8,completed,2
24416,Rigid,1706834,1706838,1706842,4,4,8,completed,2
24417,Rigid,1706834,1706838,1706842,4,4,8,completed,2
24418,Rigid,1706834,1706838,1706842,4,4,8,completed,2
24419,Rigid,1706834,1706838,1706842,4,4,8,completed,2
24420,Rigid,1706834,1706838,1706842,4,4,8,completed,2
24421,Rigid,1706834,1706838,1706842,4,4,8,completed,2
24422,Rigid,1706834,1706838,1706842,4,4,8,completed,2
24423,Rigid,1706834,1706838,1706842,4,4,8,completed,2
24424,Rigid,1706834,1706838,1706842,4,4,8,completed,2
24425,Rigid,1706834,1706838,1706842,4,4,8,completed,2
24426,Rigid,1706834,1706838,1706842,4,4,8,completed,2
24427,Rigid,1706834,1706838,1706842,4,4,8,completed,2
24428,Rigid,1706834,1706838,1706842,4,4,8,completed,2
24429,Rigid,1706834,1706838,1706842,4,4,8,completed,2
24430,Rigid,1706834,1706838,1706843,4,5,9,completed,2
24431,Rigid,1706834,1706838,1706842,4,4,8,completed,2
24432,Rigid,1706834,1706838,1706842,4,4,8,completed,2
24433,Rigid,1706834,1706838,1706842,4,4,8,completed,2
24434,Rigid,1706834,1706838,1706842,4,4,8,completed,2
24435,Rigid,1706835,1706838,1706842,3,4,7,completed,2
24436,Rigid,1706835,1706838,1706842,3,4,7,completed,2
24437,Rigid,1706835,1706838,1706842,3,4,7,completed,2
24438,Rigid,1706835,1706838,1706842,3,4,7,completed,2
24439,Rigid,1706835,1706838,1706842,3,4,7,completed,2
24440,Rigid,1706835,1706838,1706843,3,5,8,completed,2
24441,Rigid,1706835,1706838,1706843,3,5,8,completed,2
24442,Rigid,1706835,1706838,1706843,3,5,8,completed,2
24443,Rigid,1706835,1706838,1706843,3,5,8,completed,2
24444,Rigid,1706835,1706838,1706843,3,5,8,completed,2
24445,Rigid,1706835,1706838,1706843,3,5,8,completed,2
24446,Rigid,1706835,1706838,1706843,3,5,8,completed,2
24447,Rigid,1706835,1706838,1706843,3,5,8,completed,2
24448,Rigid,1706835,1706838,1706843,3,5,8,completed,2
24449,Rigid,1706835,1706838,1706843,3,5,8,completed,2
24450,Rigid,1706835,1706838,1706843,3,5,8,completed,2
24451,Rigid,1706835,1706838,1706843,3,5,8,completed,2
24452,Rigid,1706835,1706838,1706843,3,5,8,completed,2
24453,Rigid,1706835,1706838,1706843,3,5,8,completed,2
24454,Rigid,1706835,1706838,1706843,3,5,8,completed,2
24455,Rigid,1706835,1706838,1706843,3,5,8,completed,2
24456,Rigid,1706835,1706838,1706843,3,5,8,completed,2
24457,Rigid,1706836,1706838,1706843,2,5,7,completed,2
24458,Rigid,1706836,1706838,1706843,2,5,7,completed,2
24459,Rigid,1706836,1706838,1706843,2,5,7,completed,2
24460,Rigid,1706836,1706838,1706843,2,5,7,completed,2
24461,Rigid,1706836,1706838,1706843,2,5,7,completed,2
24462,Rigid,1706836,1706838,1706843,2,5,7,completed,2
24463,Rigid,1706836,1706838,1706843,2,5,7,completed,2
24464,Rigid,1706836,1706838,1706843,2,5,7,completed,2
24465,Rigid,1706836,1706838,1706843,2,5,7,completed,2
24466,Rigid,1706836,1706838,1706843,2,5,7,completed,2
24467,Rigid,1706837,1706838,1706843,1,5,6,completed,2
24468,Rigid,1706837,1706838,1706843,1,5,6,completed,2
24469,Rigid,1706837,1706838,1706843,1,5,6,completed,2
24470,Rigid,1706837,1706838,1706843,1,5,6,completed,2
24471,Rigid,1706837,1706838,1706843,1,5,6,completed,2
24472,Rigid,1706837,1706838,1706843,1,5,6,completed,2
24473,Rigid,1706837,1706838,1706843,1,5,6,completed,2
24474,Rigid,1706837,1706838,1706843,1,5,6,completed,2
24475,Rigid,1706837,1706838,1706843,1,5,6,completed,2
24476,Rigid,1708267,1708267,1713528,0,5261,5261,completed,36
24477,Rigid,1708578,1708578,1734985,0,26407,26407,completed,36
24478,Rigid,1709304,1709305,1709852,1,547,548,completed,72
24479,Rigid,1709488,1709489,1709499,1,10,11,completed,3
24480,Rigid,1710835,1710836,1768442,1,57606,57607,completed,36
24481,Rigid,1710835,1710836,1768442,1,57606,57607,completed,36
24482,Rigid,1710867,1710868,1710893,1,25,26,completed,144
24483,Rigid,1710971,1710972,1711113,1,141,142,completed,144
24484,Rigid,1711134,1711135,1737128,1,25993,25994,completed,144
24485,Rigid,1711158,1711158,1727157,0,15999,15999,completed,36
24486,Rigid,1711205,1711205,1737134,0,25929,25929,completed,144
24487,Rigid,1711215,1711216,1711251,1,35,36,completed,36
24488,Rigid,1711230,1711231,2071093,1,359862,359863,completed,216
24489,Rigid,1711233,1711235,1714617,2,3382,3384,completed,72
24490,Rigid,1711306,1711307,1711329,1,22,23,completed,288
24491,Rigid,1711406,1711407,1711435,1,28,29,completed,288
24492,Rigid,1711455,1711456,1711477,1,21,22,completed,288
24493,Rigid,1711649,1711649,1711671,0,22,22,completed,288
24494,Rigid,1711747,1711747,1718150,0,6403,6403,completed,288
24495,Rigid,1711786,1711788,1711821,2,33,35,completed,144
24496,Rigid,1711923,1711924,2091549,1,379625,379626,completed,180
24497,Rigid,1712007,1746873,1774993,34866,28120,62986,completed,576
24498,Rigid,1712523,1712524,1712555,1,31,32,completed,144
24499,Rigid,1712756,1712766,1712848,10,82,92,completed,36
24500,Rigid,1712756,1712766,1712848,10,82,92,completed,36
24501,Rigid,1712756,1712766,1712848,10,82,92,completed,36
24502,Rigid,1712791,1712792,1712824,1,32,33,completed,144
24503,Rigid,1712822,1751706,1800669,38884,48963,87847,completed,216
24504,Rigid,1713282,1713283,1716799,1,3516,3517,completed,144
24505,Rigid,1713412,1774994,1793478,61582,18484,80066,completed,216
24506,Rigid,1713587,1713937,1729706,350,15769,16119,completed,36
24507,Rigid,1713587,1713937,1723834,350,9897,10247,completed,36
24508,Rigid,1713587,1714417,1719588,830,5171,6001,completed,36
24509,Rigid,1713656,1774994,1804564,61338,29570,90908,completed,180
24510,Rigid,1714171,1774994,2091522,60823,316528,377351,completed,180
24511,Rigid,1714400,1714401,1719462,1,5061,5062,completed,36
24512,Rigid,1714657,1714657,1714660,0,3,3,completed,4
24513,Rigid,1715374,1715376,1715379,2,3,5,completed,4
24514,Rigid,1715601,1715604,1715617,3,13,16,completed,4
24515,Rigid,1715792,1715792,1715797,0,5,5,completed,4
24516,Rigid,1715982,1715982,1715984,0,2,2,completed,4
24517,Rigid,1716146,1716147,1754690,1,38543,38544,completed,32
24518,Rigid,1716146,1716147,1755371,1,39224,39225,completed,32
24519,Rigid,1716146,1716147,1758029,1,41882,41883,completed,32
24520,Rigid,1716146,1716147,1765034,1,48887,48888,completed,32
24521,Rigid,1716146,1716147,1765509,1,49362,49363,completed,32
24522,Rigid,1716146,1716147,1767025,1,50878,50879,completed,32
24523,Rigid,1716146,1716147,1766376,1,50229,50230,completed,32
24524,Rigid,1716146,1716147,1756932,1,40785,40786,completed,32
24525,Rigid,1716146,1716147,1761428,1,45281,45282,completed,32
24526,Rigid,1716146,1716147,1756571,1,40424,40425,completed,32
24527,Rigid,1716146,1716147,1762721,1,46574,46575,completed,32
24528,Rigid,1716146,1716147,1756070,1,39923,39924,completed,32
24529,Rigid,1716388,1716389,1727375,1,10986,10987,completed,32
24530,Rigid,1716389,1716389,1726039,0,9650,9650,completed,32
24531,Rigid,1716389,1716601,1726172,212,9571,9783,completed,32
24532,Rigid,1716389,1717012,1724631,623,7619,8242,completed,32
24533,Rigid,1716389,1717203,1725832,814,8629,9443,completed,32
24534,Rigid,1716389,1716389,1732641,0,16252,16252,completed,32
24535,Rigid,1716389,1716568,1732322,179,15754,15933,completed,32
24536,Rigid,1716389,1716601,1729884,212,13283,13495,completed,32
24537,Rigid,1716389,1716601,1733962,212,17361,17573,completed,32
24538,Rigid,1716389,1716621,1726933,232,10312,10544,completed,32
24539,Rigid,1716389,1716800,1738889,411,22089,22500,completed,32
24540,Rigid,1716389,1716800,1742826,411,26026,26437,completed,32
24541,Rigid,1716389,1716800,1730430,411,13630,14041,completed,32
24542,Rigid,1716389,1716800,1735408,411,18608,19019,completed,32
24543,Rigid,1716389,1716875,1730711,486,13836,14322,completed,32
24544,Rigid,1716389,1717012,1731431,623,14419,15042,completed,32
24545,Rigid,1716389,1717012,1729987,623,12975,13598,completed,32
24546,Rigid,1716390,1717250,1723743,860,6493,7353,completed,32
24547,Rigid,1716390,1717630,1727042,1240,9412,10652,completed,32
24548,Rigid,1716390,1717205,1736978,815,19773,20588,completed,32
24549,Rigid,1716390,1717205,1727308,815,10103,10918,completed,32
24550,Rigid,1716390,1717322,1737089,932,19767,20699,completed,32
24551,Rigid,1716390,1717934,1728643,1544,10709,12253,completed,32
24552,Rigid,1716390,1718130,1730050,1740,11920,13660,completed,32
24553,Rigid,1716391,1718168,1728087,1777,9919,11696,completed,32
24554,Rigid,1716391,1718168,1731564,1777,13396,15173,completed,32
24555,Rigid,1716391,1718168,1743366,1777,25198,26975,completed,32
24556,Rigid,1716391,1718168,1730089,1777,11921,13698,completed,32
24557,Rigid,1716391,1718168,1735968,1777,17800,19577,completed,32
24558,Rigid,1716391,1718168,1737426,1777,19258,21035,completed,32
24559,Rigid,1716391,1718184,1737690,1793,19506,21299,completed,32
24560,Rigid,1716391,1718184,1738764,1793,20580,22373,completed,32
24561,Rigid,1716391,1718250,1733063,1859,14813,16672,completed,32
24562,Rigid,1716391,1718477,1731894,2086,13417,15503,completed,32
24563,Rigid,1716410,1716428,1716469,18,41,59,completed,4
24564,Rigid,1716616,1787510,1960311,70894,172801,243695,completed,144
24565,Rigid,1717091,1787789,1960611,70698,172822,243520,completed,108
24566,Rigid,1717448,1717450,1890259,2,172809,172811,completed,22
24567,Rigid,1717971,1750431,1865844,32460,115413,147873,completed,432
24568,Rigid,1718153,1738812,1901878,20659,163066,183725,completed,288
24569,Rigid,1718299,1718300,1718304,1,4,5,completed,72
24570,Rigid,1718340,1718341,1718352,1,11,12,completed,72
24571,Rigid,1718456,1749170,1749217,30714,47,30761,completed,144
24572,Rigid,1718616,1748072,1853630,29456,105558,135014,completed,288
24573,Rigid,1719096,1748932,1908826,29836,159894,189730,completed,144
24574,Rigid,1719602,1719643,1723111,41,3468,3509,completed,144
24575,Rigid,1719613,1719805,1721516,192,1711,1903,completed,72
24576,Rigid,1719737,1781670,1885946,61933,104276,166209,completed,36
24577,Rigid,1719737,1781851,1842842,62114,60991,123105,completed,36
24578,Rigid,1719737,1781911,1881857,62174,99946,162120,completed,36
24579,Rigid,1719738,1719742,1719758,4,16,20,completed,72
24580,Rigid,1719961,1719961,1720027,0,66,66,completed,2
24581,Rigid,1719961,1719961,1720027,0,66,66,completed,2
24582,Rigid,1719961,1719961,1720072,0,111,111,completed,2
24583,Rigid,1719962,1719965,1720027,3,62,65,completed,2
24584,Rigid,1719962,1719965,1720027,3,62,65,completed,2
24585,Rigid,1719962,1719965,1720027,3,62,65,completed,2
24586,Rigid,1719962,1719965,1720027,3,62,65,completed,2
24587,Rigid,1719962,1719965,1720027,3,62,65,completed,2
24588,Rigid,1719962,1719965,1720027,3,62,65,completed,2
24589,Rigid,1719962,1719965,1720027,3,62,65,completed,2
24590,Rigid,1719962,1719965,1720027,3,62,65,completed,2
24591,Rigid,1719962,1719965,1720027,3,62,65,completed,2
24592,Rigid,1719962,1719965,1720027,3,62,65,completed,2
24593,Rigid,1719962,1719965,1720027,3,62,65,completed,2
24594,Rigid,1719962,1719965,1720027,3,62,65,completed,2
24595,Rigid,1719962,1719965,1720072,3,107,110,completed,2
24596,Rigid,1719963,1719965,1720027,2,62,64,completed,2
24597,Rigid,1719963,1719965,1720027,2,62,64,completed,2
24598,Rigid,1719963,1719965,1720027,2,62,64,completed,2
24599,Rigid,1719963,1719965,1720027,2,62,64,completed,2
24600,Rigid,1719963,1719965,1720027,2,62,64,completed,2
24601,Rigid,1719963,1719965,1720027,2,62,64,completed,2
24602,Rigid,1719963,1719965,1720027,2,62,64,completed,2
24603,Rigid,1719963,1719965,1720027,2,62,64,completed,2
24604,Rigid,1719963,1719966,1720027,3,61,64,completed,2
24605,Rigid,1719963,1719966,1720027,3,61,64,completed,2
24606,Rigid,1719963,1719965,1720073,2,108,110,completed,2
24607,Rigid,1719963,1719965,1720072,2,107,109,completed,2
24608,Rigid,1719963,1719965,1720072,2,107,109,completed,2
24609,Rigid,1719963,1719966,1720072,3,106,109,completed,2
24610,Rigid,1720079,1720080,1720091,1,11,12,completed,2
24611,Rigid,1720099,1720100,1720117,1,17,18,completed,2
24612,Rigid,1720102,1720104,1720109,2,5,7,completed,72
24613,Rigid,1720418,1720481,1730200,63,9719,9782,completed,32
24614,Rigid,1720418,1720418,1731660,0,11242,11242,completed,32
24615,Rigid,1720418,1721044,1737459,626,16415,17041,completed,32
24616,Rigid,1720419,1721517,1731334,1098,9817,10915,completed,32
24617,Rigid,1720419,1721075,1736934,656,15859,16515,completed,32
24618,Rigid,1720419,1721128,1734577,709,13449,14158,completed,32
24619,Rigid,1720419,1721315,1738689,896,17374,18270,completed,32
24620,Rigid,1720419,1721517,1731941,1098,10424,11522,completed,32
24621,Rigid,1720419,1722230,1744595,1811,22365,24176,completed,32
24622,Rigid,1720419,1722471,1749093,2052,26622,28674,completed,32
24623,Rigid,1720420,1722711,1736311,2291,13600,15891,completed,32
24624,Rigid,1720420,1723112,1741922,2692,18810,21502,completed,32
24625,Rigid,1720422,1723112,1737084,2690,13972,16662,completed,32
24626,Rigid,1720424,1723592,1731310,3168,7718,10886,completed,32
24627,Rigid,1720425,1724014,1732797,3589,8783,12372,completed,32
24628,Rigid,1720425,1723744,1738455,3319,14711,18030,completed,32
24629,Rigid,1720425,1723836,1737084,3411,13248,16659,completed,32
24630,Rigid,1720425,1724014,1743786,3589,19772,23361,completed,32
24631,Rigid,1720425,1724247,1734391,3822,10144,13966,completed,32
24632,Rigid,1720426,1724367,1730907,3941,6540,10481,completed,32
24633,Rigid,1720426,1724436,1734069,4010,9633,13643,completed,32
24634,Rigid,1720426,1724436,1744149,4010,19713,23723,completed,32
24635,Rigid,1720427,1724436,1735167,4009,10731,14740,completed,32
24636,Rigid,1720427,1724436,1736566,4009,12130,16139,completed,32
24637,Rigid,1720427,1724520,1734537,4093,10017,14110,completed,32
24638,Rigid,1720428,1724520,1738041,4092,13521,17613,completed,32
24639,Rigid,1720429,1724632,1749833,4203,25201,29404,completed,32
24640,Rigid,1720429,1725127,1737202,4698,12075,16773,completed,32
24641,Rigid,1720430,1725134,1743106,4704,17972,22676,completed,32
24642,Rigid,1720430,1725770,1745308,5340,19538,24878,completed,32
24643,Rigid,1720430,1725833,1745711,5403,19878,25281,completed,32
24644,Rigid,1720430,1726026,1746697,5596,20671,26267,completed,32
24645,Rigid,1720430,1726040,1740909,5610,14869,20479,completed,32
24646,Rigid,1720430,1726092,1739651,5662,13559,19221,completed,32
24647,Rigid,1720612,1720612,1720662,0,50,50,completed,2
24648,Rigid,1720612,1720612,1720662,0,50,50,completed,2
24649,Rigid,1720612,1720616,1720678,4,62,66,completed,2
24650,Rigid,1720613,1720616,1720662,3,46,49,completed,2
24651,Rigid,1720613,1720616,1720662,3,46,49,completed,2
24652,Rigid,1720613,1720616,1720662,3,46,49,completed,2
24653,Rigid,1720613,1720616,1720662,3,46,49,completed,2
24654,Rigid,1720613,1720616,1720662,3,46,49,completed,2
24655,Rigid,1720613,1720616,1720662,3,46,49,completed,2
24656,Rigid,1720613,1720616,1720662,3,46,49,completed,2
24657,Rigid,1720613,1720616,1720662,3,46,49,completed,2
24658,Rigid,1720613,1720616,1720662,3,46,49,completed,2
24659,Rigid,1720613,1720616,1720678,3,62,65,completed,2
24660,Rigid,1720614,1720616,1720662,2,46,48,completed,2
24661,Rigid,1720614,1720616,1720662,2,46,48,completed,2
24662,Rigid,1720614,1720616,1720662,2,46,48,completed,2
24663,Rigid,1720614,1720616,1720678,2,62,64,completed,2
24664,Rigid,1720614,1720616,1720662,2,46,48,completed,2
24665,Rigid,1720614,1720616,1720662,2,46,48,completed,2
24666,Rigid,1720614,1720616,1720662,2,46,48,completed,2
24667,Rigid,1720614,1720616,1720678,2,62,64,completed,2
24668,Rigid,1720614,1720616,1720662,2,46,48,completed,2
24669,Rigid,1720614,1720616,1720662,2,46,48,completed,2
24670,Rigid,1720614,1720616,1720662,2,46,48,completed,2
24671,Rigid,1720614,1720616,1720678,2,62,64,completed,2
24672,Rigid,1720614,1720616,1720662,2,46,48,completed,2
24673,Rigid,1720615,1720616,1720662,1,46,47,completed,2
24674,Rigid,1720615,1720616,1720662,1,46,47,completed,2
24675,Rigid,1720615,1720616,1720678,1,62,63,completed,2
24676,Rigid,1720615,1720616,1720662,1,46,47,completed,2
24677,Rigid,1720685,1720686,1720698,1,12,13,completed,2
24678,Rigid,1720705,1720706,1720718,1,12,13,completed,2
24679,Rigid,1720750,1720751,1720758,1,7,8,completed,2
24680,Rigid,1720750,1720751,1720758,1,7,8,completed,2
24681,Rigid,1720750,1720751,1720758,1,7,8,completed,2
24682,Rigid,1720750,1720751,1720758,1,7,8,completed,2
24683,Rigid,1720750,1720751,1720758,1,7,8,completed,2
24684,Rigid,1720750,1720751,1720758,1,7,8,completed,2
24685,Rigid,1720750,1720751,1720758,1,7,8,completed,2
24686,Rigid,1720750,1720751,1720758,1,7,8,completed,2
24687,Rigid,1720750,1720751,1720758,1,7,8,completed,2
24688,Rigid,1720750,1720751,1720758,1,7,8,completed,2
24689,Rigid,1720750,1720751,1720758,1,7,8,completed,2
24690,Rigid,1720750,1720751,1720758,1,7,8,completed,2
24691,Rigid,1720750,1720751,1720758,1,7,8,completed,2
24692,Rigid,1720750,1720751,1720758,1,7,8,completed,2
24693,Rigid,1720750,1720751,1720758,1,7,8,completed,2
24694,Rigid,1720750,1720751,1720758,1,7,8,completed,2
24695,Rigid,1720750,1720751,1720758,1,7,8,completed,2
24696,Rigid,1720750,1720751,1720758,1,7,8,completed,2
24697,Rigid,1720750,1720751,1720758,1,7,8,completed,2
24698,Rigid,1720750,1720751,1720758,1,7,8,completed,2
24699,Rigid,1720750,1720751,1720758,1,7,8,completed,2
24700,Rigid,1720751,1720751,1720758,0,7,7,completed,2
24701,Rigid,1720751,1720751,1720758,0,7,7,completed,2
24702,Rigid,1720751,1720751,1720758,0,7,7,completed,2
24703,Rigid,1720751,1720751,1720758,0,7,7,completed,2
24704,Rigid,1720751,1720753,1720758,2,5,7,completed,2
24705,Rigid,1720751,1720753,1720758,2,5,7,completed,2
24706,Rigid,1720751,1720753,1720758,2,5,7,completed,2
24707,Rigid,1720751,1720753,1720758,2,5,7,completed,2
24708,Rigid,1720751,1720753,1720758,2,5,7,completed,2
24709,Rigid,1720751,1720753,1720758,2,5,7,completed,2
24710,Rigid,1720751,1720753,1720758,2,5,7,completed,2
24711,Rigid,1720751,1720753,1720758,2,5,7,completed,2
24712,Rigid,1720751,1720753,1720758,2,5,7,completed,2
24713,Rigid,1720751,1720753,1720758,2,5,7,completed,2
24714,Rigid,1720751,1720753,1720758,2,5,7,completed,2
24715,Rigid,1720751,1720753,1720758,2,5,7,completed,2
24716,Rigid,1720751,1720753,1720758,2,5,7,completed,2
24717,Rigid,1720751,1720753,1720758,2,5,7,completed,2
24718,Rigid,1720751,1720753,1720758,2,5,7,completed,2
24719,Rigid,1720751,1720753,1720758,2,5,7,completed,2
24720,Rigid,1720751,1720753,1720758,2,5,7,completed,2
24721,Rigid,1720751,1720753,1720758,2,5,7,completed,2
24722,Rigid,1720752,1720753,1720758,1,5,6,completed,2
24723,Rigid,1720752,1720753,1720758,1,5,6,completed,2
24724,Rigid,1720752,1720753,1720758,1,5,6,completed,2
24725,Rigid,1720752,1720753,1720758,1,5,6,completed,2
24726,Rigid,1720752,1720753,1720758,1,5,6,completed,2
24727,Rigid,1720752,1720753,1720758,1,5,6,completed,2
24728,Rigid,1720752,1720753,1720758,1,5,6,completed,2
24729,Rigid,1720752,1720753,1720758,1,5,6,completed,2
24730,Rigid,1720752,1720753,1720758,1,5,6,completed,2
24731,Rigid,1720752,1720753,1720758,1,5,6,completed,2
24732,Rigid,1720752,1720753,1720758,1,5,6,completed,2
24733,Rigid,1720752,1720753,1720758,1,5,6,completed,2
24734,Rigid,1720752,1720753,1720758,1,5,6,completed,2
24735,Rigid,1720752,1720753,1720758,1,5,6,completed,2
24736,Rigid,1720752,1720753,1720758,1,5,6,completed,2
24737,Rigid,1720752,1720753,1720758,1,5,6,completed,2
24738,Rigid,1720753,1720755,1720759,2,4,6,completed,2
24739,Rigid,1720753,1720755,1720759,2,4,6,completed,2
24740,Rigid,1720753,1720755,1720759,2,4,6,completed,2
24741,Rigid,1720753,1720755,1720759,2,4,6,completed,2
24742,Rigid,1720753,1720755,1720759,2,4,6,completed,2
24743,Rigid,1720753,1720755,1720759,2,4,6,completed,2
24744,Rigid,1720753,1720755,1720759,2,4,6,completed,2
24745,Rigid,1720753,1720755,1720759,2,4,6,completed,2
24746,Rigid,1720753,1720755,1720759,2,4,6,completed,2
24747,Rigid,1720753,1720755,1720759,2,4,6,completed,2
24748,Rigid,1720753,1720755,1720759,2,4,6,completed,2
24749,Rigid,1720753,1720755,1720759,2,4,6,completed,2
24750,Rigid,1720753,1720755,1720759,2,4,6,completed,2
24751,Rigid,1720897,1720898,1720966,1,68,69,completed,2
24752,Rigid,1720897,1720898,1720966,1,68,69,completed,2
24753,Rigid,1720897,1720898,1720967,1,69,70,completed,2
24754,Rigid,1720897,1720898,1720966,1,68,69,completed,2
24755,Rigid,1720897,1720898,1720966,1,68,69,completed,2
24756,Rigid,1720897,1720898,1720966,1,68,69,completed,2
24757,Rigid,1720897,1720898,1720966,1,68,69,completed,2
24758,Rigid,1720897,1720898,1721011,1,113,114,completed,2
24759,Rigid,1720898,1720902,1720966,4,64,68,completed,2
24760,Rigid,1720898,1720902,1720967,4,65,69,completed,2
24761,Rigid,1720898,1720902,1720967,4,65,69,completed,2
24762,Rigid,1720898,1720902,1720966,4,64,68,completed,2
24763,Rigid,1720898,1720902,1720966,4,64,68,completed,2
24764,Rigid,1720898,1720902,1720966,4,64,68,completed,2
24765,Rigid,1720898,1720902,1720967,4,65,69,completed,2
24766,Rigid,1720898,1720902,1720966,4,64,68,completed,2
24767,Rigid,1720898,1720902,1720966,4,64,68,completed,2
24768,Rigid,1720898,1720902,1720966,4,64,68,completed,2
24769,Rigid,1720898,1720902,1721015,4,113,117,completed,2
24770,Rigid,1720898,1720902,1721014,4,112,116,completed,2
24771,Rigid,1720899,1720902,1720967,3,65,68,completed,2
24772,Rigid,1720899,1720902,1720967,3,65,68,completed,2
24773,Rigid,1720899,1720902,1720966,3,64,67,completed,2
24774,Rigid,1720899,1720902,1720966,3,64,67,completed,2
24775,Rigid,1720899,1720902,1720966,3,64,67,completed,2
24776,Rigid,1720899,1720902,1720966,3,64,67,completed,2
24777,Rigid,1720899,1720902,1720966,3,64,67,completed,2
24778,Rigid,1720899,1720902,1721012,3,110,113,completed,2
24779,Rigid,1720899,1720902,1721012,3,110,113,completed,2
24780,Rigid,1720899,1720902,1721012,3,110,113,completed,2
24781,Rigid,1721016,1721016,1721027,0,11,11,completed,2
24782,Rigid,1721036,1721036,1721050,0,14,14,completed,2
24783,Rigid,1721761,1721778,1721827,17,49,66,completed,4
24784,Rigid,1721849,1723112,1724013,1263,901,2164,completed,72
24785,Rigid,1721996,1722019,1722051,23,32,55,completed,4
24786,Rigid,1722212,1781971,1820693,59759,38722,98481,completed,36
24787,Rigid,1722212,1782932,1845149,60720,62217,122937,completed,36
24788,Rigid,1722212,1783143,1885594,60931,102451,163382,completed,36
24789,Rigid,1722220,1722230,1722257,10,27,37,completed,4
24790,Rigid,1722224,1743383,1756247,21159,12864,34023,completed,144
24791,Rigid,1724052,1724053,1724060,1,7,8,completed,72
24792,Rigid,1724188,1724436,1724519,248,83,331,completed,72
24793,Rigid,1724199,1724200,1724207,1,7,8,completed,72
24794,Rigid,1724376,1784044,1893873,59668,109829,169497,completed,36
24795,Rigid,1724376,1784374,1868833,59998,84459,144457,completed,36
24796,Rigid,1724376,1784735,1883925,60359,99190,159549,completed,36
24797,Rigid,1724442,1726202,1726796,1760,594,2354,completed,36
24798,Rigid,1724645,1793488,2169370,68843,375882,444725,completed,216
24799,Rigid,1725271,1725272,1725278,1,6,7,completed,36
24800,Rigid,1725404,1725404,1725411,0,7,7,completed,36
24801,Rigid,1725434,1725434,1725439,0,5,5,completed,36
24802,Rigid,1725519,1725519,1725526,0,7,7,completed,36
24803,Rigid,1725544,1725544,1725552,0,8,8,completed,36
24804,Rigid,1725589,1725590,1725596,1,6,7,completed,36
24805,Rigid,1725891,1726934,1730421,1043,3487,4530,completed,144
24806,Rigid,1725923,1725932,1725987,9,55,64,completed,4
24807,Rigid,1726042,1726043,1726058,1,15,16,completed,36
24808,Rigid,1726212,1727118,1734329,906,7211,8117,completed,36
24809,Rigid,1726331,1726353,1726392,22,39,61,completed,4
24810,Rigid,1726599,1727094,1737452,495,10358,10853,completed,72
24811,Rigid,1726889,1726889,1726908,0,19,19,completed,36
24812,Rigid,1726946,1726954,1726993,8,39,47,completed,4
24813,Rigid,1726973,1726973,1726982,0,9,9,completed,2
24814,Rigid,1726977,1726977,1726982,0,5,5,completed,2
24815,Rigid,1726977,1726977,1726982,0,5,5,completed,2
24816,Rigid,1726977,1726977,1726982,0,5,5,completed,2
24817,Rigid,1726977,1726977,1726982,0,5,5,completed,2
24818,Rigid,1726979,1726981,1726986,2,5,7,completed,2
24819,Rigid,1726979,1726981,1726986,2,5,7,completed,2
24820,Rigid,1726979,1726981,1726986,2,5,7,completed,2
24821,Rigid,1726979,1726981,1726986,2,5,7,completed,2
24822,Rigid,1726979,1726981,1727002,2,21,23,completed,2
24823,Rigid,1726982,1726983,1726988,1,5,6,completed,2
24824,Rigid,1726983,1726983,1727001,0,18,18,completed,2
24825,Rigid,1726983,1726983,1727001,0,18,18,completed,2
24826,Rigid,1726983,1726983,1727001,0,18,18,completed,2
24827,Rigid,1726983,1726983,1727001,0,18,18,completed,2
24828,Rigid,1726994,1726994,1727010,0,16,16,completed,2
24829,Rigid,1726994,1726994,1727010,0,16,16,completed,2
24830,Rigid,1726994,1726994,1727010,0,16,16,completed,2
24831,Rigid,1726994,1726994,1727010,0,16,16,completed,2
24832,Rigid,1726994,1726994,1727010,0,16,16,completed,2
24833,Rigid,1727005,1727005,1727013,0,8,8,completed,2
24834,Rigid,1727005,1727005,1727013,0,8,8,completed,2
24835,Rigid,1727005,1727005,1727013,0,8,8,completed,2
24836,Rigid,1727005,1727005,1727017,0,12,12,completed,2
24837,Rigid,1727005,1727005,1727059,0,54,54,completed,2
24838,Rigid,1727005,1727009,1727059,4,50,54,completed,2
24839,Rigid,1727005,1727009,1727029,4,20,24,completed,2
24840,Rigid,1727005,1727009,1727026,4,17,21,completed,2
24841,Rigid,1727006,1727009,1727015,3,6,9,completed,2
24842,Rigid,1727006,1727009,1727060,3,51,54,completed,2
24843,Rigid,1727016,1727018,1727024,2,6,8,completed,2
24844,Rigid,1727016,1727018,1727024,2,6,8,completed,2
24845,Rigid,1727016,1727018,1727025,2,7,9,completed,2
24846,Rigid,1727016,1727018,1727025,2,7,9,completed,2
24847,Rigid,1727016,1727018,1727024,2,6,8,completed,2
24848,Rigid,1727028,1727028,1727034,0,6,6,completed,2
24849,Rigid,1727028,1727028,1727054,0,26,26,completed,36
24850,Rigid,1727069,1727070,1727076,1,6,7,completed,2
24851,Rigid,1727079,1727080,1727091,1,11,12,completed,2
24852,Rigid,1727081,1727165,1727739,84,574,658,completed,36
24853,Rigid,1728272,1790027,1845583,61755,55556,117311,completed,36
24854,Rigid,1728272,1790401,1925111,62129,134710,196839,completed,36
24855,Rigid,1728272,1790482,1912882,62210,122400,184610,completed,36
24856,Rigid,1728697,1728698,1728720,1,22,23,completed,36
24857,Rigid,1729023,1729023,1738786,0,9763,9763,completed,32
24858,Rigid,1729023,1729023,1738892,0,9869,9869,completed,32
24859,Rigid,1729023,1730090,1737991,1067,7901,8968,completed,32
24860,Rigid,1729023,1730423,1739183,1400,8760,10160,completed,32
24861,Rigid,1729023,1730423,1736997,1400,6574,7974,completed,32
24862,Rigid,1729023,1730712,1740413,1689,9701,11390,completed,32
24863,Rigid,1729023,1729023,1740341,0,11318,11318,completed,32
24864,Rigid,1729023,1729023,1745526,0,16503,16503,completed,32
24865,Rigid,1729023,1729023,1745284,0,16261,16261,completed,32
24866,Rigid,1729023,1729023,1742470,0,13447,13447,completed,32
24867,Rigid,1729023,1729023,1746600,0,17577,17577,completed,32
24868,Rigid,1729023,1729023,1739540,0,10517,10517,completed,32
24869,Rigid,1729023,1729023,1751705,0,22682,22682,completed,32
24870,Rigid,1729023,1729707,1756753,684,27046,27730,completed,32
24871,Rigid,1729023,1729885,1743719,862,13834,14696,completed,32
24872,Rigid,1729023,1729988,1748931,965,18943,19908,completed,32
24873,Rigid,1729023,1730051,1743894,1028,13843,14871,completed,32
24874,Rigid,1729023,1730201,1744645,1178,14444,15622,completed,32
24875,Rigid,1729023,1730228,1743722,1205,13494,14699,completed,32
24876,Rigid,1729023,1730423,1750553,1400,20130,21530,completed,32
24877,Rigid,1729023,1730423,1740643,1400,10220,11620,completed,32
24878,Rigid,1729023,1730431,1750580,1408,20149,21557,completed,32
24879,Rigid,1729023,1730900,1741796,1877,10896,12773,completed,32
24880,Rigid,1729023,1730908,1743239,1885,12331,14216,completed,32
24881,Rigid,1729023,1731311,1741587,2288,10276,12564,completed,32
24882,Rigid,1729023,1731335,1745010,2312,13675,15987,completed,32
24883,Rigid,1729023,1731432,1757008,2409,25576,27985,completed,32
24884,Rigid,1729023,1731566,1743660,2543,12094,14637,completed,32
24885,Rigid,1729023,1731661,1749897,2638,18236,20874,completed,32
24886,Rigid,1729023,1731896,1751847,2873,19951,22824,completed,32
24887,Rigid,1729023,1731943,1752256,2920,20313,23233,completed,32
24888,Rigid,1729023,1732323,1753385,3300,21062,24362,completed,32
24889,Rigid,1729023,1732667,1747812,3644,15145,18789,completed,32
24890,Rigid,1729023,1732758,1746401,3735,13643,17378,completed,32
24891,Rigid,1729033,1729033,2305051,0,576018,576018,completed,36
24892,Rigid,1729386,1768435,1931374,39049,162939,201988,completed,36
24893,Rigid,1729386,1775082,1886810,45696,111728,157424,completed,36
24894,Rigid,1729386,1779147,1832958,49761,53811,103572,completed,36
24895,Rigid,1729729,1729729,1729758,0,29,29,completed,36
24896,Rigid,1729910,1729911,1729940,1,29,30,completed,36
24897,Rigid,1730051,1732818,1732853,2767,35,2802,completed,36
24898,Rigid,1730590,1730590,1730606,0,16,16,completed,2
24899,Rigid,1730590,1730590,1730606,0,16,16,completed,2
24900,Rigid,1730590,1730591,1730606,1,15,16,completed,2
24901,Rigid,1730590,1730591,1730606,1,15,16,completed,2
24902,Rigid,1730590,1730591,1730606,1,15,16,completed,2
24903,Rigid,1730591,1730591,1730606,0,15,15,completed,2
24904,Rigid,1730591,1730591,1730606,0,15,15,completed,2
24905,Rigid,1730591,1730591,1730606,0,15,15,completed,2
24906,Rigid,1730591,1730591,1730606,0,15,15,completed,2
24907,Rigid,1730591,1730591,1730606,0,15,15,completed,2
24908,Rigid,1730591,1730591,1730606,0,15,15,completed,2
24909,Rigid,1730591,1730591,1730606,0,15,15,completed,2
24910,Rigid,1730591,1730591,1730606,0,15,15,completed,2
24911,Rigid,1730591,1730591,1730606,0,15,15,completed,2
24912,Rigid,1730591,1730591,1730606,0,15,15,completed,2
24913,Rigid,1730591,1730591,1730607,0,16,16,completed,2
24914,Rigid,1730591,1730591,1730606,0,15,15,completed,2
24915,Rigid,1730591,1730594,1730606,3,12,15,completed,2
24916,Rigid,1730591,1730594,1730606,3,12,15,completed,2
24917,Rigid,1730591,1730594,1730606,3,12,15,completed,2
24918,Rigid,1730591,1730594,1730607,3,13,16,completed,2
24919,Rigid,1730591,1730594,1730606,3,12,15,completed,2
24920,Rigid,1730592,1730594,1730606,2,12,14,completed,2
24921,Rigid,1730592,1730594,1730606,2,12,14,completed,2
24922,Rigid,1730592,1730594,1730607,2,13,15,completed,2
24923,Rigid,1730592,1730594,1730606,2,12,14,completed,2
24924,Rigid,1730592,1730594,1730606,2,12,14,completed,2
24925,Rigid,1730592,1730594,1730606,2,12,14,completed,2
24926,Rigid,1730592,1730594,1730606,2,12,14,completed,2
24927,Rigid,1730592,1730594,1730606,2,12,14,completed,2
24928,Rigid,1730592,1730594,1730606,2,12,14,completed,2
24929,Rigid,1730592,1730594,1730607,2,13,15,completed,2
24930,Rigid,1730592,1730594,1730606,2,12,14,completed,2
24931,Rigid,1730592,1730594,1730606,2,12,14,completed,2
24932,Rigid,1730592,1730594,1730606,2,12,14,completed,2
24933,Rigid,1730592,1730594,1730606,2,12,14,completed,2
24934,Rigid,1730592,1730594,1730606,2,12,14,completed,2
24935,Rigid,1730592,1730594,1730606,2,12,14,completed,2
24936,Rigid,1730592,1730594,1730606,2,12,14,completed,2
24937,Rigid,1730592,1730594,1730606,2,12,14,completed,2
24938,Rigid,1730593,1730594,1730606,1,12,13,completed,2
24939,Rigid,1730593,1730594,1730606,1,12,13,completed,2
24940,Rigid,1730593,1730594,1730606,1,12,13,completed,2
24941,Rigid,1730593,1730594,1730606,1,12,13,completed,2
24942,Rigid,1730593,1730594,1730606,1,12,13,completed,2
24943,Rigid,1730593,1730594,1730606,1,12,13,completed,2
24944,Rigid,1730593,1730594,1730606,1,12,13,completed,2
24945,Rigid,1730593,1730594,1730606,1,12,13,completed,2
24946,Rigid,1730593,1730594,1730606,1,12,13,completed,2
24947,Rigid,1730593,1730594,1730606,1,12,13,completed,2
24948,Rigid,1730593,1730594,1730606,1,12,13,completed,2
24949,Rigid,1730593,1730594,1730606,1,12,13,completed,2
24950,Rigid,1730593,1730594,1730606,1,12,13,completed,2
24951,Rigid,1730593,1730594,1730606,1,12,13,completed,2
24952,Rigid,1730593,1730594,1730606,1,12,13,completed,2
24953,Rigid,1730593,1730594,1730606,1,12,13,completed,2
24954,Rigid,1730593,1730594,1730606,1,12,13,completed,2
24955,Rigid,1730593,1730594,1730606,1,12,13,completed,2
24956,Rigid,1730593,1730594,1730606,1,12,13,completed,2
24957,Rigid,1730593,1730594,1730607,1,13,14,completed,2
24958,Rigid,1730593,1730594,1730606,1,12,13,completed,2
24959,Rigid,1730594,1730594,1730606,0,12,12,completed,2
24960,Rigid,1730594,1730594,1730606,0,12,12,completed,2
24961,Rigid,1730594,1730594,1730606,0,12,12,completed,2
24962,Rigid,1730594,1730594,1730606,0,12,12,completed,2
24963,Rigid,1730594,1730594,1730606,0,12,12,completed,2
24964,Rigid,1730594,1730594,1730606,0,12,12,completed,2
24965,Rigid,1730594,1730594,1730606,0,12,12,completed,2
24966,Rigid,1730594,1730594,1730606,0,12,12,completed,2
24967,Rigid,1730594,1730594,1730606,0,12,12,completed,2
24968,Rigid,1730594,1730594,1730606,0,12,12,completed,2
24969,Rigid,1730594,1730594,1730606,0,12,12,completed,2
24970,Rigid,1730636,1784885,1829101,54249,44216,98465,completed,36
24971,Rigid,1730636,1785035,1841804,54399,56769,111168,completed,36
24972,Rigid,1730636,1785786,1823194,55150,37408,92558,completed,36
24973,Rigid,1731138,1731138,1731161,0,23,23,completed,36
24974,Rigid,1731309,1731309,1731339,0,30,30,completed,36
24975,Rigid,1731536,1731536,1731575,0,39,39,completed,36
24976,Rigid,1731612,1790505,1907232,58893,116727,175620,completed,36
24977,Rigid,1731612,1790568,1830273,58956,39705,98661,completed,36
24978,Rigid,1731612,1790769,1901224,59157,110455,169612,completed,36
24979,Rigid,1731707,1733282,1736082,1575,2800,4375,completed,144
24980,Rigid,1731870,1731870,1731906,0,36,36,completed,36
24981,Rigid,1732491,1732492,1732517,1,25,26,completed,1
24982,Rigid,1732491,1732492,1732563,1,71,72,completed,1
24983,Rigid,1732491,1732492,1732865,1,373,374,completed,1
24984,Rigid,1732492,1732492,1732515,0,23,23,completed,1
24985,Rigid,1732492,1732496,1732521,4,25,29,completed,8
24986,Rigid,1732492,1732492,1732605,0,113,113,completed,1
24987,Rigid,1732495,1732496,1732546,1,50,51,completed,8
24988,Rigid,1732520,1732521,1732667,1,146,147,completed,9
24989,Rigid,1732521,1732521,1732571,0,50,50,completed,36
24990,Rigid,1732550,1732551,1732570,1,19,20,completed,1
24991,Rigid,1732570,1732571,1732577,1,6,7,completed,1
24992,Rigid,1732571,1732571,1732587,0,16,16,completed,1
24993,Rigid,1732580,1732581,1732599,1,18,19,completed,36
24994,Rigid,1732580,1732581,1733402,1,821,822,completed,6
24995,Rigid,1732581,1732581,1733402,0,821,821,completed,6
24996,Rigid,1732581,1732581,1733402,0,821,821,completed,6
24997,Rigid,1732581,1732581,1733402,0,821,821,completed,6
24998,Rigid,1732581,1732581,1733402,0,821,821,completed,6
24999,Rigid,1732581,1732585,1733402,4,817,821,completed,6
25000,Rigid,1732581,1732585,1733402,4,817,821,completed,6
25001,Rigid,1732581,1732585,1733402,4,817,821,completed,6
25002,Rigid,1732581,1732585,1733402,4,817,821,completed,6
25003,Rigid,1732582,1732585,1733402,3,817,820,completed,6
25004,Rigid,1732582,1732585,1733402,3,817,820,completed,6
25005,Rigid,1732582,1732585,1733402,3,817,820,completed,6
25006,Rigid,1732582,1732585,1733402,3,817,820,completed,6
25007,Rigid,1732582,1732585,1733402,3,817,820,completed,6
25008,Rigid,1732582,1732585,1733402,3,817,820,completed,6
25009,Rigid,1732582,1732585,1733402,3,817,820,completed,6
25010,Rigid,1732582,1732585,1733402,3,817,820,completed,6
25011,Rigid,1732582,1732585,1733402,3,817,820,completed,6
25012,Rigid,1732582,1732585,1733402,3,817,820,completed,6
25013,Rigid,1732582,1732585,1733402,3,817,820,completed,6
25014,Rigid,1732668,1732668,1732697,0,29,29,completed,36
25015,Rigid,1732867,1732867,1732893,0,26,26,completed,1
25016,Rigid,1732995,1732995,1733024,0,29,29,completed,36
25017,Rigid,1733164,1733165,1733195,1,30,31,completed,36
25018,Rigid,1733275,1733275,1733314,0,39,39,completed,36
25019,Rigid,1733408,1733408,1733432,0,24,24,completed,36
25020,Rigid,1733413,1733413,1733425,0,12,12,completed,1
25021,Rigid,1733433,1733433,1733447,0,14,14,completed,2
25022,Rigid,1733454,1733454,1733483,0,29,29,completed,2
25023,Rigid,1733454,1733455,1733483,1,28,29,completed,2
25024,Rigid,1733454,1733455,1733483,1,28,29,completed,2
25025,Rigid,1733477,1733478,1733556,1,78,79,completed,36
25026,Rigid,1733613,1733614,1733640,1,26,27,completed,36
25027,Rigid,1733641,1733963,1743591,322,9628,9950,completed,32
25028,Rigid,1733641,1733642,1744625,1,10983,10984,completed,32
25029,Rigid,1733642,1734023,1750281,381,16258,16639,completed,32
25030,Rigid,1733642,1734071,1749947,429,15876,16305,completed,32
25031,Rigid,1733643,1734552,1744149,909,9597,10506,completed,32
25032,Rigid,1733643,1734364,1747526,721,13162,13883,completed,32
25033,Rigid,1733643,1734392,1751663,749,17271,18020,completed,32
25034,Rigid,1733643,1734579,1744929,936,10350,11286,completed,32
25035,Rigid,1733644,1734583,1756620,939,22037,22976,completed,32
25036,Rigid,1733645,1735409,1743070,1764,7661,9425,completed,32
25037,Rigid,1733645,1735016,1761070,1371,26054,27425,completed,32
25038,Rigid,1733645,1735113,1748710,1468,13597,15065,completed,32
25039,Rigid,1733645,1735200,1753700,1555,18500,20055,completed,32
25040,Rigid,1733645,1735379,1749249,1734,13870,15604,completed,32
25041,Rigid,1733645,1735969,1750430,2324,14461,16785,completed,32
25042,Rigid,1733646,1736083,1744721,2437,8638,11075,completed,32
25043,Rigid,1733646,1736118,1742612,2472,6494,8966,completed,32
25044,Rigid,1733646,1736567,1745959,2921,9392,12313,completed,32
25045,Rigid,1733646,1736998,1746887,3352,9889,13241,completed,32
25046,Rigid,1733646,1736083,1749169,2437,13086,15523,completed,32
25047,Rigid,1733646,1736083,1755733,2437,19650,22087,completed,32
25048,Rigid,1733646,1736083,1746157,2437,10074,12511,completed,32
25049,Rigid,1733646,1736312,1756111,2666,19799,22465,completed,32
25050,Rigid,1733646,1736935,1747640,3289,10705,13994,completed,32
25051,Rigid,1733646,1736979,1748982,3333,12003,15336,completed,32
25052,Rigid,1733646,1737085,1750538,3439,13453,16892,completed,32
25053,Rigid,1733646,1737085,1762251,3439,25166,28605,completed,32
25054,Rigid,1733646,1737091,1748980,3445,11889,15334,completed,32
25055,Rigid,1733646,1737136,1754938,3490,17802,21292,completed,32
25056,Rigid,1733646,1737136,1756367,3490,19231,22721,completed,32
25057,Rigid,1733646,1737136,1756673,3490,19537,23027,completed,32
25058,Rigid,1733647,1737136,1757827,3489,20691,24180,completed,32
25059,Rigid,1733647,1737203,1752117,3556,14914,18470,completed,32
25060,Rigid,1733647,1737427,1750831,3780,13404,17184,completed,32
25061,Rigid,1733717,1738812,1792647,5095,53835,58930,completed,36
25062,Rigid,1733924,1748491,1749316,14567,825,15392,completed,36
25063,Rigid,1734136,1749333,1754803,15197,5470,20667,completed,36
25064,Rigid,1734247,1734330,1734363,83,33,116,completed,36
25065,Rigid,1734307,1786356,1905704,52049,119348,171397,completed,36
25066,Rigid,1734307,1786447,1919518,52140,133071,185211,completed,36
25067,Rigid,1734307,1786987,1895270,52680,108283,160963,completed,36
25068,Rigid,1734349,1734350,1734389,1,39,40,completed,36
25069,Rigid,1734532,1734538,1734582,6,44,50,completed,36
25070,Rigid,1734768,1734986,1735015,218,29,247,completed,36
25071,Rigid,1735095,1735096,1735166,1,70,71,completed,72
25072,Rigid,1735138,1735168,1735199,30,31,61,completed,36
25073,Rigid,1735178,1735179,1735252,1,73,74,completed,72
25074,Rigid,1735260,1735261,1735589,1,328,329,completed,72
25075,Rigid,1735688,1735688,1735962,0,274,274,completed,72
25076,Rigid,1735791,1737177,1739903,1386,2726,4112,completed,36
25077,Rigid,1735949,1735967,1736163,18,196,214,completed,72
25078,Rigid,1736180,1736180,1736395,0,215,215,completed,72
25079,Rigid,1736203,1787378,1918568,51175,131190,182365,completed,36
25080,Rigid,1736203,1787962,1924027,51759,136065,187824,completed,36
25081,Rigid,1736203,1788035,1878505,51832,90470,142302,completed,36
25082,Rigid,1736254,1788588,1853485,52334,64897,117231,completed,36
25083,Rigid,1736254,1788702,1909375,52448,120673,173121,completed,36
25084,Rigid,1736254,1788729,1855033,52475,66304,118779,completed,36
25085,Rigid,1736350,1790770,1915375,54420,124605,179025,completed,36
25086,Rigid,1736350,1790788,1903278,54438,112490,166928,completed,36
25087,Rigid,1736350,1791217,1944672,54867,153455,208322,completed,36
25088,Rigid,1736411,1736412,1736467,1,55,56,completed,72
25089,Rigid,1736484,1736485,1736553,1,68,69,completed,72
25090,Rigid,1736595,1736596,1736665,1,69,70,completed,72
25091,Rigid,1736813,1737692,1747422,879,9730,10609,completed,32
25092,Rigid,1736813,1738765,1748535,1952,9770,11722,completed,32
25093,Rigid,1736813,1740342,1748071,3529,7729,11258,completed,32
25094,Rigid,1736813,1740911,1749620,4098,8709,12807,completed,32
25095,Rigid,1736813,1741923,1748469,5110,6546,11656,completed,32
25096,Rigid,1736813,1742613,1752251,5800,9638,15438,completed,32
25097,Rigid,1736813,1737460,1748673,647,11213,11860,completed,32
25098,Rigid,1736813,1737992,1754466,1179,16474,17653,completed,32
25099,Rigid,1736813,1738042,1754049,1229,16007,17236,completed,32
25100,Rigid,1736813,1738456,1751882,1643,13426,15069,completed,32
25101,Rigid,1736813,1738690,1756061,1877,17371,19248,completed,32
25102,Rigid,1736813,1738787,1749222,1974,10435,12409,completed,32
25103,Rigid,1736813,1738890,1761371,2077,22481,24558,completed,32
25104,Rigid,1736813,1738893,1765422,2080,26529,28609,completed,32
25105,Rigid,1736813,1739184,1752874,2371,13690,16061,completed,32
25106,Rigid,1736813,1739541,1758342,2728,18801,21529,completed,32
25107,Rigid,1736813,1739652,1753559,2839,13907,16746,completed,32
25108,Rigid,1736813,1740415,1755060,3602,14645,18247,completed,32
25109,Rigid,1736813,1740644,1753922,3831,13278,17109,completed,32
25110,Rigid,1736813,1741588,1761371,4775,19783,24558,completed,32
25111,Rigid,1736813,1741797,1751965,4984,10168,15152,completed,32
25112,Rigid,1736813,1742471,1762158,5658,19687,25345,completed,32
25113,Rigid,1736813,1742827,1753528,6014,10701,16715,completed,32
25114,Rigid,1736813,1743071,1755273,6258,12202,18460,completed,32
25115,Rigid,1736813,1743107,1753151,6294,10044,16338,completed,32
25116,Rigid,1736814,1743240,1756796,6426,13556,19982,completed,32
25117,Rigid,1736814,1743367,1768416,6553,25049,31602,completed,32
25118,Rigid,1736814,1743592,1755654,6778,12062,18840,completed,32
25119,Rigid,1736814,1743661,1761571,6847,17910,24757,completed,32
25120,Rigid,1736814,1743721,1763236,6907,19515,26422,completed,32
25121,Rigid,1736814,1743723,1763783,6909,20060,26969,completed,32
25122,Rigid,1736814,1743787,1764294,6973,20507,27480,completed,32
25123,Rigid,1736814,1743895,1758763,7081,14868,21949,completed,32
25124,Rigid,1736814,1744150,1757763,7336,13613,20949,completed,32
25125,Rigid,1736992,1737003,1737709,11,706,717,completed,1
25126,Rigid,1736992,1737003,1737709,11,706,717,completed,1
25127,Rigid,1736992,1737002,1737700,10,698,708,completed,1
25128,Rigid,1736992,1737003,1737843,11,840,851,completed,1
25129,Rigid,1736992,1737003,1737882,11,879,890,completed,1
25130,Rigid,1736992,1737003,1737662,11,659,670,completed,1
25131,Rigid,1736992,1737003,1737906,11,903,914,completed,1
25132,Rigid,1736992,1737003,1737882,11,879,890,completed,1
25133,Rigid,1736992,1737003,1737640,11,637,648,completed,1
25134,Rigid,1736992,1737003,1737828,11,825,836,completed,1
25135,Rigid,1736992,1737003,1737883,11,880,891,completed,1
25136,Rigid,1736992,1737003,1737888,11,885,896,completed,1
25137,Rigid,1736992,1737003,1737892,11,889,900,completed,1
25138,Rigid,1736992,1737002,1737720,10,718,728,completed,1
25139,Rigid,1736992,1737002,1737715,10,713,723,completed,1
25140,Rigid,1736992,1737003,1737882,11,879,890,completed,1
25141,Rigid,1736992,1737003,1737914,11,911,922,completed,1
25142,Rigid,1736992,1737003,1737902,11,899,910,completed,1
25143,Rigid,1736992,1737003,1737877,11,874,885,completed,1
25144,Rigid,1736992,1737003,1737877,11,874,885,completed,1
25145,Rigid,1736992,1737003,1737867,11,864,875,completed,1
25146,Rigid,1736992,1737003,1737678,11,675,686,completed,1
25147,Rigid,1736992,1737003,1737889,11,886,897,completed,1
25148,Rigid,1736992,1737003,1737878,11,875,886,completed,1
25149,Rigid,1736992,1737003,1737896,11,893,904,completed,1
25150,Rigid,1736992,1737002,1737712,10,710,720,completed,1
25151,Rigid,1736992,1737003,1737891,11,888,899,completed,1
25152,Rigid,1736992,1737003,1737891,11,888,899,completed,1
25153,Rigid,1736992,1737003,1737896,11,893,904,completed,1
25154,Rigid,1736992,1737003,1737906,11,903,914,completed,1
25155,Rigid,1736992,1737003,1737887,11,884,895,completed,1
25156,Rigid,1736992,1737003,1737905,11,902,913,completed,1
25157,Rigid,1736992,1737003,1737878,11,875,886,completed,1
25158,Rigid,1736992,1737003,1737852,11,849,860,completed,1
25159,Rigid,1736992,1737003,1737879,11,876,887,completed,1
25160,Rigid,1736992,1737003,1737835,11,832,843,completed,1
25161,Rigid,1736992,1737002,1737684,10,682,692,completed,1
25162,Rigid,1736992,1737003,1737850,11,847,858,completed,1
25163,Rigid,1736992,1737003,1737894,11,891,902,completed,1
25164,Rigid,1736992,1737003,1737887,11,884,895,completed,1
25165,Rigid,1736992,1737003,1737857,11,854,865,completed,1
25166,Rigid,1736992,1737003,1737877,11,874,885,completed,1
25167,Rigid,1736992,1737003,1737842,11,839,850,completed,1
25168,Rigid,1736992,1737003,1737847,11,844,855,completed,1
25169,Rigid,1736992,1737003,1737888,11,885,896,completed,1
25170,Rigid,1736992,1737003,1737870,11,867,878,completed,1
25171,Rigid,1736992,1737003,1737910,11,907,918,completed,1
25172,Rigid,1736992,1737002,1737700,10,698,708,completed,1
25173,Rigid,1736992,1737095,1737578,103,483,586,completed,1
25174,Rigid,1736992,1737095,1737719,103,624,727,completed,1
25175,Rigid,1736992,1737095,1737706,103,611,714,completed,1
25176,Rigid,1736992,1737095,1737731,103,636,739,completed,1
25177,Rigid,1736992,1737095,1737733,103,638,741,completed,1
25178,Rigid,1736992,1737095,1737723,103,628,731,completed,1
25179,Rigid,1736992,1737095,1737724,103,629,732,completed,1
25180,Rigid,1736992,1737095,1737741,103,646,749,completed,1
25181,Rigid,1736992,1737095,1737728,103,633,736,completed,1
25182,Rigid,1736992,1737095,1737722,103,627,730,completed,1
25183,Rigid,1736992,1737002,1737728,10,726,736,completed,1
25184,Rigid,1736992,1737095,1737725,103,630,733,completed,1
25185,Rigid,1736992,1737095,1737745,103,650,753,completed,1
25186,Rigid,1736992,1737095,1737703,103,608,711,completed,1
25187,Rigid,1736992,1737095,1737705,103,610,713,completed,1
25188,Rigid,1736992,1737095,1737739,103,644,747,completed,1
25189,Rigid,1736992,1737095,1737731,103,636,739,completed,1
25190,Rigid,1736992,1737095,1737703,103,608,711,completed,1
25191,Rigid,1736992,1737095,1737734,103,639,742,completed,1
25192,Rigid,1736992,1737095,1737732,103,637,740,completed,1
25193,Rigid,1736992,1737095,1737744,103,649,752,completed,1
25194,Rigid,1736992,1737002,1737727,10,725,735,completed,1
25195,Rigid,1736992,1737156,1737786,164,630,794,completed,1
25196,Rigid,1736992,1737156,1737625,164,469,633,completed,1
25197,Rigid,1736992,1737156,1737801,164,645,809,completed,1
25198,Rigid,1736992,1737156,1737810,164,654,818,completed,1
25199,Rigid,1736992,1737156,1737800,164,644,808,completed,1
25200,Rigid,1736992,1737156,1737793,164,637,801,completed,1
25201,Rigid,1736992,1737156,1737792,164,636,800,completed,1
25202,Rigid,1736992,1737156,1737805,164,649,813,completed,1
25203,Rigid,1736992,1737156,1737790,164,634,798,completed,1
25204,Rigid,1736992,1737156,1737791,164,635,799,completed,1
25205,Rigid,1736992,1737002,1737710,10,708,718,completed,1
25206,Rigid,1736992,1737156,1737797,164,641,805,completed,1
25207,Rigid,1736992,1737156,1737804,164,648,812,completed,1
25208,Rigid,1736992,1737156,1737788,164,632,796,completed,1
25209,Rigid,1736992,1737156,1737788,164,632,796,completed,1
25210,Rigid,1736992,1737156,1737782,164,626,790,completed,1
25211,Rigid,1736992,1737156,1737800,164,644,808,completed,1
25212,Rigid,1736992,1737156,1737791,164,635,799,completed,1
25213,Rigid,1736992,1737156,1737630,164,474,638,completed,1
25214,Rigid,1736992,1737156,1737788,164,632,796,completed,1
25215,Rigid,1736992,1737156,1737795,164,639,803,completed,1
25216,Rigid,1736992,1737002,1737694,10,692,702,completed,1
25217,Rigid,1736992,1737156,1737800,164,644,808,completed,1
25218,Rigid,1736992,1737156,1737795,164,639,803,completed,1
25219,Rigid,1736992,1737156,1737803,164,647,811,completed,1
25220,Rigid,1736992,1737156,1737805,164,649,813,completed,1
25221,Rigid,1736992,1737156,1737802,164,646,810,completed,1
25222,Rigid,1736992,1737156,1737796,164,640,804,completed,1
25223,Rigid,1736992,1737156,1737809,164,653,817,completed,1
25224,Rigid,1736992,1737156,1737799,164,643,807,completed,1
25225,Rigid,1736992,1737156,1737785,164,629,793,completed,1
25226,Rigid,1736992,1737156,1737764,164,608,772,completed,1
25227,Rigid,1736992,1737002,1737699,10,697,707,completed,1
25228,Rigid,1736992,1737156,1737795,164,639,803,completed,1
25229,Rigid,1736992,1737157,1737796,165,639,804,completed,1
25230,Rigid,1736992,1737157,1737791,165,634,799,completed,1
25231,Rigid,1736992,1737157,1737638,165,481,646,completed,1
25232,Rigid,1736992,1737157,1737799,165,642,807,completed,1
25233,Rigid,1736992,1737157,1737781,165,624,789,completed,1
25234,Rigid,1736992,1737157,1737798,165,641,806,completed,1
25235,Rigid,1736992,1737157,1737788,165,631,796,completed,1
25236,Rigid,1736992,1737157,1737790,165,633,798,completed,1
25237,Rigid,1736992,1737002,1737685,10,683,693,completed,1
25238,Rigid,1736992,1737002,1737694,10,692,702,completed,1
25239,Rigid,1736992,1737002,1737705,10,703,713,completed,1
25240,Rigid,1736992,1737002,1737696,10,694,704,completed,1
25241,Rigid,1736992,1737002,1737710,10,708,718,completed,1
25242,Rigid,1736992,1737002,1737545,10,543,553,completed,1
25243,Rigid,1736992,1737002,1737546,10,544,554,completed,1
25244,Rigid,1736992,1737002,1737543,10,541,551,completed,1
25245,Rigid,1736992,1737002,1737701,10,699,709,completed,1
25246,Rigid,1736992,1737002,1737714,10,712,722,completed,1
25247,Rigid,1736992,1737002,1737716,10,714,724,completed,1
25248,Rigid,1736992,1737002,1737702,10,700,710,completed,1
25249,Rigid,1736992,1737002,1737707,10,705,715,completed,1
25250,Rigid,1736992,1737002,1737701,10,699,709,completed,1
25251,Rigid,1736992,1737002,1737707,10,705,715,completed,1
25252,Rigid,1736992,1737002,1737697,10,695,705,completed,1
25253,Rigid,1736992,1737002,1737712,10,710,720,completed,1
25254,Rigid,1736992,1737002,1737710,10,708,718,completed,1
25255,Rigid,1736992,1737002,1737702,10,700,710,completed,1
25256,Rigid,1736992,1737002,1737720,10,718,728,completed,1
25257,Rigid,1736992,1737002,1737722,10,720,730,completed,1
25258,Rigid,1736992,1737002,1737708,10,706,716,completed,1
25259,Rigid,1736992,1737002,1737706,10,704,714,completed,1
25260,Rigid,1736992,1737002,1737540,10,538,548,completed,1
25261,Rigid,1736992,1737002,1737540,10,538,548,completed,1
25262,Rigid,1736992,1737002,1737717,10,715,725,completed,1
25263,Rigid,1736992,1737002,1737720,10,718,728,completed,1
25264,Rigid,1736992,1737002,1737716,10,714,724,completed,1
25265,Rigid,1736992,1737002,1737703,10,701,711,completed,1
25266,Rigid,1736992,1737002,1737718,10,716,726,completed,1
25267,Rigid,1736992,1737002,1737711,10,709,719,completed,1
25268,Rigid,1736992,1737002,1737721,10,719,729,completed,1
25269,Rigid,1736992,1737002,1737720,10,718,728,completed,1
25270,Rigid,1736992,1737002,1737544,10,542,552,completed,1
25271,Rigid,1736992,1737002,1737714,10,712,722,completed,1
25272,Rigid,1736992,1737002,1737701,10,699,709,completed,1
25273,Rigid,1736992,1737002,1737538,10,536,546,completed,1
25274,Rigid,1736992,1737002,1737712,10,710,720,completed,1
25275,Rigid,1736992,1737002,1737711,10,709,719,completed,1
25276,Rigid,1736992,1737002,1737714,10,712,722,completed,1
25277,Rigid,1736992,1737002,1737705,10,703,713,completed,1
25278,Rigid,1736992,1737002,1737719,10,717,727,completed,1
25279,Rigid,1736992,1737002,1737706,10,704,714,completed,1
25280,Rigid,1736992,1737002,1737709,10,707,717,completed,1
25281,Rigid,1736992,1737002,1737700,10,698,708,completed,1
25282,Rigid,1736992,1737002,1737719,10,717,727,completed,1
25283,Rigid,1736992,1737002,1737707,10,705,715,completed,1
25284,Rigid,1736992,1737002,1737542,10,540,550,completed,1
25285,Rigid,1736992,1737002,1737700,10,698,708,completed,1
25286,Rigid,1736992,1737002,1737541,10,539,549,completed,1
25287,Rigid,1736992,1737002,1737716,10,714,724,completed,1
25288,Rigid,1736992,1737003,1737699,11,696,707,completed,1
25289,Rigid,1736992,1737003,1737704,11,701,712,completed,1
25290,Rigid,1736992,1737003,1737713,11,710,721,completed,1
25291,Rigid,1736992,1737003,1737715,11,712,723,completed,1
25292,Rigid,1736992,1737003,1737712,11,709,720,completed,1
25293,Rigid,1736992,1737003,1737700,11,697,708,completed,1
25294,Rigid,1736992,1737002,1737708,10,706,716,completed,1
25295,Rigid,1736992,1737003,1737718,11,715,726,completed,1
25296,Rigid,1736992,1737003,1737712,11,709,720,completed,1
25297,Rigid,1736992,1737003,1737902,11,899,910,completed,1
25298,Rigid,1736992,1737003,1737897,11,894,905,completed,1
25299,Rigid,1736992,1737003,1737911,11,908,919,completed,1
25300,Rigid,1736992,1737003,1737909,11,906,917,completed,1
25301,Rigid,1736992,1737003,1737893,11,890,901,completed,1
25302,Rigid,1736992,1737003,1737858,11,855,866,completed,1
25303,Rigid,1736992,1737003,1737887,11,884,895,completed,1
25304,Rigid,1736992,1737003,1737898,11,895,906,completed,1
25305,Rigid,1736992,1737002,1737699,10,697,707,completed,1
25306,Rigid,1736992,1737003,1737714,11,711,722,completed,1
25307,Rigid,1736992,1737003,1737722,11,719,730,completed,1
25308,Rigid,1736992,1737003,1737719,11,716,727,completed,1
25309,Rigid,1736992,1737003,1737715,11,712,723,completed,1
25310,Rigid,1736992,1737003,1737543,11,540,551,completed,1
25311,Rigid,1736992,1737003,1737713,11,710,721,completed,1
25312,Rigid,1736992,1737003,1737726,11,723,734,completed,1
25313,Rigid,1736992,1737003,1737549,11,546,557,completed,1
25314,Rigid,1736992,1737003,1737707,11,704,715,completed,1
25315,Rigid,1736992,1737003,1737699,11,696,707,completed,1
25316,Rigid,1736992,1737002,1737710,10,708,718,completed,1
25317,Rigid,1736992,1737003,1737704,11,701,712,completed,1
25318,Rigid,1736992,1737003,1737687,11,684,695,completed,1
25319,Rigid,1736992,1737003,1737702,11,699,710,completed,1
25320,Rigid,1736992,1737003,1737705,11,702,713,completed,1
25321,Rigid,1736992,1737003,1737711,11,708,719,completed,1
25322,Rigid,1736992,1737003,1737717,11,714,725,completed,1
25323,Rigid,1736992,1737003,1737701,11,698,709,completed,1
25324,Rigid,1736992,1737003,1737704,11,701,712,completed,1
25325,Rigid,1737118,1737142,1737175,24,33,57,completed,144
25326,Rigid,1737342,1789147,1917374,51805,128227,180032,completed,36
25327,Rigid,1737342,1789255,1911014,51913,121759,173672,completed,36
25328,Rigid,1737342,1789758,1879165,52416,89407,141823,completed,36
25329,Rigid,1737509,1737510,1742099,1,4589,4590,completed,144
25330,Rigid,1737886,1768466,1779146,30580,10680,41260,completed,72
25331,Rigid,1737899,1777656,1787788,39757,10132,49889,completed,72
25332,Rigid,1738808,1738809,1739275,1,466,467,completed,4
25333,Rigid,1738923,1739926,1740744,1003,818,1821,completed,36
25334,Rigid,1739393,1739394,1740691,1,1297,1298,completed,4
25335,Rigid,1742247,1742271,1742296,24,25,49,completed,36
25336,Rigid,1743091,1743091,1743151,0,60,60,completed,36
25337,Rigid,1744583,1744584,1744644,1,60,61,completed,36
25338,Rigid,1744996,1744997,1746209,1,1212,1213,completed,36
25339,Rigid,1745430,1745430,1746659,0,1229,1229,completed,36
25340,Rigid,1745463,1745486,1746043,23,557,580,completed,36
25341,Rigid,1745499,1745516,1746719,17,1203,1220,completed,72
25342,Rigid,1745553,1745576,1746110,23,534,557,completed,36
25343,Rigid,1745571,1745576,1746779,5,1203,1208,completed,36
25344,Rigid,1745580,1745606,1746809,26,1203,1229,completed,36
25345,Rigid,1745588,1745606,1746809,18,1203,1221,completed,72
25346,Rigid,1745632,1745636,1746839,4,1203,1207,completed,36
25347,Rigid,1745661,1745667,1746869,6,1202,1208,completed,36
25348,Rigid,1745688,1745727,1746125,39,398,437,completed,36
25349,Rigid,1745705,1745968,1747169,263,1201,1464,completed,36
25350,Rigid,1745725,1746118,1747319,393,1201,1594,completed,72
25351,Rigid,1746927,1746928,1754157,1,7229,7230,completed,36
25352,Rigid,1752047,1752048,1761079,1,9031,9032,completed,32
25353,Rigid,1752047,1752253,1761574,206,9321,9527,completed,32
25354,Rigid,1752047,1752257,1762041,210,9784,9994,completed,32
25355,Rigid,1752047,1753386,1760629,1339,7243,8582,completed,32
25356,Rigid,1752047,1753701,1762049,1654,8348,10002,completed,32
25357,Rigid,1752047,1754050,1763652,2003,9602,11605,completed,32
25358,Rigid,1752047,1754158,1760382,2111,6224,8335,completed,32
25359,Rigid,1752047,1754200,1763278,2153,9078,11231,completed,32
25360,Rigid,1752047,1754221,1763750,2174,9529,11703,completed,32
25361,Rigid,1752047,1752048,1762648,1,10600,10601,completed,32
25362,Rigid,1752047,1752048,1767311,1,15263,15264,completed,32
25363,Rigid,1752047,1752048,1766624,1,14576,14577,completed,32
25364,Rigid,1752047,1752048,1764309,1,12261,12262,completed,32
25365,Rigid,1752047,1752118,1768869,71,16751,16822,completed,32
25366,Rigid,1752047,1752875,1773624,828,20749,21577,completed,32
25367,Rigid,1752047,1753040,1777615,993,24575,25568,completed,32
25368,Rigid,1752047,1753152,1765616,1105,12464,13569,completed,32
25369,Rigid,1752047,1753267,1771102,1220,17835,19055,completed,32
25370,Rigid,1752047,1753275,1766018,1228,12743,13971,completed,32
25371,Rigid,1752047,1753531,1767066,1484,13535,15019,completed,32
25372,Rigid,1752047,1753560,1766027,1513,12467,13980,completed,32
25373,Rigid,1752047,1753923,1772348,1876,18425,20301,completed,32
25374,Rigid,1752047,1754200,1772435,2153,18235,20388,completed,32
25375,Rigid,1752047,1754200,1764333,2153,10133,12286,completed,32
25376,Rigid,1752047,1754200,1765335,2153,11135,13288,completed,32
25377,Rigid,1752047,1754467,1767106,2420,12639,15059,completed,32
25378,Rigid,1752048,1754691,1778103,2643,23412,26055,completed,32
25379,Rigid,1752048,1754804,1766163,2756,11359,14115,completed,32
25380,Rigid,1752048,1754940,1771557,2892,16617,19509,completed,32
25381,Rigid,1752048,1755061,1773266,3013,18205,21218,completed,32
25382,Rigid,1752048,1755112,1772837,3064,17725,20789,completed,32
25383,Rigid,1752048,1755274,1774273,3226,18999,22225,completed,32
25384,Rigid,1752048,1755331,1769033,3283,13702,16985,completed,32
25385,Rigid,1752048,1755373,1768106,3325,12733,16058,completed,32
25386,Rigid,1752077,1755734,1764610,3657,8876,12533,completed,32
25387,Rigid,1752077,1756248,1765159,4171,8911,13082,completed,32
25388,Rigid,1752077,1756368,1765897,4291,9529,13820,completed,32
25389,Rigid,1752077,1755655,1765957,3578,10302,13880,completed,32
25390,Rigid,1752077,1756062,1771072,3985,15010,18995,completed,32
25391,Rigid,1752077,1756071,1770297,3994,14226,18220,completed,32
25392,Rigid,1752077,1756137,1768337,4060,12200,16260,completed,32
25393,Rigid,1752077,1756248,1772504,4171,16256,20427,completed,32
25394,Rigid,1752077,1756572,1776780,4495,20208,24703,completed,32
25395,Rigid,1752077,1756622,1780497,4545,23875,28420,completed,32
25396,Rigid,1752077,1756674,1769076,4597,12402,16999,completed,32
25397,Rigid,1752077,1756754,1774241,4677,17487,22164,completed,32
25398,Rigid,1752078,1756934,1763865,4856,6931,11787,completed,32
25399,Rigid,1752078,1757522,1765858,5444,8336,13780,completed,32
25400,Rigid,1752078,1757522,1766866,5444,9344,14788,completed,32
25401,Rigid,1752078,1757522,1763603,5444,6081,11525,completed,32
25402,Rigid,1752078,1757522,1766200,5444,8678,14122,completed,32
25403,Rigid,1752078,1757522,1766681,5444,9159,14603,completed,32
25404,Rigid,1752078,1756798,1769652,4720,12854,17574,completed,32
25405,Rigid,1752078,1757009,1770741,4931,13732,18663,completed,32
25406,Rigid,1752078,1757522,1769543,5444,12021,17465,completed,32
25407,Rigid,1752078,1757522,1775684,5444,18162,23606,completed,32
25408,Rigid,1752078,1757522,1775610,5444,18088,23532,completed,32
25409,Rigid,1752078,1757522,1767574,5444,10052,15496,completed,32
25410,Rigid,1752078,1757522,1768545,5444,11023,16467,completed,32
25411,Rigid,1752078,1757522,1769925,5444,12403,17847,completed,32
25412,Rigid,1752078,1757522,1780629,5444,23107,28551,completed,32
25413,Rigid,1752078,1757522,1768672,5444,11150,16594,completed,32
25414,Rigid,1752078,1757522,1773941,5444,16419,21863,completed,32
25415,Rigid,1752078,1757522,1775479,5444,17957,23401,completed,32
25416,Rigid,1752078,1757522,1775026,5444,17504,22948,completed,32
25417,Rigid,1752078,1757522,1776215,5444,18693,24137,completed,32
25418,Rigid,1752078,1757522,1771085,5444,13563,19007,completed,32
25419,Rigid,1752078,1757522,1770087,5444,12565,18009,completed,32
25420,Rigid,1752092,1757522,1766504,5430,8982,14412,completed,32
25421,Rigid,1752092,1758764,1767918,6672,9154,15826,completed,32
25422,Rigid,1752092,1760383,1769978,8291,9595,17886,completed,32
25423,Rigid,1752092,1761372,1768525,9280,7153,16433,completed,32
25424,Rigid,1752092,1761575,1769973,9483,8398,17881,completed,32
25425,Rigid,1752092,1762050,1771560,9958,9510,19468,completed,32
25426,Rigid,1752092,1762159,1768312,10067,6153,16220,completed,32
25427,Rigid,1752092,1762649,1771687,10557,9038,19595,completed,32
25428,Rigid,1752092,1763604,1772938,11512,9334,20846,completed,32
25429,Rigid,1752092,1757522,1768015,5430,10493,15923,completed,32
25430,Rigid,1752092,1757764,1772992,5672,15228,20900,completed,32
25431,Rigid,1752092,1757828,1772254,5736,14426,20162,completed,32
25432,Rigid,1752092,1758030,1770351,5938,12321,18259,completed,32
25433,Rigid,1752092,1758343,1774800,6251,16457,22708,completed,32
25434,Rigid,1752092,1760504,1781061,8412,20557,28969,completed,32
25435,Rigid,1752092,1760631,1785120,8539,24489,33028,completed,32
25436,Rigid,1752092,1761071,1773584,8979,12513,21492,completed,32
25437,Rigid,1752092,1761080,1779028,8988,17948,26936,completed,32
25438,Rigid,1752092,1761372,1774181,9280,12809,22089,completed,32
25439,Rigid,1752092,1761430,1775330,9338,13900,23238,completed,32
25440,Rigid,1752092,1761572,1773913,9480,12341,21821,completed,32
25441,Rigid,1752092,1762042,1780471,9950,18429,28379,completed,32
25442,Rigid,1752092,1762252,1780319,10160,18067,28227,completed,32
25443,Rigid,1752092,1763237,1773387,11145,10150,21295,completed,32
25444,Rigid,1752092,1763280,1774438,11188,11158,22346,completed,32
25445,Rigid,1752092,1763653,1776185,11561,12532,24093,completed,32
25446,Rigid,1752092,1763751,1786941,11659,23190,34849,completed,32
25447,Rigid,1752092,1763785,1775023,11693,11238,22931,completed,32
25448,Rigid,1752092,1763866,1780379,11774,16513,28287,completed,32
25449,Rigid,1752092,1764295,1782605,12203,18310,30513,completed,32
25450,Rigid,1752092,1764311,1781952,12219,17641,29860,completed,32
25451,Rigid,1752092,1764334,1783142,12242,18808,31050,completed,32
25452,Rigid,1752092,1764611,1778209,12519,13598,26117,completed,32
25453,Rigid,1752092,1765160,1777855,13068,12695,25763,completed,32
25454,Rigid,1752133,1765423,1774420,13290,8997,22287,completed,32
25455,Rigid,1752133,1765336,1775884,13203,10548,23751,completed,32
25456,Rigid,1752133,1765617,1780825,13484,15208,28692,completed,32
25457,Rigid,1752133,1765859,1780510,13726,14651,28377,completed,32
25458,Rigid,1752133,1765898,1778080,13765,12182,25947,completed,32
25459,Rigid,1752134,1766019,1775297,13885,9278,23163,completed,32
25460,Rigid,1752134,1766164,1775831,14030,9667,23697,completed,32
25461,Rigid,1752134,1766867,1774101,14733,7234,21967,completed,32
25462,Rigid,1752134,1767312,1775696,15178,8384,23562,completed,32
25463,Rigid,1752134,1767919,1777529,15785,9610,25395,completed,32
25464,Rigid,1752134,1768016,1774265,15882,6249,22131,completed,32
25465,Rigid,1752134,1768313,1777383,16179,9070,25249,completed,32
25466,Rigid,1752134,1768527,1778042,16393,9515,25908,completed,32
25467,Rigid,1752134,1765959,1782650,13825,16691,30516,completed,32
25468,Rigid,1752134,1766027,1786677,13893,20650,34543,completed,32
25469,Rigid,1752134,1766201,1790769,14067,24568,38635,completed,32
25470,Rigid,1752134,1766505,1779104,14371,12599,26970,completed,32
25471,Rigid,1752134,1766626,1784428,14492,17802,32294,completed,32
25472,Rigid,1752134,1766682,1779371,14548,12689,27237,completed,32
25473,Rigid,1752134,1767067,1780599,14933,13532,28465,completed,32
25474,Rigid,1752134,1767107,1779572,14973,12465,27438,completed,32
25475,Rigid,1752134,1767575,1786036,15441,18461,33902,completed,32
25476,Rigid,1752134,1768108,1786333,15974,18225,34199,completed,32
25477,Rigid,1752134,1768338,1778399,16204,10061,26265,completed,32
25478,Rigid,1752134,1768417,1779605,16283,11188,27471,completed,32
25479,Rigid,1752134,1768546,1781156,16412,12610,29022,completed,32
25480,Rigid,1752134,1768673,1792246,16539,23573,40112,completed,32
25481,Rigid,1752134,1768870,1780223,16736,11353,28089,completed,32
25482,Rigid,1752134,1769034,1785784,16900,16750,33650,completed,32
25483,Rigid,1752134,1769077,1787470,16943,18393,35336,completed,32
25484,Rigid,1752134,1769544,1787357,17410,17813,35223,completed,32
25485,Rigid,1752134,1769653,1788701,17519,19048,36567,completed,32
25486,Rigid,1752134,1769926,1783633,17792,13707,31499,completed,32
25487,Rigid,1752134,1769974,1782685,17840,12711,30551,completed,32
25488,Rigid,1752156,1770088,1779021,17932,8933,26865,completed,32
25489,Rigid,1752156,1771086,1780043,18930,8957,27887,completed,32
25490,Rigid,1752156,1771104,1780651,18948,9547,28495,completed,32
25491,Rigid,1752156,1769979,1780246,17823,10267,28090,completed,32
25492,Rigid,1752156,1770298,1785314,18142,15016,33158,completed,32
25493,Rigid,1752156,1770352,1784617,18196,14265,32461,completed,32
25494,Rigid,1752156,1770742,1782912,18586,12170,30756,completed,32
25495,Rigid,1752156,1771073,1787242,18917,16169,35086,completed,32
25496,Rigid,1752157,1772437,1779391,20280,6954,27234,completed,32
25497,Rigid,1752157,1772939,1781215,20782,8276,29058,completed,32
25498,Rigid,1752157,1773268,1782571,21111,9303,30414,completed,32
25499,Rigid,1752157,1773388,1779492,21231,6104,27335,completed,32
25500,Rigid,1752157,1773625,1782374,21468,8749,30217,completed,32
25501,Rigid,1752157,1771558,1791753,19401,20195,39596,completed,32
25502,Rigid,1752157,1771561,1795533,19404,23972,43376,completed,32
25503,Rigid,1752157,1771688,1784039,19531,12351,31882,completed,32
25504,Rigid,1752157,1772255,1789757,20098,17502,37600,completed,32
25505,Rigid,1752157,1772349,1785166,20192,12817,33009,completed,32
25506,Rigid,1752157,1772505,1786195,20348,13690,34038,completed,32
25507,Rigid,1752157,1772839,1784879,20682,12040,32722,completed,32
25508,Rigid,1752157,1772993,1791216,20836,18223,39059,completed,32
25509,Rigid,1752157,1773585,1791618,21428,18033,39461,completed,32
25510,Rigid,1752157,1773914,1783988,21757,10074,31831,completed,32
25511,Rigid,1752157,1773942,1784969,21785,11027,32812,completed,32
25512,Rigid,1752158,1774102,1783250,21944,9148,31092,completed,32
25513,Rigid,1752158,1774182,1786588,22024,12406,34430,completed,32
25514,Rigid,1752158,1774242,1797436,22084,23194,45278,completed,32
25515,Rigid,1752158,1774267,1785412,22109,11145,33254,completed,32
25516,Rigid,1752158,1774274,1790767,22116,16493,38609,completed,32
25517,Rigid,1752158,1774421,1792242,22263,17821,40084,completed,32
25518,Rigid,1752158,1774439,1791863,22281,17424,39705,completed,32
25519,Rigid,1752158,1774801,1793370,22643,18569,41212,completed,32
25520,Rigid,1752158,1775025,1788587,22867,13562,36429,completed,32
25521,Rigid,1752159,1775027,1787508,22868,12481,35349,completed,32
25522,Rigid,1752192,1775331,1784363,23139,9032,32171,completed,32
25523,Rigid,1752192,1775832,1785006,23640,9174,32814,completed,32
25524,Rigid,1752192,1775885,1785459,23693,9574,33267,completed,32
25525,Rigid,1752192,1777616,1784731,25424,7115,32539,completed,32
25526,Rigid,1752192,1778081,1786430,25889,8349,34238,completed,32
25527,Rigid,1752192,1775299,1785796,23107,10497,33604,completed,32
25528,Rigid,1752192,1775481,1790566,23289,15085,38374,completed,32
25529,Rigid,1752192,1775611,1790025,23419,14414,37833,completed,32
25530,Rigid,1752192,1775685,1787961,23493,12276,35769,completed,32
25531,Rigid,1752192,1775697,1792236,23505,16539,40044,completed,32
25532,Rigid,1752192,1776187,1796818,23995,20631,44626,completed,32
25533,Rigid,1752192,1776216,1800953,24024,24737,48761,completed,32
25534,Rigid,1752192,1776781,1789146,24589,12365,36954,completed,32
25535,Rigid,1752192,1777385,1795197,25193,17812,43005,completed,32
25536,Rigid,1752192,1777531,1790400,25339,12869,38208,completed,32
25537,Rigid,1752192,1777856,1791723,25664,13867,39531,completed,32
25538,Rigid,1752192,1778043,1790481,25851,12438,38289,completed,32
25539,Rigid,1752193,1778210,1787740,26017,9530,35547,completed,32
25540,Rigid,1752193,1778401,1784555,26208,6154,32362,completed,32
25541,Rigid,1752193,1779029,1788034,26836,9005,35841,completed,32
25542,Rigid,1752193,1779392,1788727,27199,9335,36534,completed,32
25543,Rigid,1752193,1778104,1796366,25911,18262,44173,completed,32
25544,Rigid,1752193,1779022,1797134,26829,18112,44941,completed,32
25545,Rigid,1752193,1779105,1789254,26912,10149,37061,completed,32
25546,Rigid,1752193,1779372,1790504,27179,11132,38311,completed,32
25547,Rigid,1752193,1779493,1792053,27300,12560,39860,completed,32
25548,Rigid,1752193,1779573,1802914,27380,23341,50721,completed,32
25549,Rigid,1752193,1779606,1790787,27413,11181,38594,completed,32
25550,Rigid,1752193,1780044,1796784,27851,16740,44591,completed,32
25551,Rigid,1752193,1780224,1798631,28031,18407,46438,completed,32
25552,Rigid,1752193,1780247,1797776,28054,17529,45583,completed,32
25553,Rigid,1752193,1780321,1799144,28128,18823,46951,completed,32
25554,Rigid,1752193,1780380,1793936,28187,13556,41743,completed,32
25555,Rigid,1752193,1780472,1793190,28279,12718,40997,completed,32
25556,Rigid,1754199,1791864,1859274,37665,67410,105075,completed,144
25557,Rigid,1755511,1756248,1777655,737,21407,22144,completed,72
25558,Rigid,1758640,1758641,1758643,1,2,3,completed,1
25559,Rigid,1758694,1758695,1758697,1,2,3,completed,1
25560,Rigid,1758903,1758904,1758911,1,7,8,completed,1
25561,Rigid,1758906,1758937,1762811,31,3874,3905,completed,9
25562,Rigid,1758906,1758937,1760943,31,2006,2037,completed,9
25563,Rigid,1758907,1758937,1761579,30,2642,2672,completed,9
25564,Rigid,1758907,1758937,1761029,30,2092,2122,completed,9
25565,Rigid,1758907,1758937,1761174,30,2237,2267,completed,9
25566,Rigid,1758907,1758937,1761090,30,2153,2183,completed,9
25567,Rigid,1758907,1758937,1761117,30,2180,2210,completed,9
25568,Rigid,1758907,1758937,1761161,30,2224,2254,completed,9
25569,Rigid,1758907,1758937,1762590,30,3653,3683,completed,9
25570,Rigid,1758907,1758937,1760680,30,1743,1773,completed,9
25571,Rigid,1758907,1758937,1761565,30,2628,2658,completed,9
25572,Rigid,1758907,1758937,1761691,30,2754,2784,completed,9
25573,Rigid,1758907,1758937,1761235,30,2298,2328,completed,9
25574,Rigid,1758907,1758937,1762216,30,3279,3309,completed,9
25575,Rigid,1758907,1758937,1760765,30,1828,1858,completed,9
25576,Rigid,1758907,1758937,1761949,30,3012,3042,completed,9
25577,Rigid,1758907,1758937,1761491,30,2554,2584,completed,9
25578,Rigid,1758907,1758937,1761444,30,2507,2537,completed,9
25579,Rigid,1758907,1758937,1761544,30,2607,2637,completed,9
25580,Rigid,1758907,1758937,1761590,30,2653,2683,completed,9
25581,Rigid,1758907,1758937,1761677,30,2740,2770,completed,9
25582,Rigid,1758907,1758937,1762712,30,3775,3805,completed,9
25583,Rigid,1758907,1758937,1762379,30,3442,3472,completed,9
25584,Rigid,1758907,1758937,1762594,30,3657,3687,completed,9
25585,Rigid,1758907,1758937,1761996,30,3059,3089,completed,9
25586,Rigid,1758907,1758937,1762151,30,3214,3244,completed,9
25587,Rigid,1758907,1758937,1760883,30,1946,1976,completed,9
25588,Rigid,1758907,1758937,1761088,30,2151,2181,completed,9
25589,Rigid,1758907,1758937,1761917,30,2980,3010,completed,9
25590,Rigid,1758907,1758937,1761466,30,2529,2559,completed,9
25591,Rigid,1758907,1758937,1761446,30,2509,2539,completed,9
25592,Rigid,1758907,1758937,1760942,30,2005,2035,completed,9
25593,Rigid,1758908,1758937,1761765,29,2828,2857,completed,9
25594,Rigid,1758908,1758937,1761924,29,2987,3016,completed,9
25595,Rigid,1758908,1758937,1761330,29,2393,2422,completed,9
25596,Rigid,1758908,1758937,1761352,29,2415,2444,completed,9
25597,Rigid,1758908,1758937,1761234,29,2297,2326,completed,9
25598,Rigid,1758908,1758937,1761371,29,2434,2463,completed,9
25599,Rigid,1758908,1758937,1761201,29,2264,2293,completed,9
25600,Rigid,1758908,1758937,1760463,29,1526,1555,completed,9
25601,Rigid,1758908,1758937,1761786,29,2849,2878,completed,9
25602,Rigid,1758908,1758937,1761675,29,2738,2767,completed,9
25603,Rigid,1758908,1758937,1761425,29,2488,2517,completed,9
25604,Rigid,1758908,1758937,1761544,29,2607,2636,completed,9
25605,Rigid,1758908,1758937,1761034,29,2097,2126,completed,9
25606,Rigid,1758908,1758937,1762217,29,3280,3309,completed,9
25607,Rigid,1758908,1760465,1763216,1557,2751,4308,completed,9
25608,Rigid,1758908,1760692,1763311,1784,2619,4403,completed,9
25609,Rigid,1758908,1760788,1762527,1880,1739,3619,completed,9
25610,Rigid,1758908,1760948,1762818,2040,1870,3910,completed,9
25611,Rigid,1758908,1760884,1763512,1976,2628,4604,completed,9
25612,Rigid,1758908,1760948,1763817,2040,2869,4909,completed,9
25613,Rigid,1758908,1761044,1763207,2136,2163,4299,completed,9
25614,Rigid,1758908,1761107,1762734,2199,1627,3826,completed,9
25615,Rigid,1758908,1761107,1763002,2199,1895,4094,completed,9
25616,Rigid,1758908,1761139,1763702,2231,2563,4794,completed,9
25617,Rigid,1758908,1761171,1764180,2263,3009,5272,completed,9
25618,Rigid,1758908,1761204,1763397,2296,2193,4489,completed,9
25619,Rigid,1758908,1761204,1763587,2296,2383,4679,completed,9
25620,Rigid,1758908,1761268,1762382,2360,1114,3474,completed,9
25621,Rigid,1758908,1761268,1763759,2360,2491,4851,completed,9
25622,Rigid,1758908,1761332,1764850,2424,3518,5942,completed,9
25623,Rigid,1758908,1761365,1764620,2457,3255,5712,completed,9
25624,Rigid,1758908,1761397,1763910,2489,2513,5002,completed,9
25625,Rigid,1758908,1761429,1764379,2521,2950,5471,completed,9
25626,Rigid,1758908,1761429,1763907,2521,2478,4999,completed,9
25627,Rigid,1758908,1761460,1763968,2552,2508,5060,completed,9
25628,Rigid,1758908,1761460,1763493,2552,2033,4585,completed,9
25629,Rigid,1758908,1761490,1764019,2582,2529,5111,completed,9
25630,Rigid,1758908,1761520,1763783,2612,2263,4875,completed,9
25631,Rigid,1758908,1761551,1763782,2643,2231,4874,completed,9
25632,Rigid,1758908,1761551,1763837,2643,2286,4929,completed,9
25633,Rigid,1758908,1761551,1765105,2643,3554,6197,completed,9
25634,Rigid,1758908,1761551,1763912,2643,2361,5004,completed,9
25635,Rigid,1758908,1761551,1763909,2643,2358,5001,completed,9
25636,Rigid,1758908,1761551,1763929,2643,2378,5021,completed,9
25637,Rigid,1758908,1761581,1763614,2673,2033,4706,completed,9
25638,Rigid,1758908,1761581,1763607,2673,2026,4699,completed,9
25639,Rigid,1758908,1761611,1763912,2703,2301,5004,completed,9
25640,Rigid,1758908,1761702,1763782,2794,2080,4874,completed,9
25641,Rigid,1758908,1761702,1765174,2794,3472,6266,completed,9
25642,Rigid,1758908,1761702,1763755,2794,2053,4847,completed,9
25643,Rigid,1758908,1761793,1764943,2885,3150,6035,completed,9
25644,Rigid,1758908,1761793,1764945,2885,3152,6037,completed,9
25645,Rigid,1758908,1761945,1764326,3037,2381,5418,completed,9
25646,Rigid,1758908,1761945,1765798,3037,3853,6890,completed,9
25647,Rigid,1758908,1761976,1763869,3068,1893,4961,completed,9
25648,Rigid,1758908,1762006,1764334,3098,2328,5426,completed,9
25649,Rigid,1758908,1762157,1765355,3249,3198,6447,completed,9
25650,Rigid,1758908,1762218,1764651,3310,2433,5743,completed,9
25651,Rigid,1758908,1762249,1764670,3341,2421,5762,completed,9
25652,Rigid,1758908,1762400,1765341,3492,2941,6433,completed,9
25653,Rigid,1758909,1762400,1765043,3491,2643,6134,completed,9
25654,Rigid,1758909,1762553,1765867,3644,3314,6958,completed,9
25655,Rigid,1758909,1762614,1765961,3705,3347,7052,completed,9
25656,Rigid,1758909,1762614,1766284,3705,3670,7375,completed,9
25657,Rigid,1758909,1762735,1767486,3826,4751,8577,completed,9
25658,Rigid,1758909,1762735,1765681,3826,2946,6772,completed,9
25659,Rigid,1758909,1762826,1765090,3917,2264,6181,completed,9
25660,Rigid,1758909,1762826,1765140,3917,2314,6231,completed,9
25661,Rigid,1758909,1763006,1765522,4097,2516,6613,completed,9
25662,Rigid,1758909,1763217,1765885,4308,2668,6976,completed,9
25663,Rigid,1758909,1763339,1765535,4430,2196,6626,completed,9
25664,Rigid,1758909,1763400,1765360,4491,1960,6451,completed,9
25665,Rigid,1758909,1763521,1765724,4612,2203,6815,completed,9
25666,Rigid,1758909,1763521,1765597,4612,2076,6688,completed,9
25667,Rigid,1758909,1763612,1766556,4703,2944,7647,completed,9
25668,Rigid,1758909,1763612,1766765,4703,3153,7856,completed,9
25669,Rigid,1758909,1763642,1765878,4733,2236,6969,completed,9
25670,Rigid,1758909,1763733,1766020,4824,2287,7111,completed,9
25671,Rigid,1758909,1763763,1766271,4854,2508,7362,completed,9
25672,Rigid,1758909,1763763,1765626,4854,1863,6717,completed,9
25673,Rigid,1758909,1763793,1767523,4884,3730,8614,completed,9
25674,Rigid,1758909,1763794,1766428,4885,2634,7519,completed,9
25675,Rigid,1758909,1763794,1766674,4885,2880,7765,completed,9
25676,Rigid,1758909,1763824,1766102,4915,2278,7193,completed,9
25677,Rigid,1758909,1763885,1767125,4976,3240,8216,completed,9
25678,Rigid,1758909,1763915,1766034,5006,2119,7125,completed,9
25679,Rigid,1758909,1763915,1766778,5006,2863,7869,completed,9
25680,Rigid,1758909,1763915,1766641,5006,2726,7732,completed,9
25681,Rigid,1758909,1763945,1765868,5036,1923,6959,completed,9
25682,Rigid,1758909,1763976,1766000,5067,2024,7091,completed,9
25683,Rigid,1758909,1764036,1767093,5127,3057,8184,completed,9
25684,Rigid,1758909,1764066,1767578,5157,3512,8669,completed,9
25685,Rigid,1758909,1764187,1766876,5278,2689,7967,completed,9
25686,Rigid,1758909,1764338,1765804,5429,1466,6895,completed,9
25687,Rigid,1758909,1764338,1766367,5429,2029,7458,completed,9
25688,Rigid,1758909,1764398,1766513,5489,2115,7604,completed,9
25689,Rigid,1758909,1764639,1768037,5730,3398,9128,completed,9
25690,Rigid,1758909,1764669,1766793,5760,2124,7884,completed,9
25691,Rigid,1758909,1764699,1767359,5790,2660,8450,completed,9
25692,Rigid,1758909,1764971,1766051,6062,1080,7142,completed,9
25693,Rigid,1758909,1764971,1767257,6062,2286,8348,completed,9
25694,Rigid,1758909,1765062,1768116,6153,3054,9207,completed,9
25695,Rigid,1758909,1765062,1767301,6153,2239,8392,completed,9
25696,Rigid,1758909,1765062,1767801,6153,2739,8892,completed,9
25697,Rigid,1758909,1765062,1767710,6153,2648,8801,completed,9
25698,Rigid,1758909,1765062,1767378,6153,2316,8469,completed,9
25699,Rigid,1758909,1765092,1767681,6183,2589,8772,completed,9
25700,Rigid,1758909,1765152,1766833,6243,1681,7924,completed,9
25701,Rigid,1758909,1765183,1767686,6274,2503,8777,completed,9
25702,Rigid,1758909,1765363,1767424,6454,2061,8515,completed,9
25703,Rigid,1758909,1765363,1768151,6454,2788,9242,completed,9
25704,Rigid,1758909,1765363,1767549,6454,2186,8640,completed,9
25705,Rigid,1758910,1765544,1768416,6634,2872,9506,completed,9
25706,Rigid,1758910,1765544,1767726,6634,2182,8816,completed,9
25707,Rigid,1758910,1765604,1768307,6694,2703,9397,completed,9
25708,Rigid,1758910,1765634,1767097,6724,1463,8187,completed,9
25709,Rigid,1758910,1765695,1767739,6785,2044,8829,completed,9
25710,Rigid,1758910,1765695,1769406,6785,3711,10496,completed,9
25711,Rigid,1758910,1765725,1768119,6815,2394,9209,completed,9
25712,Rigid,1758910,1765815,1768510,6905,2695,9600,completed,9
25713,Rigid,1758910,1765816,1768612,6906,2796,9702,completed,9
25714,Rigid,1758910,1765876,1768191,6966,2315,9281,completed,9
25715,Rigid,1758910,1765876,1768614,6966,2738,9704,completed,9
25716,Rigid,1758910,1765906,1767600,6996,1694,8690,completed,9
25717,Rigid,1758910,1765906,1768308,6996,2402,9398,completed,9
25718,Rigid,1758910,1765967,1768141,7057,2174,9231,completed,9
25719,Rigid,1758910,1766027,1769564,7117,3537,10654,completed,9
25720,Rigid,1758910,1766027,1768569,7117,2542,9659,completed,9
25721,Rigid,1761622,1763218,1764062,1596,844,2440,completed,36
25722,Rigid,1764700,1764850,1765691,150,841,991,completed,36
25723,Rigid,1765487,1768570,1768574,3083,4,3087,completed,1
25724,Rigid,1768572,1768587,1771475,15,2888,2903,completed,9
25725,Rigid,1768572,1768587,1770805,15,2218,2233,completed,9
25726,Rigid,1768572,1768587,1771750,15,3163,3178,completed,9
25727,Rigid,1768572,1768587,1771099,15,2512,2527,completed,9
25728,Rigid,1768572,1768587,1770791,15,2204,2219,completed,9
25729,Rigid,1768572,1768587,1771056,15,2469,2484,completed,9
25730,Rigid,1768572,1768587,1771282,15,2695,2710,completed,9
25731,Rigid,1768572,1768587,1770552,15,1965,1980,completed,9
25732,Rigid,1768572,1768587,1772480,15,3893,3908,completed,9
25733,Rigid,1768572,1768587,1770251,15,1664,1679,completed,9
25734,Rigid,1768572,1768587,1773341,15,4754,4769,completed,9
25735,Rigid,1768572,1768587,1771933,15,3346,3361,completed,9
25736,Rigid,1768572,1768587,1771672,15,3085,3100,completed,9
25737,Rigid,1768572,1768587,1771722,15,3135,3150,completed,9
25738,Rigid,1768572,1768587,1770481,15,1894,1909,completed,9
25739,Rigid,1768572,1768587,1771462,15,2875,2890,completed,9
25740,Rigid,1768572,1768587,1771173,15,2586,2601,completed,9
25741,Rigid,1768572,1768587,1770891,15,2304,2319,completed,9
25742,Rigid,1768572,1768587,1770685,15,2098,2113,completed,9
25743,Rigid,1768572,1768587,1771441,15,2854,2869,completed,9
25744,Rigid,1768572,1768587,1771490,15,2903,2918,completed,9
25745,Rigid,1768572,1768587,1771659,15,3072,3087,completed,9
25746,Rigid,1768572,1768587,1771721,15,3134,3149,completed,9
25747,Rigid,1768572,1768587,1772254,15,3667,3682,completed,9
25748,Rigid,1768572,1768587,1771623,15,3036,3051,completed,9
25749,Rigid,1768572,1768587,1771855,15,3268,3283,completed,9
25750,Rigid,1768572,1768587,1770660,15,2073,2088,completed,9
25751,Rigid,1768572,1768587,1771103,15,2516,2531,completed,9
25752,Rigid,1768572,1768587,1771787,15,3200,3215,completed,9
25753,Rigid,1768572,1768587,1771243,15,2656,2671,completed,9
25754,Rigid,1768572,1768587,1770642,15,2055,2070,completed,9
25755,Rigid,1768572,1768587,1771386,15,2799,2814,completed,9
25756,Rigid,1768572,1768587,1770783,15,2196,2211,completed,9
25757,Rigid,1768572,1768587,1771967,15,3380,3395,completed,9
25758,Rigid,1768572,1768587,1771813,15,3226,3241,completed,9
25759,Rigid,1768573,1768587,1773212,14,4625,4639,completed,9
25760,Rigid,1768573,1768587,1770709,14,2122,2136,completed,9
25761,Rigid,1768573,1768587,1770435,14,1848,1862,completed,9
25762,Rigid,1768573,1768587,1770648,14,2061,2075,completed,9
25763,Rigid,1768573,1768587,1770115,14,1528,1542,completed,9
25764,Rigid,1768573,1768587,1771945,14,3358,3372,completed,9
25765,Rigid,1768573,1768587,1770839,14,2252,2266,completed,9
25766,Rigid,1768573,1768617,1771873,44,3256,3300,completed,9
25767,Rigid,1768573,1768617,1771921,44,3304,3348,completed,9
25768,Rigid,1768573,1769433,1772525,860,3092,3952,completed,9
25769,Rigid,1768573,1769585,1772554,1012,2969,3981,completed,9
25770,Rigid,1768573,1770129,1774054,1556,3925,5481,completed,9
25771,Rigid,1768573,1770280,1772797,1707,2517,4224,completed,9
25772,Rigid,1768573,1770462,1772256,1889,1794,3683,completed,9
25773,Rigid,1768573,1770492,1772694,1919,2202,4121,completed,9
25774,Rigid,1768573,1770583,1772778,2010,2195,4205,completed,9
25775,Rigid,1768573,1770673,1773204,2100,2531,4631,completed,9
25776,Rigid,1768573,1770673,1772707,2100,2034,4134,completed,9
25777,Rigid,1768573,1770673,1772218,2100,1545,3645,completed,9
25778,Rigid,1768573,1770703,1772776,2130,2073,4203,completed,9
25779,Rigid,1768573,1770734,1772507,2161,1773,3934,completed,9
25780,Rigid,1768573,1770794,1773280,2221,2486,4707,completed,9
25781,Rigid,1768573,1770794,1773061,2221,2267,4488,completed,9
25782,Rigid,1768573,1770824,1773218,2251,2394,4645,completed,9
25783,Rigid,1768573,1770855,1772199,2282,1344,3626,completed,9
25784,Rigid,1768573,1770915,1772940,2342,2025,4367,completed,9
25785,Rigid,1768573,1771066,1774296,2493,3230,5723,completed,9
25786,Rigid,1768573,1771126,1773975,2553,2849,5402,completed,9
25787,Rigid,1768573,1771126,1774516,2553,3390,5943,completed,9
25788,Rigid,1768573,1771187,1773376,2614,2189,4803,completed,9
25789,Rigid,1768573,1771247,1773653,2674,2406,5080,completed,9
25790,Rigid,1768573,1771308,1774007,2735,2699,5434,completed,9
25791,Rigid,1768573,1771398,1773397,2825,1999,4824,completed,9
25792,Rigid,1768573,1771459,1773892,2886,2433,5319,completed,9
25793,Rigid,1768573,1771489,1773564,2916,2075,4991,completed,9
25794,Rigid,1768573,1771489,1774523,2916,3034,5950,completed,9
25795,Rigid,1768573,1771519,1773963,2946,2444,5390,completed,9
25796,Rigid,1768573,1771640,1774458,3067,2818,5885,completed,9
25797,Rigid,1768573,1771670,1773478,3097,1808,4905,completed,9
25798,Rigid,1768573,1771700,1774936,3127,3236,6363,completed,9
25799,Rigid,1768573,1771731,1773843,3158,2112,5270,completed,9
25800,Rigid,1768573,1771731,1773618,3158,1887,5045,completed,9
25801,Rigid,1768573,1771761,1773877,3188,2116,5304,completed,9
25802,Rigid,1768573,1771791,1774311,3218,2520,5738,completed,9
25803,Rigid,1768573,1771821,1773742,3248,1921,5169,completed,9
25804,Rigid,1768573,1771882,1775579,3309,3697,7006,completed,9
25805,Rigid,1768573,1771882,1773497,3309,1615,4924,completed,9
25806,Rigid,1768573,1771942,1775288,3369,3346,6715,completed,9
25807,Rigid,1768573,1771942,1776234,3369,4292,7661,completed,9
25808,Rigid,1768573,1771972,1774464,3399,2492,5891,completed,9
25809,Rigid,1768573,1771972,1774271,3399,2299,5698,completed,9
25810,Rigid,1768574,1773574,1774460,5000,886,5886,completed,9
25811,Rigid,1768574,1772214,1774017,3640,1803,5443,completed,9
25812,Rigid,1768574,1772244,1774312,3670,2068,5738,completed,9
25813,Rigid,1768574,1772274,1775876,3700,3602,7302,completed,9
25814,Rigid,1768574,1772274,1775207,3700,2933,6633,completed,9
25815,Rigid,1768574,1772455,1774882,3881,2427,6308,completed,9
25816,Rigid,1768574,1772485,1775383,3911,2898,6809,completed,9
25817,Rigid,1768574,1772516,1775088,3942,2572,6514,completed,9
25818,Rigid,1768574,1772546,1775863,3972,3317,7289,completed,9
25819,Rigid,1768574,1772576,1776164,4002,3588,7590,completed,9
25820,Rigid,1768574,1772697,1775507,4123,2810,6933,completed,9
25821,Rigid,1768574,1772727,1776398,4153,3671,7824,completed,9
25822,Rigid,1768574,1772788,1775689,4214,2901,7115,completed,9
25823,Rigid,1768574,1772788,1774937,4214,2149,6363,completed,9
25824,Rigid,1768574,1772819,1775093,4245,2274,6519,completed,9
25825,Rigid,1768574,1772970,1775560,4396,2590,6986,completed,9
25826,Rigid,1768574,1773091,1776203,4517,3112,7629,completed,9
25827,Rigid,1768574,1773211,1775429,4637,2218,6855,completed,9
25828,Rigid,1768574,1773242,1775227,4668,1985,6653,completed,9
25829,Rigid,1768574,1773242,1776015,4668,2773,7441,completed,9
25830,Rigid,1768574,1773302,1776101,4728,2799,7527,completed,9
25831,Rigid,1768574,1773362,1776691,4788,3329,8117,completed,9
25832,Rigid,1768574,1773393,1778175,4819,4782,9601,completed,9
25833,Rigid,1768574,1773423,1775881,4849,2458,7307,completed,9
25834,Rigid,1768574,1773483,1775154,4909,1671,6580,completed,9
25835,Rigid,1768574,1773514,1775819,4940,2305,7245,completed,9
25836,Rigid,1768574,1773634,1775850,5060,2216,7276,completed,9
25837,Rigid,1768574,1773665,1775584,5091,1919,7010,completed,9
25838,Rigid,1768574,1773755,1776165,5181,2410,7591,completed,9
25839,Rigid,1768574,1773846,1776199,5272,2353,7625,completed,9
25840,Rigid,1768574,1773906,1776450,5332,2544,7876,completed,9
25841,Rigid,1768574,1773906,1776472,5332,2566,7898,completed,9
25842,Rigid,1768574,1773966,1777748,5392,3782,9174,completed,9
25843,Rigid,1768574,1773997,1776573,5423,2576,7999,completed,9
25844,Rigid,1768574,1774027,1775894,5453,1867,7320,completed,9
25845,Rigid,1768574,1774027,1776418,5453,2391,7844,completed,9
25846,Rigid,1768574,1774057,1776478,5483,2421,7904,completed,9
25847,Rigid,1768574,1774298,1777434,5724,3136,8860,completed,9
25848,Rigid,1768574,1774298,1776952,5724,2654,8378,completed,9
25849,Rigid,1768574,1774328,1775543,5754,1215,6969,completed,9
25850,Rigid,1768574,1774328,1776837,5754,2509,8263,completed,9
25851,Rigid,1768574,1774479,1776229,5905,1750,7655,completed,9
25852,Rigid,1768574,1774479,1776486,5905,2007,7912,completed,9
25853,Rigid,1768574,1774479,1776802,5905,2323,8228,completed,9
25854,Rigid,1768574,1774539,1777126,5965,2587,8552,completed,9
25855,Rigid,1768574,1774540,1775786,5966,1246,7212,completed,9
25856,Rigid,1768574,1774901,1777239,6327,2338,8665,completed,9
25857,Rigid,1768574,1774961,1777917,6387,2956,9343,completed,9
25858,Rigid,1768574,1774961,1777641,6387,2680,9067,completed,9
25859,Rigid,1768574,1775112,1777220,6538,2108,8646,completed,9
25860,Rigid,1768574,1775112,1777813,6538,2701,9239,completed,9
25861,Rigid,1768574,1775172,1777501,6598,2329,8927,completed,9
25862,Rigid,1768574,1775232,1777979,6658,2747,9405,completed,9
25863,Rigid,1768574,1775232,1777048,6658,1816,8474,completed,9
25864,Rigid,1768574,1775293,1777041,6719,1748,8467,completed,9
25865,Rigid,1768574,1775413,1777799,6839,2386,9225,completed,9
25866,Rigid,1768574,1775443,1778238,6869,2795,9664,completed,9
25867,Rigid,1768574,1775533,1778098,6959,2565,9524,completed,9
25868,Rigid,1778531,1780528,1780683,1997,155,2152,completed,72
25869,Rigid,1778561,1779174,1779301,613,127,740,completed,36
25870,Rigid,1778598,1779325,1779890,727,565,1292,completed,36
25871,Rigid,1778620,1779896,1781107,1276,1211,2487,completed,36
25872,Rigid,1778629,1780618,1781827,1989,1209,3198,completed,36
25873,Rigid,1778639,1780678,1781887,2039,1209,3248,completed,72
25874,Rigid,1791942,1791942,1791948,0,6,6,completed,1
25875,Rigid,1791944,1791944,1794893,0,2949,2949,completed,9
25876,Rigid,1791944,1791944,1793900,0,1956,1956,completed,9
25877,Rigid,1791944,1791944,1794687,0,2743,2743,completed,9
25878,Rigid,1791944,1791944,1794253,0,2309,2309,completed,9
25879,Rigid,1791944,1791944,1794016,0,2072,2072,completed,9
25880,Rigid,1791944,1791944,1794635,0,2691,2691,completed,9
25881,Rigid,1791944,1791944,1795721,0,3777,3777,completed,9
25882,Rigid,1791944,1791944,1793992,0,2048,2048,completed,9
25883,Rigid,1791944,1791948,1794780,4,2832,2836,completed,9
25884,Rigid,1791944,1791948,1793582,4,1634,1638,completed,9
25885,Rigid,1791944,1791948,1796150,4,4202,4206,completed,9
25886,Rigid,1791944,1791948,1794898,4,2950,2954,completed,9
25887,Rigid,1791944,1791948,1794558,4,2610,2614,completed,9
25888,Rigid,1791944,1791948,1794486,4,2538,2542,completed,9
25889,Rigid,1791944,1791948,1794198,4,2250,2254,completed,9
25890,Rigid,1791944,1791948,1794288,4,2340,2344,completed,9
25891,Rigid,1791944,1791948,1794994,4,3046,3050,completed,9
25892,Rigid,1791944,1791948,1794283,4,2335,2339,completed,9
25893,Rigid,1791944,1791948,1794351,4,2403,2407,completed,9
25894,Rigid,1791944,1792054,1794948,110,2894,3004,completed,9
25895,Rigid,1791944,1792054,1794594,110,2540,2650,completed,9
25896,Rigid,1791944,1792054,1794694,110,2640,2750,completed,9
25897,Rigid,1791944,1792054,1794883,110,2829,2939,completed,9
25898,Rigid,1791944,1792237,1794872,293,2635,2928,completed,9
25899,Rigid,1791945,1792237,1795398,292,3161,3453,completed,9
25900,Rigid,1791945,1792237,1795007,292,2770,3062,completed,9
25901,Rigid,1791945,1792237,1794512,292,2275,2567,completed,9
25902,Rigid,1791945,1792243,1794505,298,2262,2560,completed,9
25903,Rigid,1791945,1792243,1794881,298,2638,2936,completed,9
25904,Rigid,1791945,1792243,1794691,298,2448,2746,completed,9
25905,Rigid,1791945,1792247,1794114,302,1867,2169,completed,9
25906,Rigid,1791945,1792247,1794101,302,1854,2156,completed,9
25907,Rigid,1791945,1792247,1794608,302,2361,2663,completed,9
25908,Rigid,1791945,1792247,1794822,302,2575,2877,completed,9
25909,Rigid,1791945,1792651,1796549,706,3898,4604,completed,9
25910,Rigid,1791945,1792651,1796163,706,3512,4218,completed,9
25911,Rigid,1791945,1792651,1794699,706,2048,2754,completed,9
25912,Rigid,1791945,1792651,1794325,706,1674,2380,completed,9
25913,Rigid,1791945,1792992,1794891,1047,1899,2946,completed,9
25914,Rigid,1791945,1792992,1794354,1047,1362,2409,completed,9
25915,Rigid,1791945,1792992,1795411,1047,2419,3466,completed,9
25916,Rigid,1791945,1792992,1794878,1047,1886,2933,completed,9
25917,Rigid,1791945,1792992,1795245,1047,2253,3300,completed,9
25918,Rigid,1791945,1792992,1795268,1047,2276,3323,completed,9
25919,Rigid,1791945,1792992,1795228,1047,2236,3283,completed,9
25920,Rigid,1791945,1792992,1795546,1047,2554,3601,completed,9
25921,Rigid,1791945,1792992,1796027,1047,3035,4082,completed,9
25922,Rigid,1791945,1792992,1795289,1047,2297,3344,completed,9
25923,Rigid,1791945,1792992,1794781,1047,1789,2836,completed,9
25924,Rigid,1791945,1792992,1794966,1047,1974,3021,completed,9
25925,Rigid,1791945,1793051,1795063,1106,2012,3118,completed,9
25926,Rigid,1791945,1793051,1795488,1106,2437,3543,completed,9
25927,Rigid,1791945,1793051,1795173,1106,2122,3228,completed,9
25928,Rigid,1791945,1793051,1794215,1106,1164,2270,completed,9
25929,Rigid,1791945,1793052,1795166,1107,2114,3221,completed,9
25930,Rigid,1791945,1793052,1794865,1107,1813,2920,completed,9
25931,Rigid,1791946,1793052,1793947,1106,895,2001,completed,9
25932,Rigid,1791946,1793052,1795113,1106,2061,3167,completed,9
25933,Rigid,1791946,1793052,1794890,1106,1838,2944,completed,9
25934,Rigid,1791946,1793052,1795133,1106,2081,3187,completed,9
25935,Rigid,1791946,1793052,1795010,1106,1958,3064,completed,9
25936,Rigid,1791946,1793052,1795426,1106,2374,3480,completed,9
25937,Rigid,1791946,1793192,1795386,1246,2194,3440,completed,9
25938,Rigid,1791946,1793192,1795438,1246,2246,3492,completed,9
25939,Rigid,1791946,1793192,1795726,1246,2534,3780,completed,9
25940,Rigid,1791946,1793371,1795552,1425,2181,3606,completed,9
25941,Rigid,1791946,1793371,1795638,1425,2267,3692,completed,9
25942,Rigid,1791946,1793371,1794678,1425,1307,2732,completed,9
25943,Rigid,1791946,1793371,1795003,1425,1632,3057,completed,9
25944,Rigid,1791946,1793442,1795600,1496,2158,3654,completed,9
25945,Rigid,1791946,1793442,1795864,1496,2422,3918,completed,9
25946,Rigid,1791946,1793442,1795800,1496,2358,3854,completed,9
25947,Rigid,1791946,1793442,1795927,1496,2485,3981,completed,9
25948,Rigid,1791946,1793442,1795379,1496,1937,3433,completed,9
25949,Rigid,1791946,1793442,1796428,1496,2986,4482,completed,9
25950,Rigid,1791946,1793442,1795318,1496,1876,3372,completed,9
25951,Rigid,1791946,1793442,1795184,1496,1742,3238,completed,9
25952,Rigid,1791946,1793442,1795764,1496,2322,3818,completed,9
25953,Rigid,1791946,1793442,1795832,1496,2390,3886,completed,9
25954,Rigid,1791946,1793442,1795201,1496,1759,3255,completed,9
25955,Rigid,1791946,1793442,1795766,1496,2324,3820,completed,9
25956,Rigid,1791946,1793502,1794906,1556,1404,2960,completed,9
25957,Rigid,1791946,1793502,1796306,1556,2804,4360,completed,9
25958,Rigid,1791946,1793502,1796147,1556,2645,4201,completed,9
25959,Rigid,1791946,1793502,1796019,1556,2517,4073,completed,9
25960,Rigid,1791946,1793502,1795693,1556,2191,3747,completed,9
25961,Rigid,1791946,1793502,1795152,1556,1650,3206,completed,9
25962,Rigid,1791946,1793502,1795601,1556,2099,3655,completed,9
25963,Rigid,1791946,1793502,1795984,1556,2482,4038,completed,9
25964,Rigid,1791946,1793502,1795644,1556,2142,3698,completed,9
25965,Rigid,1791946,1793502,1795398,1556,1896,3452,completed,9
25966,Rigid,1791946,1793502,1796085,1556,2583,4139,completed,9
25967,Rigid,1791946,1793502,1795845,1556,2343,3899,completed,9
25968,Rigid,1791946,1793583,1795535,1637,1952,3589,completed,9
25969,Rigid,1791946,1793592,1795770,1646,2178,3824,completed,9
25970,Rigid,1791946,1793592,1795956,1646,2364,4010,completed,9
25971,Rigid,1791946,1793592,1796298,1646,2706,4352,completed,9
25972,Rigid,1791946,1793592,1796214,1646,2622,4268,completed,9
25973,Rigid,1791946,1793592,1795513,1646,1921,3567,completed,9
25974,Rigid,1791946,1793592,1796027,1646,2435,4081,completed,9
25975,Rigid,1791946,1793592,1795940,1646,2348,3994,completed,9
25976,Rigid,1791946,1793592,1795571,1646,1979,3625,completed,9
25977,Rigid,1791946,1793592,1795427,1646,1835,3481,completed,9
25978,Rigid,1791946,1793592,1795427,1646,1835,3481,completed,9
25979,Rigid,1791946,1793592,1795920,1646,2328,3974,completed,9
25980,Rigid,1791946,1793592,1795849,1646,2257,3903,completed,9
25981,Rigid,1791946,1793742,1796533,1796,2791,4587,completed,9
25982,Rigid,1791946,1793742,1796617,1796,2875,4671,completed,9
25983,Rigid,1791947,1793937,1794934,1990,997,2987,completed,9
25984,Rigid,1791947,1793742,1795907,1795,2165,3960,completed,9
25985,Rigid,1791947,1793742,1795374,1795,1632,3427,completed,9
25986,Rigid,1791947,1793742,1795633,1795,1891,3686,completed,9
25987,Rigid,1791947,1793742,1794865,1795,1123,2918,completed,9
25988,Rigid,1791947,1793742,1796365,1795,2623,4418,completed,9
25989,Rigid,1791947,1793742,1795514,1795,1772,3567,completed,9
25990,Rigid,1791947,1793743,1795740,1796,1997,3793,completed,9
25991,Rigid,1791947,1793743,1795689,1796,1946,3742,completed,9
25992,Rigid,1791947,1793743,1795686,1796,1943,3739,completed,9
25993,Rigid,1791947,1793743,1796002,1796,2259,4055,completed,9
25994,Rigid,1791947,1793802,1796345,1855,2543,4398,completed,9
25995,Rigid,1791947,1793802,1795884,1855,2082,3937,completed,9
25996,Rigid,1791947,1793802,1795534,1855,1732,3587,completed,9
25997,Rigid,1791947,1793802,1795702,1855,1900,3755,completed,9
25998,Rigid,1791947,1793802,1795766,1855,1964,3819,completed,9
25999,Rigid,1791947,1793802,1796125,1855,2323,4178,completed,9
26000,Rigid,1791947,1793802,1795564,1855,1762,3617,completed,9
26001,Rigid,1791947,1793802,1795126,1855,1324,3179,completed,9
26002,Rigid,1791947,1793802,1795658,1855,1856,3711,completed,9
26003,Rigid,1791947,1793802,1795488,1855,1686,3541,completed,9
26004,Rigid,1791947,1793802,1796165,1855,2363,4218,completed,9
26005,Rigid,1791947,1793802,1795925,1855,2123,3978,completed,9
26006,Rigid,1791947,1793901,1795684,1954,1783,3737,completed,9
26007,Rigid,1791947,1793937,1795620,1990,1683,3673,completed,9
26008,Rigid,1791948,1793937,1796221,1989,2284,4273,completed,9
26009,Rigid,1791948,1793949,1795980,2001,2031,4032,completed,9
26010,Rigid,1791948,1793993,1795871,2045,1878,3923,completed,9
26011,Rigid,1791948,1794017,1795984,2069,1967,4036,completed,9
26012,Rigid,1791948,1794102,1796143,2154,2041,4195,completed,9
26013,Rigid,1791948,1794115,1796442,2167,2327,4494,completed,9
26014,Rigid,1791948,1794199,1795627,2251,1428,3679,completed,9
26015,Rigid,1791948,1794217,1795875,2269,1658,3927,completed,9
26016,Rigid,1791948,1794254,1795974,2306,1720,4026,completed,9
26017,Rigid,1791948,1794293,1796938,2345,2645,4990,completed,9
26018,Rigid,1791948,1794294,1796597,2346,2303,4649,completed,9
26019,Rigid,1792092,1796598,1796604,4506,6,4512,completed,1
26020,Rigid,1792680,1799727,1799740,7047,13,7060,completed,36
26021,Rigid,1792837,1800360,1805507,7523,5147,12670,completed,36
26022,Rigid,1792865,1807177,1918450,14312,111273,125585,completed,576
26023,Rigid,1793188,1800209,1803415,7021,3206,10227,completed,36
26024,Rigid,1793469,1800450,1869347,6981,68897,75878,completed,36
26025,Rigid,1793469,1802993,1847946,9524,44953,54477,completed,36
26026,Rigid,1793469,1804871,1868317,11402,63446,74848,completed,36
26027,Rigid,1793667,1793667,2153693,0,360026,360026,completed,36
26028,Rigid,1793692,1793692,1793716,0,24,24,completed,36
26029,Rigid,1794260,1795727,1809058,1467,13331,14798,completed,32
26030,Rigid,1794260,1795857,1809064,1597,13207,14804,completed,32
26031,Rigid,1794260,1795885,1809047,1625,13162,14787,completed,32
26032,Rigid,1794260,1794882,1809096,622,14214,14836,completed,32
26033,Rigid,1794260,1794949,1809119,689,14170,14859,completed,32
26034,Rigid,1794260,1795167,1809117,907,13950,14857,completed,32
26035,Rigid,1794260,1795198,1809079,938,13881,14819,completed,32
26036,Rigid,1794260,1795399,1809068,1139,13669,14808,completed,32
26037,Rigid,1794260,1795412,1809090,1152,13678,14830,completed,32
26038,Rigid,1794260,1795534,1809066,1274,13532,14806,completed,32
26039,Rigid,1794260,1795547,1809077,1287,13530,14817,completed,32
26040,Rigid,1794260,1795639,1809056,1379,13417,14796,completed,32
26041,Rigid,1794416,1794416,2370438,0,576022,576022,completed,36
26042,Rigid,1794639,1796249,1808950,1610,12701,14311,completed,32
26043,Rigid,1794639,1796308,1808972,1669,12664,14333,completed,32
26044,Rigid,1794639,1796308,1809019,1669,12711,14380,completed,32
26045,Rigid,1794639,1795928,1808984,1289,13056,14345,completed,32
26046,Rigid,1794639,1795981,1809023,1342,13042,14384,completed,32
26047,Rigid,1794639,1795985,1809020,1346,13035,14381,completed,32
26048,Rigid,1794639,1796003,1809024,1364,13021,14385,completed,32
26049,Rigid,1794639,1796028,1808995,1389,12967,14356,completed,32
26050,Rigid,1794639,1796028,1808994,1389,12966,14355,completed,32
26051,Rigid,1794639,1796098,1808979,1459,12881,14340,completed,32
26052,Rigid,1794639,1796129,1808978,1490,12849,14339,completed,32
26053,Rigid,1794639,1796189,1809017,1550,12828,14378,completed,32
26054,Rigid,1794905,1796681,1808973,1776,12292,14068,completed,32
26055,Rigid,1794905,1796785,1808950,1880,12165,14045,completed,32
26056,Rigid,1794905,1796819,1797107,1914,288,2202,completed,32
26057,Rigid,1794905,1796346,1808972,1441,12626,14067,completed,32
26058,Rigid,1794905,1796367,1808977,1462,12610,14072,completed,32
26059,Rigid,1794905,1796368,1808972,1463,12604,14067,completed,32
26060,Rigid,1794905,1796429,1808979,1524,12550,14074,completed,32
26061,Rigid,1794905,1796444,1808938,1539,12494,14033,completed,32
26062,Rigid,1794905,1796550,1808947,1645,12397,14042,completed,32
26063,Rigid,1794905,1796677,1808942,1772,12265,14037,completed,32
26064,Rigid,1794905,1796677,1808975,1772,12298,14070,completed,32
26065,Rigid,1794905,1796677,1808970,1772,12293,14065,completed,32
26066,Rigid,1795029,1805955,1978764,10926,172809,183735,completed,36
26067,Rigid,1795029,1806286,1979094,11257,172808,184065,completed,36
26068,Rigid,1795029,1854955,1983490,59926,128535,188461,completed,36
26069,Rigid,1795079,1855076,1941500,59997,86424,146421,completed,36
26070,Rigid,1795079,1855166,1941590,60087,86424,146511,completed,36
26071,Rigid,1795079,1855196,1941620,60117,86424,146541,completed,36
26072,Rigid,1795157,1855287,2028090,60130,172803,232933,completed,36
26073,Rigid,1795157,1855407,2028210,60250,172803,233053,completed,36
26074,Rigid,1795157,1855407,2028210,60250,172803,233053,completed,36
26075,Rigid,1795254,1855677,2028480,60423,172803,233226,completed,36
26076,Rigid,1795254,1855678,1941597,60424,85919,146343,completed,36
26077,Rigid,1795254,1855708,2028510,60454,172802,233256,completed,36
26078,Rigid,1795317,1859287,2032089,63970,172802,236772,completed,36
26079,Rigid,1795317,1859287,2032089,63970,172802,236772,completed,36
26080,Rigid,1795317,1859287,2032089,63970,172802,236772,completed,36
26081,Rigid,1795370,1859287,2032089,63917,172802,236719,completed,36
26082,Rigid,1795370,1865845,2038661,70475,172816,243291,completed,36
26083,Rigid,1795370,1865845,2038661,70475,172816,243291,completed,36
26084,Rigid,1795471,1797749,1840960,2278,43211,45489,completed,36
26085,Rigid,1795487,1865845,2038661,70358,172816,243174,completed,36
26086,Rigid,1795487,1866536,2039351,71049,172815,243864,completed,36
26087,Rigid,1795487,1868108,2040911,72621,172803,245424,completed,36
26088,Rigid,1795588,1868318,1951581,72730,83263,155993,completed,36
26089,Rigid,1795588,1868834,1970658,73246,101824,175070,completed,36
26090,Rigid,1795588,1869348,1972103,73760,102755,176515,completed,36
26091,Rigid,1795634,1871821,1954520,76187,82699,158886,completed,36
26092,Rigid,1795634,1872152,1934156,76518,62004,138522,completed,36
26093,Rigid,1795634,1873053,1953249,77419,80196,157615,completed,36
26094,Rigid,1795847,1795848,1795914,1,66,67,completed,36
26095,Rigid,1795890,1795922,1839128,32,43206,43238,completed,36
26096,Rigid,1795907,1795915,1795983,8,68,76,completed,36
26097,Rigid,1796404,1797745,1797747,1341,2,1343,completed,72
26098,Rigid,1796600,1796610,1797494,10,884,894,completed,9
26099,Rigid,1796600,1796610,1799068,10,2458,2468,completed,9
26100,Rigid,1796600,1796610,1798208,10,1598,1608,completed,9
26101,Rigid,1796600,1796610,1799494,10,2884,2894,completed,9
26102,Rigid,1796600,1796610,1798039,10,1429,1439,completed,9
26103,Rigid,1796600,1796610,1797999,10,1389,1399,completed,9
26104,Rigid,1796600,1796610,1798458,10,1848,1858,completed,9
26105,Rigid,1796600,1796610,1798514,10,1904,1914,completed,9
26106,Rigid,1796600,1796610,1798518,10,1908,1918,completed,9
26107,Rigid,1796600,1796610,1797912,10,1302,1312,completed,9
26108,Rigid,1796600,1796610,1800020,10,3410,3420,completed,9
26109,Rigid,1796600,1796610,1798350,10,1740,1750,completed,9
26110,Rigid,1796600,1796610,1798539,10,1929,1939,completed,9
26111,Rigid,1796600,1796610,1798220,10,1610,1620,completed,9
26112,Rigid,1796600,1796610,1798142,10,1532,1542,completed,9
26113,Rigid,1796600,1796610,1798338,10,1728,1738,completed,9
26114,Rigid,1796600,1796610,1799281,10,2671,2681,completed,9
26115,Rigid,1796600,1796610,1798256,10,1646,1656,completed,9
26116,Rigid,1796600,1796610,1798668,10,2058,2068,completed,9
26117,Rigid,1796600,1796610,1798547,10,1937,1947,completed,9
26118,Rigid,1796600,1796610,1798446,10,1836,1846,completed,9
26119,Rigid,1796600,1796610,1798940,10,2330,2340,completed,9
26120,Rigid,1796600,1796610,1798732,10,2122,2132,completed,9
26121,Rigid,1796600,1796610,1799123,10,2513,2523,completed,9
26122,Rigid,1796600,1796610,1800270,10,3660,3670,completed,9
26123,Rigid,1796600,1796610,1799558,10,2948,2958,completed,9
26124,Rigid,1796600,1796610,1798466,10,1856,1866,completed,9
26125,Rigid,1796600,1796610,1798793,10,2183,2193,completed,9
26126,Rigid,1796600,1796610,1799229,10,2619,2629,completed,9
26127,Rigid,1796600,1796610,1798611,10,2001,2011,completed,9
26128,Rigid,1796600,1796641,1798143,41,1502,1543,completed,9
26129,Rigid,1796601,1797131,1797997,530,866,1396,completed,9
26130,Rigid,1796601,1797749,1798546,1148,797,1945,completed,9
26131,Rigid,1796601,1797868,1798779,1267,911,2178,completed,9
26132,Rigid,1796601,1798133,1799004,1532,871,2403,completed,9
26133,Rigid,1796601,1798144,1798807,1543,663,2206,completed,9
26134,Rigid,1796601,1796702,1798662,101,1960,2061,completed,9
26135,Rigid,1796601,1796702,1799155,101,2453,2554,completed,9
26136,Rigid,1796601,1796824,1798508,223,1684,1907,completed,9
26137,Rigid,1796601,1796824,1799068,223,2244,2467,completed,9
26138,Rigid,1796601,1796824,1798762,223,1938,2161,completed,9
26139,Rigid,1796601,1796824,1798452,223,1628,1851,completed,9
26140,Rigid,1796601,1796947,1798662,346,1715,2061,completed,9
26141,Rigid,1796601,1797131,1798886,530,1755,2285,completed,9
26142,Rigid,1796601,1797131,1798753,530,1622,2152,completed,9
26143,Rigid,1796601,1797131,1798696,530,1565,2095,completed,9
26144,Rigid,1796601,1797507,1799344,906,1837,2743,completed,9
26145,Rigid,1796601,1797749,1799335,1148,1586,2734,completed,9
26146,Rigid,1796601,1797749,1799221,1148,1472,2620,completed,9
26147,Rigid,1796601,1797749,1799364,1148,1615,2763,completed,9
26148,Rigid,1796601,1797749,1799497,1148,1748,2896,completed,9
26149,Rigid,1796601,1797749,1799463,1148,1714,2862,completed,9
26150,Rigid,1796601,1797749,1799200,1148,1451,2599,completed,9
26151,Rigid,1796601,1797749,1799304,1148,1555,2703,completed,9
26152,Rigid,1796601,1797749,1799385,1148,1636,2784,completed,9
26153,Rigid,1796601,1797749,1799526,1148,1777,2925,completed,9
26154,Rigid,1796601,1797749,1799284,1148,1535,2683,completed,9
26155,Rigid,1796601,1797777,1799473,1176,1696,2872,completed,9
26156,Rigid,1796601,1797777,1799255,1176,1478,2654,completed,9
26157,Rigid,1796601,1797777,1799354,1176,1577,2753,completed,9
26158,Rigid,1796601,1797868,1799190,1267,1322,2589,completed,9
26159,Rigid,1796601,1797868,1799588,1267,1720,2987,completed,9
26160,Rigid,1796601,1797868,1799459,1267,1591,2858,completed,9
26161,Rigid,1796601,1797868,1799708,1267,1840,3107,completed,9
26162,Rigid,1796601,1797868,1799563,1267,1695,2962,completed,9
26163,Rigid,1796601,1797868,1799475,1267,1607,2874,completed,9
26164,Rigid,1796601,1797868,1799478,1267,1610,2877,completed,9
26165,Rigid,1796601,1797868,1799486,1267,1618,2885,completed,9
26166,Rigid,1796601,1797868,1799577,1267,1709,2976,completed,9
26167,Rigid,1796601,1797868,1798970,1267,1102,2369,completed,9
26168,Rigid,1796601,1797868,1799188,1267,1320,2587,completed,9
26169,Rigid,1796601,1797914,1799433,1313,1519,2832,completed,9
26170,Rigid,1796601,1797987,1799656,1386,1669,3055,completed,9
26171,Rigid,1796601,1797987,1799621,1386,1634,3020,completed,9
26172,Rigid,1796601,1797987,1799849,1386,1862,3248,completed,9
26173,Rigid,1796601,1797987,1799192,1386,1205,2591,completed,9
26174,Rigid,1796601,1797999,1799812,1398,1813,3211,completed,9
26175,Rigid,1796601,1798000,1799215,1399,1215,2614,completed,9
26176,Rigid,1796601,1798041,1799219,1440,1178,2618,completed,9
26177,Rigid,1796601,1798133,1799671,1532,1538,3070,completed,9
26178,Rigid,1796601,1798133,1799664,1532,1531,3063,completed,9
26179,Rigid,1796601,1798143,1799774,1542,1631,3173,completed,9
26180,Rigid,1796601,1798213,1799997,1612,1784,3396,completed,9
26181,Rigid,1796601,1798243,1799855,1642,1612,3254,completed,9
26182,Rigid,1796601,1798274,1799751,1673,1477,3150,completed,9
26183,Rigid,1796602,1798536,1799458,1934,922,2856,completed,9
26184,Rigid,1796602,1798304,1799828,1702,1524,3226,completed,9
26185,Rigid,1796602,1798304,1799539,1702,1235,2937,completed,9
26186,Rigid,1796602,1798304,1799576,1702,1272,2974,completed,9
26187,Rigid,1796602,1798365,1799836,1763,1471,3234,completed,9
26188,Rigid,1796602,1798365,1799986,1763,1621,3384,completed,9
26189,Rigid,1796602,1798457,1799877,1855,1420,3275,completed,9
26190,Rigid,1796602,1798457,1799951,1855,1494,3349,completed,9
26191,Rigid,1796602,1798465,1799899,1863,1434,3297,completed,9
26192,Rigid,1796602,1798465,1800179,1863,1714,3577,completed,9
26193,Rigid,1796602,1798465,1800134,1863,1669,3532,completed,9
26194,Rigid,1796602,1798465,1800321,1863,1856,3719,completed,9
26195,Rigid,1796602,1798465,1800337,1863,1872,3735,completed,9
26196,Rigid,1796602,1798467,1800897,1865,2430,4295,completed,9
26197,Rigid,1796602,1798509,1799819,1907,1310,3217,completed,9
26198,Rigid,1796602,1798515,1799900,1913,1385,3298,completed,9
26199,Rigid,1796602,1798520,1800101,1918,1581,3499,completed,9
26200,Rigid,1796602,1798524,1799673,1922,1149,3071,completed,9
26201,Rigid,1796602,1798524,1799839,1922,1315,3237,completed,9
26202,Rigid,1796602,1798536,1799741,1934,1205,3139,completed,9
26203,Rigid,1796602,1798536,1800299,1934,1763,3697,completed,9
26204,Rigid,1796602,1798536,1800153,1934,1617,3551,completed,9
26205,Rigid,1796602,1798536,1800358,1934,1822,3756,completed,9
26206,Rigid,1796602,1798536,1800202,1934,1666,3600,completed,9
26207,Rigid,1796602,1798536,1800091,1934,1555,3489,completed,9
26208,Rigid,1796603,1798540,1799300,1937,760,2697,completed,9
26209,Rigid,1796603,1798645,1799510,2042,865,2907,completed,9
26210,Rigid,1796603,1798697,1799470,2094,773,2867,completed,9
26211,Rigid,1796603,1798808,1799523,2205,715,2920,completed,9
26212,Rigid,1796603,1798536,1800080,1933,1544,3477,completed,9
26213,Rigid,1796603,1798547,1800032,1944,1485,3429,completed,9
26214,Rigid,1796603,1798549,1799721,1946,1172,3118,completed,9
26215,Rigid,1796603,1798612,1800906,2009,2294,4303,completed,9
26216,Rigid,1796603,1798632,1800179,2029,1547,3576,completed,9
26217,Rigid,1796603,1798632,1799729,2029,1097,3126,completed,9
26218,Rigid,1796603,1798632,1800072,2029,1440,3469,completed,9
26219,Rigid,1796603,1798632,1800115,2029,1483,3512,completed,9
26220,Rigid,1796603,1798645,1800114,2042,1469,3511,completed,9
26221,Rigid,1796603,1798645,1799840,2042,1195,3237,completed,9
26222,Rigid,1796603,1798663,1800471,2060,1808,3868,completed,9
26223,Rigid,1796603,1798664,1800560,2061,1896,3957,completed,9
26224,Rigid,1796603,1798669,1800195,2066,1526,3592,completed,9
26225,Rigid,1796603,1798733,1800122,2130,1389,3519,completed,9
26226,Rigid,1796603,1798755,1800121,2152,1366,3518,completed,9
26227,Rigid,1796603,1798763,1800210,2160,1447,3607,completed,9
26228,Rigid,1796603,1798780,1799833,2177,1053,3230,completed,9
26229,Rigid,1796603,1798794,1800921,2191,2127,4318,completed,9
26230,Rigid,1796603,1798888,1800305,2285,1417,3702,completed,9
26231,Rigid,1796603,1798942,1800791,2339,1849,4188,completed,9
26232,Rigid,1796603,1798971,1800319,2368,1348,3716,completed,9
26233,Rigid,1796604,1799145,1800069,2541,924,3465,completed,9
26234,Rigid,1796604,1799005,1800446,2401,1441,3842,completed,9
26235,Rigid,1796604,1799069,1800275,2465,1206,3671,completed,9
26236,Rigid,1796604,1799070,1800980,2466,1910,4376,completed,9
26237,Rigid,1796604,1799124,1801302,2520,2178,4698,completed,9
26238,Rigid,1796604,1799145,1800427,2541,1282,3823,completed,9
26239,Rigid,1796604,1799145,1800722,2541,1577,4118,completed,9
26240,Rigid,1796604,1799156,1800927,2552,1771,4323,completed,9
26241,Rigid,1796604,1799189,1800588,2585,1399,3984,completed,9
26242,Rigid,1796782,1797987,1800981,1205,2994,4199,completed,72
26243,Rigid,1798138,1799192,2144812,1054,345620,346674,completed,1
26244,Rigid,1798138,1799192,2144812,1054,345620,346674,completed,1
26245,Rigid,1798138,1799154,2144782,1016,345628,346644,completed,1
26246,Rigid,1798138,1799192,2144812,1054,345620,346674,completed,1
26247,Rigid,1798138,1799192,2144812,1054,345620,346674,completed,1
26248,Rigid,1798138,1799192,2144812,1054,345620,346674,completed,1
26249,Rigid,1798138,1799193,2144812,1055,345619,346674,completed,1
26250,Rigid,1798138,1799193,1799485,1055,292,1347,completed,1
26251,Rigid,1798138,1799193,1799479,1055,286,1341,completed,1
26252,Rigid,1798138,1799193,1799513,1055,320,1375,completed,1
26253,Rigid,1798138,1799193,1799523,1055,330,1385,completed,1
26254,Rigid,1798138,1799193,1799450,1055,257,1312,completed,1
26255,Rigid,1798138,1799193,2144812,1055,345619,346674,completed,1
26256,Rigid,1798138,1799154,2144782,1016,345628,346644,completed,1
26257,Rigid,1798138,1799193,2144812,1055,345619,346674,completed,1
26258,Rigid,1798138,1799193,2144812,1055,345619,346674,completed,1
26259,Rigid,1798138,1799202,2144812,1064,345610,346674,completed,1
26260,Rigid,1798138,1799202,2144812,1064,345610,346674,completed,1
26261,Rigid,1798138,1799202,2144812,1064,345610,346674,completed,1
26262,Rigid,1798138,1799202,2144812,1064,345610,346674,completed,1
26263,Rigid,1798138,1799202,2144812,1064,345610,346674,completed,1
26264,Rigid,1798138,1799202,2144812,1064,345610,346674,completed,1
26265,Rigid,1798138,1799202,2144812,1064,345610,346674,completed,1
26266,Rigid,1798138,1799202,2144812,1064,345610,346674,completed,1
26267,Rigid,1798138,1799154,2144782,1016,345628,346644,completed,1
26268,Rigid,1798138,1799202,2144812,1064,345610,346674,completed,1
26269,Rigid,1798138,1799216,2144842,1078,345626,346704,completed,1
26270,Rigid,1798138,1799216,2144842,1078,345626,346704,completed,1
26271,Rigid,1798138,1799216,2144842,1078,345626,346704,completed,1
26272,Rigid,1798138,1799216,2144842,1078,345626,346704,completed,1
26273,Rigid,1798138,1799216,2144842,1078,345626,346704,completed,1
26274,Rigid,1798138,1799216,2144842,1078,345626,346704,completed,1
26275,Rigid,1798138,1799216,2144842,1078,345626,346704,completed,1
26276,Rigid,1798138,1799216,2144842,1078,345626,346704,completed,1
26277,Rigid,1798138,1799216,2144842,1078,345626,346704,completed,1
26278,Rigid,1798138,1799154,2144782,1016,345628,346644,completed,1
26279,Rigid,1798138,1799220,2144842,1082,345622,346704,completed,1
26280,Rigid,1798138,1799220,2144842,1082,345622,346704,completed,1
26281,Rigid,1798138,1799220,2144842,1082,345622,346704,completed,1
26282,Rigid,1798138,1799220,2144842,1082,345622,346704,completed,1
26283,Rigid,1798138,1799220,2144842,1082,345622,346704,completed,1
26284,Rigid,1798138,1799220,2144842,1082,345622,346704,completed,1
26285,Rigid,1798138,1799220,2144842,1082,345622,346704,completed,1
26286,Rigid,1798138,1799220,2144842,1082,345622,346704,completed,1
26287,Rigid,1798138,1799220,2144842,1082,345622,346704,completed,1
26288,Rigid,1798138,1799222,2144842,1084,345620,346704,completed,1
26289,Rigid,1798138,1799154,2144782,1016,345628,346644,completed,1
26290,Rigid,1798138,1799222,2144842,1084,345620,346704,completed,1
26291,Rigid,1798138,1799222,2144842,1084,345620,346704,completed,1
26292,Rigid,1798138,1799222,2144842,1084,345620,346704,completed,1
26293,Rigid,1798138,1799222,2144842,1084,345620,346704,completed,1
26294,Rigid,1798138,1799222,2144842,1084,345620,346704,completed,1
26295,Rigid,1798138,1799222,2144842,1084,345620,346704,completed,1
26296,Rigid,1798138,1799222,2144842,1084,345620,346704,completed,1
26297,Rigid,1798138,1799222,2144842,1084,345620,346704,completed,1
26298,Rigid,1798138,1799231,2144842,1093,345611,346704,completed,1
26299,Rigid,1798138,1799231,1819851,1093,20620,21713,completed,1
26300,Rigid,1798138,1799192,2144812,1054,345620,346674,completed,1
26301,Rigid,1798138,1799231,1977546,1093,178315,179408,completed,1
26302,Rigid,1798138,1799231,1900475,1093,101244,102337,completed,1
26303,Rigid,1798138,1799231,1985240,1093,186009,187102,completed,1
26304,Rigid,1798138,1799231,2144842,1093,345611,346704,completed,1
26305,Rigid,1798138,1799231,2144842,1093,345611,346704,completed,1
26306,Rigid,1798138,1799231,2144842,1093,345611,346704,completed,1
26307,Rigid,1798138,1799231,2144842,1093,345611,346704,completed,1
26308,Rigid,1798138,1799256,2144872,1118,345616,346734,completed,1
26309,Rigid,1798138,1799256,2144872,1118,345616,346734,completed,1
26310,Rigid,1798138,1799192,2144812,1054,345620,346674,completed,1
26311,Rigid,1798138,1799192,2144812,1054,345620,346674,completed,1
26312,Rigid,1798138,1799192,2144812,1054,345620,346674,completed,1
26313,Rigid,1798164,1798465,1798535,301,70,371,completed,72
26314,Rigid,1798249,1800450,1802340,2201,1890,4091,completed,144
26315,Rigid,1798266,1802361,1802952,4095,591,4686,completed,144
26316,Rigid,1798273,1804570,1806634,6297,2064,8361,completed,144
26317,Rigid,1798988,1800589,1800596,1601,7,1608,completed,1
26318,Rigid,1799044,1928871,2079008,129827,150137,279964,completed,756
26319,Rigid,1799053,2093701,2242477,294648,148776,443424,completed,756
26320,Rigid,1799270,1799878,1807170,608,7292,7900,completed,72
26321,Rigid,1799336,1799336,1799344,0,8,8,completed,36
26322,Rigid,1800446,1800446,2160473,0,360027,360027,completed,36
26323,Rigid,1800591,1800593,1801493,2,900,902,completed,9
26324,Rigid,1800591,1800593,1801302,2,709,711,completed,9
26325,Rigid,1800591,1800593,1801575,2,982,984,completed,9
26326,Rigid,1800591,1800593,1802266,2,1673,1675,completed,9
26327,Rigid,1800591,1800593,1801652,2,1059,1061,completed,9
26328,Rigid,1800591,1800593,1802079,2,1486,1488,completed,9
26329,Rigid,1800591,1800593,1801844,2,1251,1253,completed,9
26330,Rigid,1800591,1800593,1801670,2,1077,1079,completed,9
26331,Rigid,1800591,1800593,1801815,2,1222,1224,completed,9
26332,Rigid,1800591,1800593,1801975,2,1382,1384,completed,9
26333,Rigid,1800591,1800593,1802030,2,1437,1439,completed,9
26334,Rigid,1800591,1800593,1802138,2,1545,1547,completed,9
26335,Rigid,1800591,1800593,1802421,2,1828,1830,completed,9
26336,Rigid,1800591,1800593,1801969,2,1376,1378,completed,9
26337,Rigid,1800591,1800593,1801986,2,1393,1395,completed,9
26338,Rigid,1800591,1800593,1801847,2,1254,1256,completed,9
26339,Rigid,1800591,1800593,1802048,2,1455,1457,completed,9
26340,Rigid,1800591,1800593,1801795,2,1202,1204,completed,9
26341,Rigid,1800591,1800593,1802531,2,1938,1940,completed,9
26342,Rigid,1800591,1800593,1802770,2,2177,2179,completed,9
26343,Rigid,1800591,1800593,1801876,2,1283,1285,completed,9
26344,Rigid,1800591,1800593,1802092,2,1499,1501,completed,9
26345,Rigid,1800591,1800593,1802072,2,1479,1481,completed,9
26346,Rigid,1800591,1800593,1802144,2,1551,1553,completed,9
26347,Rigid,1800591,1800593,1802144,2,1551,1553,completed,9
26348,Rigid,1800591,1800593,1802222,2,1629,1631,completed,9
26349,Rigid,1800591,1800593,1801911,2,1318,1320,completed,9
26350,Rigid,1800591,1800593,1801781,2,1188,1190,completed,9
26351,Rigid,1800591,1800593,1802023,2,1430,1432,completed,9
26352,Rigid,1800591,1800593,1801651,2,1058,1060,completed,9
26353,Rigid,1800592,1800593,1801432,1,839,840,completed,9
26354,Rigid,1800592,1800593,1801193,1,600,601,completed,9
26355,Rigid,1800592,1800593,1801502,1,909,910,completed,9
26356,Rigid,1800592,1800593,1801456,1,863,864,completed,9
26357,Rigid,1800592,1800593,1801537,1,944,945,completed,9
26358,Rigid,1800592,1800679,1801678,87,999,1086,completed,9
26359,Rigid,1800592,1800679,1801634,87,955,1042,completed,9
26360,Rigid,1800592,1800679,1801568,87,889,976,completed,9
26361,Rigid,1800592,1800593,1801629,1,1036,1037,completed,9
26362,Rigid,1800592,1800593,1802368,1,1775,1776,completed,9
26363,Rigid,1800592,1800593,1802368,1,1775,1776,completed,9
26364,Rigid,1800592,1800593,1802261,1,1668,1669,completed,9
26365,Rigid,1800592,1800593,1803033,1,2440,2441,completed,9
26366,Rigid,1800592,1800593,1802445,1,1852,1853,completed,9
26367,Rigid,1800592,1800593,1801769,1,1176,1177,completed,9
26368,Rigid,1800592,1800593,1801714,1,1121,1122,completed,9
26369,Rigid,1800592,1800593,1801843,1,1250,1251,completed,9
26370,Rigid,1800592,1800593,1801696,1,1103,1104,completed,9
26371,Rigid,1800592,1800593,1802021,1,1428,1429,completed,9
26372,Rigid,1800592,1800593,1801864,1,1271,1272,completed,9
26373,Rigid,1800592,1800593,1802285,1,1692,1693,completed,9
26374,Rigid,1800592,1800593,1801731,1,1138,1139,completed,9
26375,Rigid,1800592,1800593,1802041,1,1448,1449,completed,9
26376,Rigid,1800592,1800593,1802896,1,2303,2304,completed,9
26377,Rigid,1800592,1800679,1802255,87,1576,1663,completed,9
26378,Rigid,1800592,1800679,1801696,87,1017,1104,completed,9
26379,Rigid,1800592,1800679,1802001,87,1322,1409,completed,9
26380,Rigid,1800592,1800679,1802167,87,1488,1575,completed,9
26381,Rigid,1800592,1800679,1802156,87,1477,1564,completed,9
26382,Rigid,1800592,1800679,1801873,87,1194,1281,completed,9
26383,Rigid,1800592,1800679,1802246,87,1567,1654,completed,9
26384,Rigid,1800592,1800679,1801978,87,1299,1386,completed,9
26385,Rigid,1800592,1800679,1802164,87,1485,1572,completed,9
26386,Rigid,1800592,1800679,1801984,87,1305,1392,completed,9
26387,Rigid,1800592,1800679,1802253,87,1574,1661,completed,9
26388,Rigid,1800592,1800679,1802227,87,1548,1635,completed,9
26389,Rigid,1800592,1800679,1802083,87,1404,1491,completed,9
26390,Rigid,1800592,1800679,1802338,87,1659,1746,completed,9
26391,Rigid,1800592,1800679,1801751,87,1072,1159,completed,9
26392,Rigid,1800593,1800955,1801586,362,631,993,completed,9
26393,Rigid,1800593,1800982,1801922,389,940,1329,completed,9
26394,Rigid,1800593,1800679,1802288,86,1609,1695,completed,9
26395,Rigid,1800593,1800679,1802067,86,1388,1474,completed,9
26396,Rigid,1800593,1800723,1801761,130,1038,1168,completed,9
26397,Rigid,1800593,1800792,1803102,199,2310,2509,completed,9
26398,Rigid,1800593,1800898,1802036,305,1138,1443,completed,9
26399,Rigid,1800593,1800908,1803023,315,2115,2430,completed,9
26400,Rigid,1800593,1800922,1802224,329,1302,1631,completed,9
26401,Rigid,1800593,1800928,1802140,335,1212,1547,completed,9
26402,Rigid,1800593,1800955,1802120,362,1165,1527,completed,9
26403,Rigid,1800593,1800955,1802002,362,1047,1409,completed,9
26404,Rigid,1800593,1800982,1802870,389,1888,2277,completed,9
26405,Rigid,1800593,1800982,1802612,389,1630,2019,completed,9
26406,Rigid,1800593,1800982,1802623,389,1641,2030,completed,9
26407,Rigid,1800593,1800982,1802619,389,1637,2026,completed,9
26408,Rigid,1800593,1800982,1802258,389,1276,1665,completed,9
26409,Rigid,1800594,1800982,1801981,388,999,1387,completed,9
26410,Rigid,1800594,1801304,1802199,710,895,1605,completed,9
26411,Rigid,1800594,1801576,1802476,982,900,1882,completed,9
26412,Rigid,1800594,1801588,1802520,994,932,1926,completed,9
26413,Rigid,1800594,1801635,1802447,1041,812,1853,completed,9
26414,Rigid,1800594,1801653,1802557,1059,904,1963,completed,9
26415,Rigid,1800594,1801715,1802653,1121,938,2059,completed,9
26416,Rigid,1800594,1801732,1802465,1138,733,1871,completed,9
26417,Rigid,1800594,1801752,1802705,1158,953,2111,completed,9
26418,Rigid,1800594,1800982,1801994,388,1012,1400,completed,9
26419,Rigid,1800594,1800982,1802339,388,1357,1745,completed,9
26420,Rigid,1800594,1801194,1802400,600,1206,1806,completed,9
26421,Rigid,1800594,1801304,1802790,710,1486,2196,completed,9
26422,Rigid,1800594,1801433,1802958,839,1525,2364,completed,9
26423,Rigid,1800594,1801458,1802848,864,1390,2254,completed,9
26424,Rigid,1800594,1801494,1802655,900,1161,2061,completed,9
26425,Rigid,1800594,1801503,1802931,909,1428,2337,completed,9
26426,Rigid,1800594,1801538,1802899,944,1361,2305,completed,9
26427,Rigid,1800594,1801569,1802991,975,1422,2397,completed,9
26428,Rigid,1800594,1801630,1803042,1036,1412,2448,completed,9
26429,Rigid,1800594,1801652,1802731,1058,1079,2137,completed,9
26430,Rigid,1800594,1801671,1802774,1077,1103,2180,completed,9
26431,Rigid,1800594,1801679,1802725,1085,1046,2131,completed,9
26432,Rigid,1800594,1801697,1803037,1103,1340,2443,completed,9
26433,Rigid,1800594,1801697,1802904,1103,1207,2310,completed,9
26434,Rigid,1800595,1801762,1802374,1167,612,1779,completed,9
26435,Rigid,1800595,1801796,1802717,1201,921,2122,completed,9
26436,Rigid,1800595,1801844,1802739,1249,895,2144,completed,9
26437,Rigid,1800595,1801866,1802848,1271,982,2253,completed,9
26438,Rigid,1800595,1801874,1802586,1279,712,1991,completed,9
26439,Rigid,1800595,1801877,1802682,1282,805,2087,completed,9
26440,Rigid,1800595,1801970,1802813,1375,843,2218,completed,9
26441,Rigid,1800595,1801976,1802775,1381,799,2180,completed,9
26442,Rigid,1800595,1801979,1802740,1384,761,2145,completed,9
26443,Rigid,1800595,1801988,1802857,1393,869,2262,completed,9
26444,Rigid,1800595,1802003,1802773,1408,770,2178,completed,9
26445,Rigid,1800595,1802003,1802959,1408,956,2364,completed,9
26446,Rigid,1800595,1802024,1802821,1429,797,2226,completed,9
26447,Rigid,1800595,1801770,1802930,1175,1160,2335,completed,9
26448,Rigid,1800595,1801783,1803146,1188,1363,2551,completed,9
26449,Rigid,1800595,1801816,1802920,1221,1104,2325,completed,9
26450,Rigid,1800595,1801846,1802899,1251,1053,2304,completed,9
26451,Rigid,1800595,1801848,1803270,1253,1422,2675,completed,9
26452,Rigid,1800595,1801913,1803686,1318,1773,3091,completed,9
26453,Rigid,1800595,1801923,1803780,1328,1857,3185,completed,9
26454,Rigid,1800595,1801983,1803010,1388,1027,2415,completed,9
26455,Rigid,1800595,1801985,1803149,1390,1164,2554,completed,9
26456,Rigid,1800595,1801995,1803095,1400,1100,2500,completed,9
26457,Rigid,1800595,1802022,1803229,1427,1207,2634,completed,9
26458,Rigid,1800595,1802031,1803060,1436,1029,2465,completed,9
26459,Rigid,1800595,1802038,1803358,1443,1320,2763,completed,9
26460,Rigid,1800595,1802042,1803136,1447,1094,2541,completed,9
26461,Rigid,1800595,1802049,1803282,1454,1233,2687,completed,9
26462,Rigid,1800596,1802068,1802824,1472,756,2228,completed,9
26463,Rigid,1800596,1802073,1802900,1477,827,2304,completed,9
26464,Rigid,1800596,1802084,1803049,1488,965,2453,completed,9
26465,Rigid,1800596,1802080,1803088,1484,1008,2492,completed,9
26466,Rigid,1800596,1802093,1803136,1497,1043,2540,completed,9
26467,Rigid,1802470,1802587,1803859,117,1272,1389,completed,36
26468,Rigid,1802626,1803137,1803146,511,9,520,completed,1
26469,Rigid,1802990,1806919,1893319,3929,86400,90329,completed,540
26470,Rigid,1803139,1803143,1803946,4,803,807,completed,9
26471,Rigid,1803139,1803143,1803967,4,824,828,completed,9
26472,Rigid,1803139,1803143,1804119,4,976,980,completed,9
26473,Rigid,1803139,1803143,1803821,4,678,682,completed,9
26474,Rigid,1803139,1803143,1804681,4,1538,1542,completed,9
26475,Rigid,1803139,1803143,1804492,4,1349,1353,completed,9
26476,Rigid,1803139,1803143,1804335,4,1192,1196,completed,9
26477,Rigid,1803139,1803143,1804230,4,1087,1091,completed,9
26478,Rigid,1803139,1803143,1804311,4,1168,1172,completed,9
26479,Rigid,1803140,1803143,1804092,3,949,952,completed,9
26480,Rigid,1803140,1803143,1804079,3,936,939,completed,9
26481,Rigid,1803140,1803143,1803987,3,844,847,completed,9
26482,Rigid,1803140,1803143,1803967,3,824,827,completed,9
26483,Rigid,1803140,1803144,1804100,4,956,960,completed,9
26484,Rigid,1803140,1803144,1804112,4,968,972,completed,9
26485,Rigid,1803140,1803144,1803912,4,768,772,completed,9
26486,Rigid,1803140,1803144,1803965,4,821,825,completed,9
26487,Rigid,1803140,1803143,1804201,3,1058,1061,completed,9
26488,Rigid,1803140,1803143,1804421,3,1278,1281,completed,9
26489,Rigid,1803140,1803143,1804873,3,1730,1733,completed,9
26490,Rigid,1803140,1803144,1804304,4,1160,1164,completed,9
26491,Rigid,1803140,1803144,1804300,4,1156,1160,completed,9
26492,Rigid,1803140,1803144,1804285,4,1141,1145,completed,9
26493,Rigid,1803140,1803144,1804600,4,1456,1460,completed,9
26494,Rigid,1803140,1803144,1804299,4,1155,1159,completed,9
26495,Rigid,1803141,1803144,1803895,3,751,754,completed,9
26496,Rigid,1803141,1803144,1803920,3,776,779,completed,9
26497,Rigid,1803141,1803144,1804072,3,928,931,completed,9
26498,Rigid,1803141,1803144,1803783,3,639,642,completed,9
26499,Rigid,1803141,1803144,1804071,3,927,930,completed,9
26500,Rigid,1803141,1803174,1804002,33,828,861,completed,9
26501,Rigid,1803141,1803236,1804198,95,962,1057,completed,9
26502,Rigid,1803141,1803144,1804957,3,1813,1816,completed,9
26503,Rigid,1803141,1803144,1804446,3,1302,1305,completed,9
26504,Rigid,1803141,1803144,1804223,3,1079,1082,completed,9
26505,Rigid,1803141,1803144,1805094,3,1950,1953,completed,9
26506,Rigid,1803141,1803144,1804373,3,1229,1232,completed,9
26507,Rigid,1803141,1803144,1804586,3,1442,1445,completed,9
26508,Rigid,1803141,1803144,1804385,3,1241,1244,completed,9
26509,Rigid,1803141,1803144,1804782,3,1638,1641,completed,9
26510,Rigid,1803141,1803144,1804217,3,1073,1076,completed,9
26511,Rigid,1803141,1803297,1804303,156,1006,1162,completed,9
26512,Rigid,1803141,1803297,1804360,156,1063,1219,completed,9
26513,Rigid,1803141,1803389,1804864,248,1475,1723,completed,9
26514,Rigid,1803142,1803420,1804198,278,778,1056,completed,9
26515,Rigid,1803142,1803420,1804323,278,903,1181,completed,9
26516,Rigid,1803142,1803451,1804249,309,798,1107,completed,9
26517,Rigid,1803142,1803451,1804298,309,847,1156,completed,9
26518,Rigid,1803142,1803451,1804220,309,769,1078,completed,9
26519,Rigid,1803142,1803451,1804245,309,794,1103,completed,9
26520,Rigid,1803142,1803451,1804284,309,833,1142,completed,9
26521,Rigid,1803142,1803451,1804421,309,970,1279,completed,9
26522,Rigid,1803142,1803451,1804289,309,838,1147,completed,9
26523,Rigid,1803142,1803451,1804110,309,659,968,completed,9
26524,Rigid,1803142,1803451,1804393,309,942,1251,completed,9
26525,Rigid,1803142,1803420,1804551,278,1131,1409,completed,9
26526,Rigid,1803142,1803420,1804457,278,1037,1315,completed,9
26527,Rigid,1803142,1803451,1804770,309,1319,1628,completed,9
26528,Rigid,1803142,1803451,1804668,309,1217,1526,completed,9
26529,Rigid,1803142,1803451,1804503,309,1052,1361,completed,9
26530,Rigid,1803142,1803451,1804539,309,1088,1397,completed,9
26531,Rigid,1803142,1803451,1804474,309,1023,1332,completed,9
26532,Rigid,1803142,1803451,1804714,309,1263,1572,completed,9
26533,Rigid,1803143,1803451,1804236,308,785,1093,completed,9
26534,Rigid,1803143,1803451,1804010,308,559,867,completed,9
26535,Rigid,1803143,1803451,1804127,308,676,984,completed,9
26536,Rigid,1803143,1803451,1804376,308,925,1233,completed,9
26537,Rigid,1803143,1803451,1804352,308,901,1209,completed,9
26538,Rigid,1803143,1803451,1804291,308,840,1148,completed,9
26539,Rigid,1803143,1803451,1804138,308,687,995,completed,9
26540,Rigid,1803143,1803451,1804148,308,697,1005,completed,9
26541,Rigid,1803143,1803451,1804272,308,821,1129,completed,9
26542,Rigid,1803143,1803451,1804349,308,898,1206,completed,9
26543,Rigid,1803143,1803451,1804414,308,963,1271,completed,9
26544,Rigid,1803143,1803451,1804107,308,656,964,completed,9
26545,Rigid,1803143,1803451,1804359,308,908,1216,completed,9
26546,Rigid,1803143,1803451,1803933,308,482,790,completed,9
26547,Rigid,1803143,1803451,1804518,308,1067,1375,completed,9
26548,Rigid,1803143,1803451,1804531,308,1080,1388,completed,9
26549,Rigid,1803143,1803451,1804607,308,1156,1464,completed,9
26550,Rigid,1803143,1803451,1804889,308,1438,1746,completed,9
26551,Rigid,1803143,1803451,1804802,308,1351,1659,completed,9
26552,Rigid,1803143,1803451,1804451,308,1000,1308,completed,9
26553,Rigid,1803144,1803451,1804274,307,823,1130,completed,9
26554,Rigid,1803144,1803451,1804220,307,769,1076,completed,9
26555,Rigid,1803144,1803451,1804525,307,1074,1381,completed,9
26556,Rigid,1803144,1803451,1804637,307,1186,1493,completed,9
26557,Rigid,1803144,1803451,1804646,307,1195,1502,completed,9
26558,Rigid,1803145,1803451,1804370,306,919,1225,completed,9
26559,Rigid,1803145,1803451,1804404,306,953,1259,completed,9
26560,Rigid,1803145,1803451,1804240,306,789,1095,completed,9
26561,Rigid,1803145,1803451,1804327,306,876,1182,completed,9
26562,Rigid,1803145,1803451,1804136,306,685,991,completed,9
26563,Rigid,1803145,1803451,1804446,306,995,1301,completed,9
26564,Rigid,1803145,1803451,1804110,306,659,965,completed,9
26565,Rigid,1803145,1803451,1804349,306,898,1204,completed,9
26566,Rigid,1803145,1803451,1804181,306,730,1036,completed,9
26567,Rigid,1803145,1803846,1804774,701,928,1629,completed,9
26568,Rigid,1803145,1803876,1804679,731,803,1534,completed,9
26569,Rigid,1803145,1803451,1804485,306,1034,1340,completed,9
26570,Rigid,1803145,1803451,1804488,306,1037,1343,completed,9
26571,Rigid,1803145,1803451,1804477,306,1026,1332,completed,9
26572,Rigid,1803145,1803451,1804453,306,1002,1308,completed,9
26573,Rigid,1803145,1803451,1804837,306,1386,1692,completed,9
26574,Rigid,1803145,1803451,1804530,306,1079,1385,completed,9
26575,Rigid,1803145,1803451,1804542,306,1091,1397,completed,9
26576,Rigid,1803145,1803694,1805050,549,1356,1905,completed,9
26577,Rigid,1803145,1803785,1804995,640,1210,1850,completed,9
26578,Rigid,1803145,1803785,1804838,640,1053,1693,completed,9
26579,Rigid,1803146,1803876,1804584,730,708,1438,completed,9
26580,Rigid,1803146,1803876,1804827,730,951,1681,completed,9
26581,Rigid,1803146,1803876,1804507,730,631,1361,completed,9
26582,Rigid,1803146,1803906,1804677,760,771,1531,completed,9
26583,Rigid,1803146,1803937,1804746,791,809,1600,completed,9
26584,Rigid,1803146,1803937,1804653,791,716,1507,completed,9
26585,Rigid,1803146,1803937,1804865,791,928,1719,completed,9
26586,Rigid,1803146,1803997,1804713,851,716,1567,completed,9
26587,Rigid,1803146,1803997,1804864,851,867,1718,completed,9
26588,Rigid,1803146,1803997,1804923,851,926,1777,completed,9
26589,Rigid,1803146,1803997,1804699,851,702,1553,completed,9
26590,Rigid,1803146,1804027,1804680,881,653,1534,completed,9
26591,Rigid,1803146,1804088,1804982,942,894,1836,completed,9
26592,Rigid,1803146,1804088,1804742,942,654,1596,completed,9
26593,Rigid,1803146,1804088,1804769,942,681,1623,completed,9
26594,Rigid,1803146,1804118,1804830,972,712,1684,completed,9
26595,Rigid,1803146,1804118,1804930,972,812,1784,completed,9
26596,Rigid,1803146,1804118,1804773,972,655,1627,completed,9
26597,Rigid,1803146,1804148,1805053,1002,905,1907,completed,9
26598,Rigid,1803146,1804178,1804914,1032,736,1768,completed,9
26599,Rigid,1803146,1804148,1805001,1002,853,1855,completed,9
26600,Rigid,1803146,1804178,1805043,1032,865,1897,completed,9
26601,Rigid,1803146,1804209,1805085,1063,876,1939,completed,9
26602,Rigid,1803146,1804209,1805122,1063,913,1976,completed,9
26603,Rigid,1803146,1804209,1804777,1063,568,1631,completed,9
26604,Rigid,1803146,1804209,1804829,1063,620,1683,completed,9
26605,Rigid,1803146,1804239,1804921,1093,682,1775,completed,9
26606,Rigid,1803146,1804239,1805014,1093,775,1868,completed,9
26607,Rigid,1803146,1803997,1805007,851,1010,1861,completed,9
26608,Rigid,1803146,1804027,1805333,881,1306,2187,completed,9
26609,Rigid,1803146,1804118,1805624,972,1506,2478,completed,9
26610,Rigid,1803146,1804118,1805290,972,1172,2144,completed,9
26611,Rigid,1803146,1804118,1805797,972,1679,2651,completed,9
26612,Rigid,1803146,1804148,1805175,1002,1027,2029,completed,9
26613,Rigid,1803146,1804239,1805831,1093,1592,2685,completed,9
26614,Rigid,1803177,1804721,1806603,1544,1882,3426,completed,144
26615,Rigid,1803416,1805015,1805019,1599,4,1603,completed,1
26616,Rigid,1803424,1806635,1806916,3211,281,3492,completed,1080
26617,Rigid,1803459,1804510,1807566,1051,3056,4107,completed,36
26618,Rigid,1804770,1804781,1804783,11,2,13,completed,36
26619,Rigid,1804827,1804827,2164853,0,360026,360026,completed,36
26620,Rigid,1805017,1805022,1805688,5,666,671,completed,9
26621,Rigid,1805017,1805022,1805681,5,659,664,completed,9
26622,Rigid,1805017,1805022,1805747,5,725,730,completed,9
26623,Rigid,1805017,1805022,1805895,5,873,878,completed,9
26624,Rigid,1805017,1805022,1805883,5,861,866,completed,9
26625,Rigid,1805017,1805022,1805646,5,624,629,completed,9
26626,Rigid,1805017,1805022,1806011,5,989,994,completed,9
26627,Rigid,1805017,1805022,1805537,5,515,520,completed,9
26628,Rigid,1805017,1805022,1805890,5,868,873,completed,9
26629,Rigid,1805017,1805022,1805702,5,680,685,completed,9
26630,Rigid,1805017,1805022,1805705,5,683,688,completed,9
26631,Rigid,1805017,1805022,1806797,5,1775,1780,completed,9
26632,Rigid,1805017,1805022,1806282,5,1260,1265,completed,9
26633,Rigid,1805017,1805022,1806270,5,1248,1253,completed,9
26634,Rigid,1805017,1805022,1806124,5,1102,1107,completed,9
26635,Rigid,1805017,1805022,1806097,5,1075,1080,completed,9
26636,Rigid,1805018,1805022,1805872,4,850,854,completed,9
26637,Rigid,1805018,1805022,1805891,4,869,873,completed,9
26638,Rigid,1805018,1805022,1805743,4,721,725,completed,9
26639,Rigid,1805018,1805022,1805889,4,867,871,completed,9
26640,Rigid,1805018,1805022,1805709,4,687,691,completed,9
26641,Rigid,1805018,1805022,1805917,4,895,899,completed,9
26642,Rigid,1805018,1805022,1805976,4,954,958,completed,9
26643,Rigid,1805018,1805022,1806021,4,999,1003,completed,9
26644,Rigid,1805018,1805022,1806005,4,983,987,completed,9
26645,Rigid,1805018,1805022,1805795,4,773,777,completed,9
26646,Rigid,1805018,1805022,1805996,4,974,978,completed,9
26647,Rigid,1805018,1805022,1805931,4,909,913,completed,9
26648,Rigid,1805018,1805022,1805598,4,576,580,completed,9
26649,Rigid,1805018,1805022,1805863,4,841,845,completed,9
26650,Rigid,1805018,1805022,1805700,4,678,682,completed,9
26651,Rigid,1805018,1805022,1805781,4,759,763,completed,9
26652,Rigid,1805018,1805022,1805757,4,735,739,completed,9
26653,Rigid,1805018,1805022,1805902,4,880,884,completed,9
26654,Rigid,1805018,1805022,1805884,4,862,866,completed,9
26655,Rigid,1805018,1805022,1805782,4,760,764,completed,9
26656,Rigid,1805018,1805022,1805712,4,690,694,completed,9
26657,Rigid,1805018,1805022,1805829,4,807,811,completed,9
26658,Rigid,1805018,1805022,1805568,4,546,550,completed,9
26659,Rigid,1805018,1805022,1805767,4,745,749,completed,9
26660,Rigid,1805018,1805022,1805888,4,866,870,completed,9
26661,Rigid,1805018,1805022,1805848,4,826,830,completed,9
26662,Rigid,1805018,1805022,1805912,4,890,894,completed,9
26663,Rigid,1805018,1805022,1805921,4,899,903,completed,9
26664,Rigid,1805018,1805022,1805880,4,858,862,completed,9
26665,Rigid,1805018,1805022,1805804,4,782,786,completed,9
26666,Rigid,1805018,1805022,1805695,4,673,677,completed,9
26667,Rigid,1805018,1805022,1805622,4,600,604,completed,9
26668,Rigid,1805018,1805022,1805917,4,895,899,completed,9
26669,Rigid,1805018,1805022,1805903,4,881,885,completed,9
26670,Rigid,1805018,1805022,1805654,4,632,636,completed,9
26671,Rigid,1805018,1805022,1805963,4,941,945,completed,9
26672,Rigid,1805018,1805022,1805611,4,589,593,completed,9
26673,Rigid,1805018,1805022,1805856,4,834,838,completed,9
26674,Rigid,1805018,1805022,1805782,4,760,764,completed,9
26675,Rigid,1805018,1805022,1805839,4,817,821,completed,9
26676,Rigid,1805018,1805022,1805746,4,724,728,completed,9
26677,Rigid,1805018,1805022,1805883,4,861,865,completed,9
26678,Rigid,1805018,1805022,1805673,4,651,655,completed,9
26679,Rigid,1805018,1805022,1805823,4,801,805,completed,9
26680,Rigid,1805018,1805022,1806212,4,1190,1194,completed,9
26681,Rigid,1805018,1805022,1806235,4,1213,1217,completed,9
26682,Rigid,1805018,1805022,1806258,4,1236,1240,completed,9
26683,Rigid,1805018,1805022,1806033,4,1011,1015,completed,9
26684,Rigid,1805019,1805022,1805767,3,745,748,completed,9
26685,Rigid,1805019,1805022,1805877,3,855,858,completed,9
26686,Rigid,1805019,1805022,1805587,3,565,568,completed,9
26687,Rigid,1805019,1805022,1805687,3,665,668,completed,9
26688,Rigid,1805019,1805022,1805785,3,763,766,completed,9
26689,Rigid,1805019,1805022,1805884,3,862,865,completed,9
26690,Rigid,1805019,1805022,1805731,3,709,712,completed,9
26691,Rigid,1805019,1805022,1806257,3,1235,1238,completed,9
26692,Rigid,1805228,1805534,1805536,306,2,308,completed,36
26693,Rigid,1805562,1805563,1805632,1,69,70,completed,36
26694,Rigid,1805743,1805745,1805747,2,2,4,completed,36
26695,Rigid,1805854,1805865,1805867,11,2,13,completed,36
26696,Rigid,1806100,1806101,1806133,1,32,33,completed,144
26697,Rigid,1806232,1806234,1806263,2,29,31,completed,36
26698,Rigid,1806297,1806297,1810356,0,4059,4059,completed,144
26699,Rigid,1806551,1806552,1806558,1,6,7,completed,1
26700,Rigid,1806654,1806871,1806873,217,2,219,completed,36
26701,Rigid,1807055,1807055,1807057,0,2,2,completed,36
26702,Rigid,1807141,1807141,1807295,0,154,154,completed,36
26703,Rigid,1807259,1823724,1910149,16465,86425,102890,completed,540
26704,Rigid,1807262,1807264,1807272,2,8,10,completed,1
26705,Rigid,1807263,1809084,1809154,1821,70,1891,completed,72
26706,Rigid,1807265,1807280,1808574,15,1294,1309,completed,9
26707,Rigid,1807265,1807280,1810813,15,3533,3548,completed,9
26708,Rigid,1807265,1807280,1810131,15,2851,2866,completed,9
26709,Rigid,1807265,1807280,1809073,15,1793,1808,completed,9
26710,Rigid,1807265,1807280,1809242,15,1962,1977,completed,9
26711,Rigid,1807265,1807280,1809082,15,1802,1817,completed,9
26712,Rigid,1807266,1807280,1808180,14,900,914,completed,9
26713,Rigid,1807266,1807280,1808970,14,1690,1704,completed,9
26714,Rigid,1807266,1807280,1808790,14,1510,1524,completed,9
26715,Rigid,1807266,1807280,1808804,14,1524,1538,completed,9
26716,Rigid,1807266,1807280,1808775,14,1495,1509,completed,9
26717,Rigid,1807266,1807280,1809115,14,1835,1849,completed,9
26718,Rigid,1807266,1807280,1809870,14,2590,2604,completed,9
26719,Rigid,1807266,1807280,1810509,14,3229,3243,completed,9
26720,Rigid,1807266,1807280,1810481,14,3201,3215,completed,9
26721,Rigid,1807266,1807280,1811165,14,3885,3899,completed,9
26722,Rigid,1807266,1807280,1809587,14,2307,2321,completed,9
26723,Rigid,1807266,1807280,1809700,14,2420,2434,completed,9
26724,Rigid,1807266,1807280,1810544,14,3264,3278,completed,9
26725,Rigid,1807266,1807280,1809639,14,2359,2373,completed,9
26726,Rigid,1807266,1807280,1808432,14,1152,1166,completed,9
26727,Rigid,1807266,1807280,1809053,14,1773,1787,completed,9
26728,Rigid,1807267,1807280,1810259,13,2979,2992,completed,9
26729,Rigid,1807267,1807280,1809823,13,2543,2556,completed,9
26730,Rigid,1807267,1807280,1809878,13,2598,2611,completed,9
26731,Rigid,1807267,1807280,1808498,13,1218,1231,completed,9
26732,Rigid,1807267,1807280,1809196,13,1916,1929,completed,9
26733,Rigid,1807267,1807280,1809156,13,1876,1889,completed,9
26734,Rigid,1807267,1807280,1809325,13,2045,2058,completed,9
26735,Rigid,1807267,1807280,1809366,13,2086,2099,completed,9
26736,Rigid,1807267,1807280,1809369,13,2089,2102,completed,9
26737,Rigid,1807267,1807280,1810715,13,3435,3448,completed,9
26738,Rigid,1807267,1807280,1810333,13,3053,3066,completed,9
26739,Rigid,1807267,1807280,1809839,13,2559,2572,completed,9
26740,Rigid,1807268,1808594,1809446,1326,852,2178,completed,9
26741,Rigid,1807268,1808627,1809214,1359,587,1946,completed,9
26742,Rigid,1807268,1807280,1809607,12,2327,2339,completed,9
26743,Rigid,1807268,1807280,1809991,12,2711,2723,completed,9
26744,Rigid,1807268,1807280,1810617,12,3337,3349,completed,9
26745,Rigid,1807268,1807280,1810441,12,3161,3173,completed,9
26746,Rigid,1807268,1807280,1809819,12,2539,2551,completed,9
26747,Rigid,1807268,1807280,1809236,12,1956,1968,completed,9
26748,Rigid,1807268,1807280,1808847,12,1567,1579,completed,9
26749,Rigid,1807268,1807280,1808735,12,1455,1467,completed,9
26750,Rigid,1807268,1807280,1809549,12,2269,2281,completed,9
26751,Rigid,1807268,1807280,1808992,12,1712,1724,completed,9
26752,Rigid,1807268,1807280,1809107,12,1827,1839,completed,9
26753,Rigid,1807268,1807280,1808620,12,1340,1352,completed,9
26754,Rigid,1807268,1807312,1809213,44,1901,1945,completed,9
26755,Rigid,1807268,1807312,1808778,44,1466,1510,completed,9
26756,Rigid,1807268,1807312,1808823,44,1511,1555,completed,9
26757,Rigid,1807268,1807312,1808629,44,1317,1361,completed,9
26758,Rigid,1807268,1808197,1809737,929,1540,2469,completed,9
26759,Rigid,1807268,1808462,1810131,1194,1669,2863,completed,9
26760,Rigid,1807268,1808528,1809607,1260,1079,2339,completed,9
26761,Rigid,1807268,1808759,1810046,1491,1287,2778,completed,9
26762,Rigid,1807268,1808793,1810415,1525,1622,3147,completed,9
26763,Rigid,1807268,1808793,1810584,1525,1791,3316,completed,9
26764,Rigid,1807268,1808825,1810102,1557,1277,2834,completed,9
26765,Rigid,1807268,1808859,1810450,1591,1591,3182,completed,9
26766,Rigid,1807268,1808957,1810267,1689,1310,2999,completed,9
26767,Rigid,1807268,1808957,1810967,1689,2010,3699,completed,9
26768,Rigid,1807268,1808957,1811136,1689,2179,3868,completed,9
26769,Rigid,1807268,1808957,1811427,1689,2470,4159,completed,9
26770,Rigid,1807268,1808957,1810740,1689,1783,3472,completed,9
26771,Rigid,1807268,1808957,1810933,1689,1976,3665,completed,9
26772,Rigid,1807268,1808957,1811263,1689,2306,3995,completed,9
26773,Rigid,1807268,1808957,1810766,1689,1809,3498,completed,9
26774,Rigid,1807268,1808957,1810493,1689,1536,3225,completed,9
26775,Rigid,1807269,1808957,1810186,1688,1229,2917,completed,9
26776,Rigid,1807269,1808957,1810399,1688,1442,3130,completed,9
26777,Rigid,1807269,1808957,1810370,1688,1413,3101,completed,9
26778,Rigid,1807269,1808957,1811038,1688,2081,3769,completed,9
26779,Rigid,1807269,1808957,1812287,1688,3330,5018,completed,9
26780,Rigid,1807269,1808957,1811273,1688,2316,4004,completed,9
26781,Rigid,1807269,1808957,1813349,1688,4392,6080,completed,9
26782,Rigid,1807269,1808957,1812907,1688,3950,5638,completed,9
26783,Rigid,1807269,1808957,1812003,1688,3046,4734,completed,9
26784,Rigid,1807269,1808990,1811383,1721,2393,4114,completed,9
26785,Rigid,1807269,1808990,1810811,1721,1821,3542,completed,9
26786,Rigid,1807269,1808990,1810616,1721,1626,3347,completed,9
26787,Rigid,1807269,1808990,1810580,1721,1590,3311,completed,9
26788,Rigid,1807269,1808990,1810648,1721,1658,3379,completed,9
26789,Rigid,1807269,1808990,1811329,1721,2339,4060,completed,9
26790,Rigid,1807269,1808990,1812736,1721,3746,5467,completed,9
26791,Rigid,1807269,1808990,1812849,1721,3859,5580,completed,9
26792,Rigid,1807269,1808990,1814071,1721,5081,6802,completed,9
26793,Rigid,1807269,1808990,1812431,1721,3441,5162,completed,9
26794,Rigid,1807269,1808990,1812769,1721,3779,5500,completed,9
26795,Rigid,1807269,1808990,1813878,1721,4888,6609,completed,9
26796,Rigid,1807269,1808990,1813068,1721,4078,5799,completed,9
26797,Rigid,1807269,1808990,1811658,1721,2668,4389,completed,9
26798,Rigid,1807269,1808990,1812203,1721,3213,4934,completed,9
26799,Rigid,1807269,1808990,1812003,1721,3013,4734,completed,9
26800,Rigid,1807269,1808990,1813450,1721,4460,6181,completed,9
26801,Rigid,1807269,1808990,1814206,1721,5216,6937,completed,9
26802,Rigid,1807269,1808990,1814999,1721,6009,7730,completed,9
26803,Rigid,1807269,1808990,1811849,1721,2859,4580,completed,9
26804,Rigid,1807269,1808990,1812248,1721,3258,4979,completed,9
26805,Rigid,1807269,1808990,1812709,1721,3719,5440,completed,9
26806,Rigid,1807269,1808990,1813115,1721,4125,5846,completed,9
26807,Rigid,1807269,1808990,1812642,1721,3652,5373,completed,9
26808,Rigid,1807269,1808990,1812345,1721,3355,5076,completed,9
26809,Rigid,1807269,1808990,1814286,1721,5296,7017,completed,9
26810,Rigid,1807269,1808990,1812975,1721,3985,5706,completed,9
26811,Rigid,1807269,1808990,1814854,1721,5864,7585,completed,9
26812,Rigid,1807269,1808990,1811360,1721,2370,4091,completed,9
26813,Rigid,1807269,1808990,1811225,1721,2235,3956,completed,9
26814,Rigid,1807269,1808990,1811950,1721,2960,4681,completed,9
26815,Rigid,1807269,1808990,1811814,1721,2824,4545,completed,9
26816,Rigid,1807269,1808990,1814161,1721,5171,6892,completed,9
26817,Rigid,1807269,1808990,1814387,1721,5397,7118,completed,9
26818,Rigid,1807269,1808990,1811873,1721,2883,4604,completed,9
26819,Rigid,1807269,1808990,1813029,1721,4039,5760,completed,9
26820,Rigid,1807269,1809022,1813573,1753,4551,6304,completed,9
26821,Rigid,1807269,1809053,1811890,1784,2837,4621,completed,9
26822,Rigid,1807269,1809053,1812333,1784,3280,5064,completed,9
26823,Rigid,1807269,1809053,1811382,1784,2329,4113,completed,9
26824,Rigid,1807269,1809053,1813131,1784,4078,5862,completed,9
26825,Rigid,1807269,1809085,1812093,1816,3008,4824,completed,9
26826,Rigid,1807269,1809053,1811917,1784,2864,4648,completed,9
26827,Rigid,1807269,1809053,1811818,1784,2765,4549,completed,9
26828,Rigid,1807269,1809053,1812184,1784,3131,4915,completed,9
26829,Rigid,1807269,1809085,1811989,1816,2904,4720,completed,9
26830,Rigid,1807269,1809085,1811538,1816,2453,4269,completed,9
26831,Rigid,1807269,1809085,1812076,1816,2991,4807,completed,9
26832,Rigid,1807270,1809085,1812384,1815,3299,5114,completed,9
26833,Rigid,1807270,1809085,1811509,1815,2424,4239,completed,9
26834,Rigid,1807270,1809085,1810638,1815,1553,3368,completed,9
26835,Rigid,1807270,1809085,1811088,1815,2003,3818,completed,9
26836,Rigid,1807270,1809085,1812566,1815,3481,5296,completed,9
26837,Rigid,1807270,1809085,1811006,1815,1921,3736,completed,9
26838,Rigid,1807270,1809085,1814480,1815,5395,7210,completed,9
26839,Rigid,1807270,1809085,1811259,1815,2174,3989,completed,9
26840,Rigid,1807270,1809085,1811694,1815,2609,4424,completed,9
26841,Rigid,1807270,1809085,1812370,1815,3285,5100,completed,9
26842,Rigid,1807270,1809085,1812743,1815,3658,5473,completed,9
26843,Rigid,1807270,1809085,1813183,1815,4098,5913,completed,9
26844,Rigid,1807270,1809085,1812425,1815,3340,5155,completed,9
26845,Rigid,1807270,1809085,1811630,1815,2545,4360,completed,9
26846,Rigid,1807270,1809085,1811143,1815,2058,3873,completed,9
26847,Rigid,1807270,1809085,1812712,1815,3627,5442,completed,9
26848,Rigid,1807270,1809147,1811212,1877,2065,3942,completed,9
26849,Rigid,1807270,1809116,1810734,1846,1618,3464,completed,9
26850,Rigid,1807270,1809116,1811103,1846,1987,3833,completed,9
26851,Rigid,1807270,1809116,1812560,1846,3444,5290,completed,9
26852,Rigid,1807270,1809116,1811812,1846,2696,4542,completed,9
26853,Rigid,1807270,1809116,1812511,1846,3395,5241,completed,9
26854,Rigid,1807270,1809116,1813071,1846,3955,5801,completed,9
26855,Rigid,1807270,1809116,1811591,1846,2475,4321,completed,9
26856,Rigid,1807270,1809116,1811761,1846,2645,4491,completed,9
26857,Rigid,1807270,1809147,1812300,1877,3153,5030,completed,9
26858,Rigid,1807270,1809147,1812289,1877,3142,5019,completed,9
26859,Rigid,1807270,1809147,1812239,1877,3092,4969,completed,9
26860,Rigid,1807270,1809147,1812259,1877,3112,4989,completed,9
26861,Rigid,1807270,1809147,1813395,1877,4248,6125,completed,9
26862,Rigid,1807270,1809147,1815510,1877,6363,8240,completed,9
26863,Rigid,1807270,1809178,1811479,1908,2301,4209,completed,9
26864,Rigid,1807270,1809178,1812288,1908,3110,5018,completed,9
26865,Rigid,1807270,1809178,1812964,1908,3786,5694,completed,9
26866,Rigid,1807270,1809178,1815100,1908,5922,7830,completed,9
26867,Rigid,1807270,1809178,1812946,1908,3768,5676,completed,9
26868,Rigid,1807270,1809178,1814044,1908,4866,6774,completed,9
26869,Rigid,1807270,1809178,1813232,1908,4054,5962,completed,9
26870,Rigid,1807270,1809178,1813020,1908,3842,5750,completed,9
26871,Rigid,1807270,1809178,1814696,1908,5518,7426,completed,9
26872,Rigid,1807270,1809178,1816382,1908,7204,9112,completed,9
26873,Rigid,1807270,1809178,1816382,1908,7204,9112,completed,9
26874,Rigid,1807270,1809178,1815229,1908,6051,7959,completed,9
26875,Rigid,1807270,1809178,1813865,1908,4687,6595,completed,9
26876,Rigid,1807270,1809178,1813936,1908,4758,6666,completed,9
26877,Rigid,1807270,1809178,1812672,1908,3494,5402,completed,9
26878,Rigid,1807270,1809178,1813865,1908,4687,6595,completed,9
26879,Rigid,1807270,1809178,1813406,1908,4228,6136,completed,9
26880,Rigid,1807270,1809178,1812457,1908,3279,5187,completed,9
26881,Rigid,1807270,1809178,1814225,1908,5047,6955,completed,9
26882,Rigid,1807270,1809209,1812691,1939,3482,5421,completed,9
26883,Rigid,1807270,1809240,1814732,1970,5492,7462,completed,9
26884,Rigid,1807270,1809240,1811410,1970,2170,4140,completed,9
26885,Rigid,1807270,1809240,1811906,1970,2666,4636,completed,9
26886,Rigid,1807271,1809270,1813049,1999,3779,5778,completed,9
26887,Rigid,1807271,1809332,1811457,2061,2125,4186,completed,9
26888,Rigid,1807271,1809362,1816562,2091,7200,9291,completed,9
26889,Rigid,1807271,1809362,1814791,2091,5429,7520,completed,9
26890,Rigid,1807271,1809362,1812421,2091,3059,5150,completed,9
26891,Rigid,1807271,1809362,1812540,2091,3178,5269,completed,9
26892,Rigid,1807271,1809362,1813799,2091,4437,6528,completed,9
26893,Rigid,1807271,1809362,1813444,2091,4082,6173,completed,9
26894,Rigid,1807271,1809362,1813901,2091,4539,6630,completed,9
26895,Rigid,1807271,1809362,1813795,2091,4433,6524,completed,9
26896,Rigid,1807271,1809362,1813933,2091,4571,6662,completed,9
26897,Rigid,1807271,1809362,1812368,2091,3006,5097,completed,9
26898,Rigid,1807271,1809362,1811812,2091,2450,4541,completed,9
26899,Rigid,1807271,1809362,1811915,2091,2553,4644,completed,9
26900,Rigid,1807271,1809393,1812292,2122,2899,5021,completed,9
26901,Rigid,1807271,1809455,1811902,2184,2447,4631,completed,9
26902,Rigid,1807271,1809578,1812119,2307,2541,4848,completed,9
26903,Rigid,1807271,1809608,1812029,2337,2421,4758,completed,9
26904,Rigid,1807271,1809670,1812525,2399,2855,5254,completed,9
26905,Rigid,1807271,1809639,1813117,2368,3478,5846,completed,9
26906,Rigid,1807271,1809731,1812578,2460,2847,5307,completed,9
26907,Rigid,1807271,1809762,1812733,2491,2971,5462,completed,9
26908,Rigid,1807271,1809854,1811994,2583,2140,4723,completed,9
26909,Rigid,1807271,1809823,1813105,2552,3282,5834,completed,9
26910,Rigid,1807271,1809885,1813480,2614,3595,6209,completed,9
26911,Rigid,1807271,1809885,1814170,2614,4285,6899,completed,9
26912,Rigid,1807271,1810069,1815087,2798,5018,7816,completed,9
26913,Rigid,1807271,1810130,1812837,2859,2707,5566,completed,9
26914,Rigid,1807271,1810161,1813884,2890,3723,6613,completed,9
26915,Rigid,1807271,1810161,1815250,2890,5089,7979,completed,9
26916,Rigid,1807271,1810191,1813501,2920,3310,6230,completed,9
26917,Rigid,1807271,1810283,1813788,3012,3505,6517,completed,9
26918,Rigid,1807271,1810375,1814113,3104,3738,6842,completed,9
26919,Rigid,1807271,1810375,1813212,3104,2837,5941,completed,9
26920,Rigid,1807271,1810375,1812872,3104,2497,5601,completed,9
26921,Rigid,1807271,1810375,1812732,3104,2357,5461,completed,9
26922,Rigid,1807271,1810375,1811665,3104,1290,4394,completed,9
26923,Rigid,1807271,1810375,1812922,3104,2547,5651,completed,9
26924,Rigid,1807271,1810375,1812601,3104,2226,5330,completed,9
26925,Rigid,1807271,1810375,1812142,3104,1767,4871,completed,9
26926,Rigid,1807271,1810375,1813879,3104,3504,6608,completed,9
26927,Rigid,1807271,1810375,1813248,3104,2873,5977,completed,9
26928,Rigid,1807271,1810406,1813201,3135,2795,5930,completed,9
26929,Rigid,1807271,1810436,1813248,3165,2812,5977,completed,9
26930,Rigid,1807271,1810467,1813272,3196,2805,6001,completed,9
26931,Rigid,1807271,1810467,1813524,3196,3057,6253,completed,9
26932,Rigid,1807271,1810497,1813533,3226,3036,6262,completed,9
26933,Rigid,1807271,1810497,1813260,3226,2763,5989,completed,9
26934,Rigid,1807271,1810528,1816108,3257,5580,8837,completed,9
26935,Rigid,1807271,1810558,1813607,3287,3049,6336,completed,9
26936,Rigid,1807271,1810589,1813222,3318,2633,5951,completed,9
26937,Rigid,1807271,1810589,1814325,3318,3736,7054,completed,9
26938,Rigid,1807271,1810619,1816534,3348,5915,9263,completed,9
26939,Rigid,1807271,1810619,1814538,3348,3919,7267,completed,9
26940,Rigid,1807272,1810650,1813620,3378,2970,6348,completed,9
26941,Rigid,1807272,1810650,1814430,3378,3780,7158,completed,9
26942,Rigid,1807272,1810741,1814329,3469,3588,7057,completed,9
26943,Rigid,1807272,1810741,1815575,3469,4834,8303,completed,9
26944,Rigid,1807272,1810772,1817977,3500,7205,10705,completed,9
26945,Rigid,1807272,1810833,1816402,3561,5569,9130,completed,9
26946,Rigid,1807272,1810833,1815445,3561,4612,8173,completed,9
26947,Rigid,1807272,1810965,1814511,3693,3546,7239,completed,9
26948,Rigid,1807272,1810998,1815171,3726,4173,7899,completed,9
26949,Rigid,1807272,1811032,1815049,3760,4017,7777,completed,9
26950,Rigid,1807272,1811065,1815171,3793,4106,7899,completed,9
26951,Rigid,1807272,1811097,1815116,3825,4019,7844,completed,9
26952,Rigid,1807272,1811130,1815008,3858,3878,7736,completed,9
26953,Rigid,1807272,1811162,1815758,3890,4596,8486,completed,9
26954,Rigid,1807272,1811162,1814485,3890,3323,7213,completed,9
26955,Rigid,1807272,1811195,1817286,3923,6091,10014,completed,9
26956,Rigid,1807272,1811228,1814085,3956,2857,6813,completed,9
26957,Rigid,1807272,1811260,1813909,3988,2649,6637,completed,9
26958,Rigid,1807272,1811293,1813503,4021,2210,6231,completed,9
26959,Rigid,1807272,1811293,1813447,4021,2154,6175,completed,9
26960,Rigid,1807272,1811358,1815560,4086,4202,8288,completed,9
26961,Rigid,1807272,1811390,1815155,4118,3765,7883,completed,9
26962,Rigid,1807272,1811423,1815319,4151,3896,8047,completed,9
26963,Rigid,1807272,1811455,1815621,4183,4166,8349,completed,9
26964,Rigid,1807272,1811488,1816354,4216,4866,9082,completed,9
26965,Rigid,1807272,1811488,1814582,4216,3094,7310,completed,9
26966,Rigid,1807272,1811520,1816141,4248,4621,8869,completed,9
26967,Rigid,1807272,1811551,1815715,4279,4164,8443,completed,9
26968,Rigid,1807272,1811615,1813451,4343,1836,6179,completed,9
26969,Rigid,1807272,1811647,1816022,4375,4375,8750,completed,9
26970,Rigid,1807272,1811679,1815269,4407,3590,7997,completed,9
26971,Rigid,1807272,1811711,1815037,4439,3326,7765,completed,9
26972,Rigid,1807272,1811776,1815012,4504,3236,7740,completed,9
26973,Rigid,1807272,1811841,1812878,4569,1037,5606,completed,9
26974,Rigid,1807272,1811841,1813509,4569,1668,6237,completed,9
26975,Rigid,1807272,1811841,1813341,4569,1500,6069,completed,9
26976,Rigid,1807272,1811906,1814986,4634,3080,7714,completed,9
26977,Rigid,1807272,1811906,1816133,4634,4227,8861,completed,9
26978,Rigid,1807272,1811906,1814192,4634,2286,6920,completed,9
26979,Rigid,1807272,1811938,1814120,4666,2182,6848,completed,9
26980,Rigid,1807272,1811938,1814738,4666,2800,7466,completed,9
26981,Rigid,1807272,1811938,1816566,4666,4628,9294,completed,9
26982,Rigid,1807272,1812001,1814155,4729,2154,6883,completed,9
26983,Rigid,1807272,1812001,1816306,4729,4305,9034,completed,9
26984,Rigid,1807272,1812033,1816732,4761,4699,9460,completed,9
26985,Rigid,1807272,1812033,1813676,4761,1643,6404,completed,9
26986,Rigid,1807272,1812096,1816142,4824,4046,8870,completed,9
26987,Rigid,1807272,1812096,1816493,4824,4397,9221,completed,9
26988,Rigid,1807272,1812128,1816687,4856,4559,9415,completed,9
26989,Rigid,1807272,1812160,1814145,4888,1985,6873,completed,9
26990,Rigid,1807272,1812191,1814087,4919,1896,6815,completed,9
26991,Rigid,1807272,1812254,1814654,4982,2400,7382,completed,9
26992,Rigid,1807272,1812317,1815572,5045,3255,8300,completed,9
26993,Rigid,1807272,1812317,1814539,5045,2222,7267,completed,9
26994,Rigid,1807392,1807392,1807396,0,4,4,completed,1
26995,Rigid,1807552,1807574,1807725,22,151,173,completed,36
26996,Rigid,1807922,1807935,1807947,13,12,25,completed,36
26997,Rigid,1808143,1808164,1808185,21,21,42,completed,36
26998,Rigid,1808221,1808229,1808240,8,11,19,completed,36
26999,Rigid,1808599,1808627,1808795,28,168,196,completed,36
27000,Rigid,1808834,1818709,1908709,9875,90000,99875,completed,36
27001,Rigid,1808966,1809117,1809334,151,217,368,completed,36
27002,Rigid,1809278,1809278,1809281,0,3,3,completed,1
27003,Rigid,1809348,1809348,1809352,0,4,4,completed,1
27004,Rigid,1809746,1809747,1809750,1,3,4,completed,1
27005,Rigid,1809794,1809794,1809797,0,3,3,completed,1
27006,Rigid,1810039,1819494,1964304,9455,144810,154265,completed,36
27007,Rigid,1810182,1810183,1810185,1,2,3,completed,1
27008,Rigid,1810202,1819524,1927624,9322,108100,117422,completed,36
27009,Rigid,1810215,1810215,1810217,0,2,2,completed,1
27010,Rigid,1810231,1810375,1906394,144,96019,96163,completed,72
27011,Rigid,1810412,1820127,1935350,9715,115223,124938,completed,36
27012,Rigid,1810762,1810762,1810765,0,3,3,completed,1
27013,Rigid,1810813,1810813,1810819,0,6,6,completed,1
27014,Rigid,1810815,1812317,1813804,1502,1487,2989,completed,9
27015,Rigid,1810815,1812317,1814763,1502,2446,3948,completed,9
27016,Rigid,1810815,1812349,1814715,1534,2366,3900,completed,9
27017,Rigid,1810815,1812380,1815328,1565,2948,4513,completed,9
27018,Rigid,1810815,1812380,1816336,1565,3956,5521,completed,9
27019,Rigid,1810815,1812412,1815329,1597,2917,4514,completed,9
27020,Rigid,1810815,1812444,1815902,1629,3458,5087,completed,9
27021,Rigid,1810815,1812444,1815495,1629,3051,4680,completed,9
27022,Rigid,1810815,1812475,1815213,1660,2738,4398,completed,9
27023,Rigid,1810815,1812538,1815169,1723,2631,4354,completed,9
27024,Rigid,1810815,1812538,1815008,1723,2470,4193,completed,9
27025,Rigid,1810815,1812570,1815880,1755,3310,5065,completed,9
27026,Rigid,1810815,1812570,1818656,1755,6086,7841,completed,9
27027,Rigid,1810815,1812570,1814882,1755,2312,4067,completed,9
27028,Rigid,1810815,1812633,1815209,1818,2576,4394,completed,9
27029,Rigid,1810815,1812602,1816755,1787,4153,5940,completed,9
27030,Rigid,1810815,1812697,1817562,1882,4865,6747,completed,9
27031,Rigid,1810815,1812729,1816709,1914,3980,5894,completed,9
27032,Rigid,1810815,1812761,1816249,1946,3488,5434,completed,9
27033,Rigid,1810815,1812761,1816375,1946,3614,5560,completed,9
27034,Rigid,1810815,1812761,1816322,1946,3561,5507,completed,9
27035,Rigid,1810815,1812761,1816820,1946,4059,6005,completed,9
27036,Rigid,1810815,1812856,1819027,2041,6171,8212,completed,9
27037,Rigid,1810815,1812856,1818638,2041,5782,7823,completed,9
27038,Rigid,1810815,1812887,1817538,2072,4651,6723,completed,9
27039,Rigid,1810815,1812887,1816214,2072,3327,5399,completed,9
27040,Rigid,1810815,1812919,1816711,2104,3792,5896,completed,9
27041,Rigid,1810815,1812951,1816998,2136,4047,6183,completed,9
27042,Rigid,1810815,1813045,1817069,2230,4024,6254,completed,9
27043,Rigid,1810815,1813077,1817199,2262,4122,6384,completed,9
27044,Rigid,1810815,1813077,1817979,2262,4902,7164,completed,9
27045,Rigid,1810815,1813108,1817571,2293,4463,6756,completed,9
27046,Rigid,1810815,1813140,1816607,2325,3467,5792,completed,9
27047,Rigid,1810815,1813140,1818670,2325,5530,7855,completed,9
27048,Rigid,1810815,1813203,1816375,2388,3172,5560,completed,9
27049,Rigid,1810815,1813203,1815492,2388,2289,4677,completed,9
27050,Rigid,1810815,1813235,1815540,2420,2305,4725,completed,9
27051,Rigid,1810815,1813235,1815188,2420,1953,4373,completed,9
27052,Rigid,1810815,1813266,1818308,2451,5042,7493,completed,9
27053,Rigid,1810815,1813266,1817090,2451,3824,6275,completed,9
27054,Rigid,1810815,1813266,1817222,2451,3956,6407,completed,9
27055,Rigid,1810815,1813298,1817153,2483,3855,6338,completed,9
27056,Rigid,1810815,1813361,1818155,2546,4794,7340,completed,9
27057,Rigid,1810815,1813361,1816224,2546,2863,5409,completed,9
27058,Rigid,1810815,1813425,1817915,2610,4490,7100,completed,9
27059,Rigid,1810815,1813456,1817882,2641,4426,7067,completed,9
27060,Rigid,1810815,1813456,1815411,2641,1955,4596,completed,9
27061,Rigid,1810815,1813456,1818690,2641,5234,7875,completed,9
27062,Rigid,1810815,1813488,1818690,2673,5202,7875,completed,9
27063,Rigid,1810815,1813519,1817609,2704,4090,6794,completed,9
27064,Rigid,1810815,1813519,1817141,2704,3622,6326,completed,9
27065,Rigid,1810815,1813519,1815405,2704,1886,4590,completed,9
27066,Rigid,1810815,1813551,1815582,2736,2031,4767,completed,9
27067,Rigid,1810815,1813551,1815159,2736,1608,4344,completed,9
27068,Rigid,1810815,1813582,1816520,2767,2938,5705,completed,9
27069,Rigid,1810815,1813614,1818879,2799,5265,8064,completed,9
27070,Rigid,1810815,1813645,1815877,2830,2232,5062,completed,9
27071,Rigid,1810815,1813677,1816698,2862,3021,5883,completed,9
27072,Rigid,1810815,1813803,1817250,2988,3447,6435,completed,9
27073,Rigid,1810815,1813803,1817360,2988,3557,6545,completed,9
27074,Rigid,1810815,1813803,1816252,2988,2449,5437,completed,9
27075,Rigid,1810815,1813834,1817972,3019,4138,7157,completed,9
27076,Rigid,1810816,1813897,1818214,3081,4317,7398,completed,9
27077,Rigid,1810816,1813897,1815575,3081,1678,4759,completed,9
27078,Rigid,1810816,1813897,1817861,3081,3964,7045,completed,9
27079,Rigid,1810816,1813929,1818192,3113,4263,7376,completed,9
27080,Rigid,1810816,1813929,1817545,3113,3616,6729,completed,9
27081,Rigid,1810816,1813960,1816227,3144,2267,5411,completed,9
27082,Rigid,1810816,1814087,1815868,3271,1781,5052,completed,9
27083,Rigid,1810816,1814118,1817629,3302,3511,6813,completed,9
27084,Rigid,1810816,1814118,1817538,3302,3420,6722,completed,9
27085,Rigid,1810816,1814150,1816366,3334,2216,5550,completed,9
27086,Rigid,1810816,1814150,1815526,3334,1376,4710,completed,9
27087,Rigid,1810816,1814181,1816346,3365,2165,5530,completed,9
27088,Rigid,1810816,1814181,1816999,3365,2818,6183,completed,9
27089,Rigid,1810816,1814213,1816519,3397,2306,5703,completed,9
27090,Rigid,1810816,1814244,1817702,3428,3458,6886,completed,9
27091,Rigid,1810816,1814339,1816721,3523,2382,5905,completed,9
27092,Rigid,1810816,1814339,1817363,3523,3024,6547,completed,9
27093,Rigid,1810816,1814402,1817284,3586,2882,6468,completed,9
27094,Rigid,1810816,1814433,1817544,3617,3111,6728,completed,9
27095,Rigid,1810816,1814496,1817889,3680,3393,7073,completed,9
27096,Rigid,1810816,1814496,1817457,3680,2961,6641,completed,9
27097,Rigid,1810816,1814527,1817168,3711,2641,6352,completed,9
27098,Rigid,1810816,1814559,1819215,3743,4656,8399,completed,9
27099,Rigid,1810816,1814559,1817523,3743,2964,6707,completed,9
27100,Rigid,1810816,1814590,1818017,3774,3427,7201,completed,9
27101,Rigid,1810816,1814684,1818967,3868,4283,8151,completed,9
27102,Rigid,1810816,1814747,1819542,3931,4795,8726,completed,9
27103,Rigid,1810816,1814747,1819206,3931,4459,8390,completed,9
27104,Rigid,1810816,1814747,1818300,3931,3553,7484,completed,9
27105,Rigid,1810816,1814778,1816878,3962,2100,6062,completed,9
27106,Rigid,1810816,1814809,1816721,3993,1912,5905,completed,9
27107,Rigid,1810816,1814903,1816929,4087,2026,6113,completed,9
27108,Rigid,1810816,1814997,1818767,4181,3770,7951,completed,9
27109,Rigid,1810816,1815028,1819400,4212,4372,8584,completed,9
27110,Rigid,1810816,1815028,1820062,4212,5034,9246,completed,9
27111,Rigid,1810816,1815028,1817382,4212,2354,6566,completed,9
27112,Rigid,1810816,1815059,1818210,4243,3151,7394,completed,9
27113,Rigid,1810816,1815059,1818354,4243,3295,7538,completed,9
27114,Rigid,1810816,1815090,1818441,4274,3351,7625,completed,9
27115,Rigid,1810816,1815121,1818566,4305,3445,7750,completed,9
27116,Rigid,1810816,1815184,1818291,4368,3107,7475,completed,9
27117,Rigid,1810816,1815184,1818398,4368,3214,7582,completed,9
27118,Rigid,1810816,1815184,1818779,4368,3595,7963,completed,9
27119,Rigid,1810816,1815184,1818812,4368,3628,7996,completed,9
27120,Rigid,1810816,1815184,1817958,4368,2774,7142,completed,9
27121,Rigid,1810816,1815215,1817440,4399,2225,6624,completed,9
27122,Rigid,1810816,1815215,1817227,4399,2012,6411,completed,9
27123,Rigid,1810816,1815215,1817156,4399,1941,6340,completed,9
27124,Rigid,1810816,1815277,1820092,4461,4815,9276,completed,9
27125,Rigid,1810816,1815277,1819153,4461,3876,8337,completed,9
27126,Rigid,1810816,1815339,1818419,4523,3080,7603,completed,9
27127,Rigid,1810816,1815339,1818088,4523,2749,7272,completed,9
27128,Rigid,1810816,1815339,1819955,4523,4616,9139,completed,9
27129,Rigid,1810816,1815402,1818039,4586,2637,7223,completed,9
27130,Rigid,1810816,1815402,1819272,4586,3870,8456,completed,9
27131,Rigid,1810816,1815402,1819854,4586,4452,9038,completed,9
27132,Rigid,1810816,1815402,1817624,4586,2222,6808,completed,9
27133,Rigid,1810816,1815402,1819935,4586,4533,9119,completed,9
27134,Rigid,1810816,1815402,1819723,4586,4321,8907,completed,9
27135,Rigid,1810816,1815402,1819015,4586,3613,8199,completed,9
27136,Rigid,1810816,1815402,1818825,4586,3423,8009,completed,9
27137,Rigid,1810816,1815402,1817345,4586,1943,6529,completed,9
27138,Rigid,1810816,1815402,1817275,4586,1873,6459,completed,9
27139,Rigid,1810816,1815402,1817364,4586,1962,6548,completed,9
27140,Rigid,1810816,1815402,1817874,4586,2472,7058,completed,9
27141,Rigid,1810816,1815402,1817937,4586,2535,7121,completed,9
27142,Rigid,1810816,1815402,1817248,4586,1846,6432,completed,9
27143,Rigid,1810817,1815402,1816233,4585,831,5416,completed,9
27144,Rigid,1810817,1815402,1816359,4585,957,5542,completed,9
27145,Rigid,1810817,1815402,1818115,4585,2713,7298,completed,9
27146,Rigid,1810817,1815402,1818145,4585,2743,7328,completed,9
27147,Rigid,1810817,1815402,1818281,4585,2879,7464,completed,9
27148,Rigid,1810817,1815402,1817141,4585,1739,6324,completed,9
27149,Rigid,1810817,1815402,1818642,4585,3240,7825,completed,9
27150,Rigid,1810817,1815402,1819017,4585,3615,8200,completed,9
27151,Rigid,1810817,1815402,1817223,4585,1821,6406,completed,9
27152,Rigid,1810817,1815402,1819230,4585,3828,8413,completed,9
27153,Rigid,1810817,1815402,1819186,4585,3784,8369,completed,9
27154,Rigid,1810817,1815402,1819063,4585,3661,8246,completed,9
27155,Rigid,1810817,1815402,1817182,4585,1780,6365,completed,9
27156,Rigid,1810817,1815402,1816971,4585,1569,6154,completed,9
27157,Rigid,1810817,1815402,1817132,4585,1730,6315,completed,9
27158,Rigid,1810817,1815402,1817368,4585,1966,6551,completed,9
27159,Rigid,1810817,1815402,1817051,4585,1649,6234,completed,9
27160,Rigid,1810817,1815402,1816875,4585,1473,6058,completed,9
27161,Rigid,1810817,1815402,1816926,4585,1524,6109,completed,9
27162,Rigid,1810817,1815402,1817111,4585,1709,6294,completed,9
27163,Rigid,1810817,1815402,1817263,4585,1861,6446,completed,9
27164,Rigid,1810817,1815402,1816782,4585,1380,5965,completed,9
27165,Rigid,1810817,1815402,1816755,4585,1353,5938,completed,9
27166,Rigid,1810817,1815402,1816570,4585,1168,5753,completed,9
27167,Rigid,1810817,1815402,1816546,4585,1144,5729,completed,9
27168,Rigid,1810817,1815402,1816697,4585,1295,5880,completed,9
27169,Rigid,1810817,1815402,1817036,4585,1634,6219,completed,9
27170,Rigid,1810817,1815433,1817986,4616,2553,7169,completed,9
27171,Rigid,1810817,1815433,1817943,4616,2510,7126,completed,9
27172,Rigid,1810817,1815464,1817738,4647,2274,6921,completed,9
27173,Rigid,1810817,1815558,1817450,4741,1892,6633,completed,9
27174,Rigid,1810817,1815527,1817443,4710,1916,6626,completed,9
27175,Rigid,1810817,1815527,1817357,4710,1830,6540,completed,9
27176,Rigid,1810817,1815527,1817203,4710,1676,6386,completed,9
27177,Rigid,1810817,1815558,1816943,4741,1385,6126,completed,9
27178,Rigid,1810817,1815590,1816870,4773,1280,6053,completed,9
27179,Rigid,1810817,1815590,1816847,4773,1257,6030,completed,9
27180,Rigid,1810817,1815590,1817460,4773,1870,6643,completed,9
27181,Rigid,1810817,1815590,1817332,4773,1742,6515,completed,9
27182,Rigid,1810817,1815590,1817481,4773,1891,6664,completed,9
27183,Rigid,1810817,1815653,1817898,4836,2245,7081,completed,9
27184,Rigid,1810817,1815747,1818171,4930,2424,7354,completed,9
27185,Rigid,1810817,1815778,1817687,4961,1909,6870,completed,9
27186,Rigid,1810817,1815872,1817593,5055,1721,6776,completed,9
27187,Rigid,1810817,1815935,1817935,5118,2000,7118,completed,9
27188,Rigid,1810817,1815904,1817753,5087,1849,6936,completed,9
27189,Rigid,1810817,1815904,1818409,5087,2505,7592,completed,9
27190,Rigid,1810817,1816029,1817896,5212,1867,7079,completed,9
27191,Rigid,1810817,1816122,1818102,5305,1980,7285,completed,9
27192,Rigid,1810817,1816153,1817764,5336,1611,6947,completed,9
27193,Rigid,1810817,1816246,1817436,5429,1190,6619,completed,9
27194,Rigid,1810817,1816246,1817625,5429,1379,6808,completed,9
27195,Rigid,1810817,1816277,1817931,5460,1654,7114,completed,9
27196,Rigid,1810817,1816308,1818530,5491,2222,7713,completed,9
27197,Rigid,1810817,1816338,1818149,5521,1811,7332,completed,9
27198,Rigid,1810817,1816339,1818006,5522,1667,7189,completed,9
27199,Rigid,1810817,1816370,1817987,5553,1617,7170,completed,9
27200,Rigid,1810817,1816370,1818849,5553,2479,8032,completed,9
27201,Rigid,1810817,1816370,1818331,5553,1961,7514,completed,9
27202,Rigid,1810817,1816370,1818461,5553,2091,7644,completed,9
27203,Rigid,1810817,1816370,1817874,5553,1504,7057,completed,9
27204,Rigid,1810817,1816370,1817492,5553,1122,6675,completed,9
27205,Rigid,1810817,1816370,1818802,5553,2432,7985,completed,9
27206,Rigid,1810817,1816401,1818454,5584,2053,7637,completed,9
27207,Rigid,1810817,1816401,1818284,5584,1883,7467,completed,9
27208,Rigid,1810818,1816432,1818104,5614,1672,7286,completed,9
27209,Rigid,1810818,1816524,1818754,5706,2230,7936,completed,9
27210,Rigid,1810818,1816524,1817985,5706,1461,7167,completed,9
27211,Rigid,1810818,1816524,1818090,5706,1566,7272,completed,9
27212,Rigid,1810818,1816586,1818378,5768,1792,7560,completed,9
27213,Rigid,1810818,1816740,1818491,5922,1751,7673,completed,9
27214,Rigid,1810818,1816709,1818092,5891,1383,7274,completed,9
27215,Rigid,1810818,1816740,1818879,5922,2139,8061,completed,9
27216,Rigid,1810818,1816740,1818112,5922,1372,7294,completed,9
27217,Rigid,1810818,1816740,1818476,5922,1736,7658,completed,9
27218,Rigid,1810818,1816771,1818156,5953,1385,7338,completed,9
27219,Rigid,1810818,1816771,1818851,5953,2080,8033,completed,9
27220,Rigid,1810818,1816771,1818978,5953,2207,8160,completed,9
27221,Rigid,1810818,1816832,1818200,6014,1368,7382,completed,9
27222,Rigid,1810818,1816832,1818703,6014,1871,7885,completed,9
27223,Rigid,1810818,1816833,1818863,6015,2030,8045,completed,9
27224,Rigid,1810818,1816833,1818681,6015,1848,7863,completed,9
27225,Rigid,1810818,1816833,1818157,6015,1324,7339,completed,9
27226,Rigid,1810818,1816833,1818184,6015,1351,7366,completed,9
27227,Rigid,1810818,1816833,1818521,6015,1688,7703,completed,9
27228,Rigid,1810818,1816833,1817971,6015,1138,7153,completed,9
27229,Rigid,1810818,1816833,1817924,6015,1091,7106,completed,9
27230,Rigid,1810828,1819162,1819280,8334,118,8452,completed,144
27231,Rigid,1810947,1883693,1885911,72746,2218,74964,completed,288
27232,Rigid,1811023,1819283,1822683,8260,3400,11660,completed,144
27233,Rigid,1811079,1819796,1821578,8717,1782,10499,completed,288
27234,Rigid,1811155,1811159,1811161,4,2,6,completed,1
27235,Rigid,1811160,1821598,1823064,10438,1466,11904,completed,144
27236,Rigid,1811330,1811330,1811543,0,213,213,completed,36
27237,Rigid,1811526,1811526,1811529,0,3,3,completed,1
27238,Rigid,1811811,1831574,1831585,19763,11,19774,completed,36
27239,Rigid,1811835,1811836,1812055,1,219,220,completed,36
27240,Rigid,1811943,1883693,1885868,71750,2175,73925,completed,288
27241,Rigid,1812024,1812024,1812027,0,3,3,completed,1
27242,Rigid,1812209,1812210,1812219,1,9,10,completed,36
27243,Rigid,1812383,1831587,1831593,19204,6,19210,completed,36
27244,Rigid,1812439,1885913,1886436,73474,523,73997,completed,288
27245,Rigid,1812477,1812478,1812480,1,2,3,completed,1
27246,Rigid,1812493,1831771,1945132,19278,113361,132639,completed,36
27247,Rigid,1812493,1845109,1932300,32616,87191,119807,completed,36
27248,Rigid,1812493,1848604,1966506,36111,117902,154013,completed,36
27249,Rigid,1812513,1812513,1812521,0,8,8,completed,36
27250,Rigid,1812545,1818588,1819766,6043,1178,7221,completed,144
27251,Rigid,1812671,1812671,1812676,0,5,5,completed,36
27252,Rigid,1812938,1812939,1813152,1,213,214,completed,36
27253,Rigid,1813141,1813143,1813146,2,3,5,completed,1
27254,Rigid,1813205,1813205,1813415,0,210,210,completed,36
27255,Rigid,1813552,1816153,1819753,2601,3600,6201,completed,12
27256,Rigid,1813905,1813906,1813909,1,3,4,completed,1
27257,Rigid,1814200,1814431,1814435,231,4,235,completed,36
27258,Rigid,1814355,1820097,1820108,5742,11,5753,completed,36
27259,Rigid,1814579,1814580,1814583,1,3,4,completed,1
27260,Rigid,1815014,1815271,1815273,257,2,259,completed,36
27261,Rigid,1815378,1815378,1818559,0,3181,3181,completed,144
27262,Rigid,1815556,1815557,1815561,1,4,5,completed,1
27263,Rigid,1815560,1816351,1816353,791,2,793,completed,36
27264,Rigid,1815889,1843383,1938331,27494,94948,122442,completed,252
27265,Rigid,1815890,1845584,1979325,29694,133741,163435,completed,252
27266,Rigid,1815891,1847554,2025595,31663,178041,209704,completed,252
27267,Rigid,1815892,1848876,1986215,32984,137339,170323,completed,252
27268,Rigid,1815893,1853486,2009579,37593,156093,193686,completed,252
27269,Rigid,1816313,1816313,1816321,0,8,8,completed,1
27270,Rigid,1816519,1829909,1832306,13390,2397,15787,completed,144
27271,Rigid,1816783,1818347,1818350,1564,3,1567,completed,36
27272,Rigid,1816827,1817370,1818577,543,1207,1750,completed,36
27273,Rigid,1816905,1817916,1819117,1011,1201,2212,completed,36
27274,Rigid,1816935,1817936,1819147,1001,1211,2212,completed,36
27275,Rigid,1816961,1817938,1819147,977,1209,2186,completed,36
27276,Rigid,1816984,1818201,1819417,1217,1216,2433,completed,36
27277,Rigid,1817182,1817182,1817186,0,4,4,completed,1
27278,Rigid,1817702,1818282,1819507,580,1225,1805,completed,36
27279,Rigid,1817839,1818377,1818675,538,298,836,completed,36
27280,Rigid,1817946,1818588,1854951,642,36363,37005,completed,36
27281,Rigid,1818136,1818709,1855015,573,36306,36879,completed,36
27282,Rigid,1818372,1818679,1818687,307,8,315,completed,36
27283,Rigid,1818494,1818494,1818500,0,6,6,completed,36
27284,Rigid,1818688,1818688,1818695,0,7,7,completed,1
27285,Rigid,1818730,1818770,1855272,40,36502,36542,completed,36
27286,Rigid,1818735,1818800,1855187,65,36387,36452,completed,36
27287,Rigid,1818746,1818830,1855019,84,36189,36273,completed,36
27288,Rigid,1818753,1818830,1854956,77,36126,36203,completed,36
27289,Rigid,1818754,1818755,1818758,1,3,4,completed,36
27290,Rigid,1818832,1818890,1855158,58,36268,36326,completed,36
27291,Rigid,1818839,1818921,1855384,82,36463,36545,completed,36
27292,Rigid,1818847,1818981,1855351,134,36370,36504,completed,36
27293,Rigid,1818854,1818981,1855045,127,36064,36191,completed,36
27294,Rigid,1818863,1819162,1855678,299,36516,36815,completed,36
27295,Rigid,1818870,1819162,1855647,292,36485,36777,completed,36
27296,Rigid,1818881,1819222,1855663,341,36441,36782,completed,36
27297,Rigid,1818889,1818890,1818897,1,7,8,completed,36
27298,Rigid,1819138,1819139,1819160,1,21,22,completed,36
27299,Rigid,1819188,1819188,1819194,0,6,6,completed,1
27300,Rigid,1819336,1819337,1819560,1,223,224,completed,36
27301,Rigid,1819379,1819379,1819383,0,4,4,completed,1
27302,Rigid,1819384,1819403,1819406,19,3,22,completed,36
27303,Rigid,1819470,1819494,1819497,24,3,27,completed,36
27304,Rigid,1819493,1819493,1819496,0,3,3,completed,1
27305,Rigid,1819548,1819548,1821352,0,1804,1804,completed,72
27306,Rigid,1819576,1819577,1819628,1,51,52,completed,36
27307,Rigid,1820041,1820044,1820048,3,4,7,completed,1
27308,Rigid,1820052,1820052,1820081,0,29,29,completed,36
27309,Rigid,1820341,1820344,1820350,3,6,9,completed,1
27310,Rigid,1820345,1820368,1821338,23,970,993,completed,9
27311,Rigid,1820345,1820368,1821083,23,715,738,completed,9
27312,Rigid,1820345,1820368,1821825,23,1457,1480,completed,9
27313,Rigid,1820345,1820368,1821535,23,1167,1190,completed,9
27314,Rigid,1820346,1820368,1821834,22,1466,1488,completed,9
27315,Rigid,1820346,1820368,1822076,22,1708,1730,completed,9
27316,Rigid,1820346,1820368,1821801,22,1433,1455,completed,9
27317,Rigid,1820346,1820368,1821687,22,1319,1341,completed,9
27318,Rigid,1820346,1820368,1821493,22,1125,1147,completed,9
27319,Rigid,1820346,1820368,1821589,22,1221,1243,completed,9
27320,Rigid,1820346,1820368,1821564,22,1196,1218,completed,9
27321,Rigid,1820346,1820368,1822060,22,1692,1714,completed,9
27322,Rigid,1820346,1820368,1822129,22,1761,1783,completed,9
27323,Rigid,1820346,1820368,1822251,22,1883,1905,completed,9
27324,Rigid,1820346,1820368,1821946,22,1578,1600,completed,9
27325,Rigid,1820346,1820368,1822111,22,1743,1765,completed,9
27326,Rigid,1820346,1820368,1821976,22,1608,1630,completed,9
27327,Rigid,1820346,1820368,1821713,22,1345,1367,completed,9
27328,Rigid,1820346,1820368,1821535,22,1167,1189,completed,9
27329,Rigid,1820346,1820368,1821637,22,1269,1291,completed,9
27330,Rigid,1820346,1820368,1821679,22,1311,1333,completed,9
27331,Rigid,1820346,1820368,1821616,22,1248,1270,completed,9
27332,Rigid,1820346,1820368,1822017,22,1649,1671,completed,9
27333,Rigid,1820346,1820368,1821944,22,1576,1598,completed,9
27334,Rigid,1820346,1820368,1821902,22,1534,1556,completed,9
27335,Rigid,1820346,1820368,1822100,22,1732,1754,completed,9
27336,Rigid,1820346,1820368,1822039,22,1671,1693,completed,9
27337,Rigid,1820346,1820368,1821840,22,1472,1494,completed,9
27338,Rigid,1820346,1820368,1821881,22,1513,1535,completed,9
27339,Rigid,1820347,1821503,1822359,1156,856,2012,completed,9
27340,Rigid,1820347,1821690,1822647,1343,957,2300,completed,9
27341,Rigid,1820347,1820368,1821999,21,1631,1652,completed,9
27342,Rigid,1820347,1820368,1821986,21,1618,1639,completed,9
27343,Rigid,1820347,1820368,1821922,21,1554,1575,completed,9
27344,Rigid,1820347,1820368,1821947,21,1579,1600,completed,9
27345,Rigid,1820347,1820368,1821795,21,1427,1448,completed,9
27346,Rigid,1820347,1820368,1821430,21,1062,1083,completed,9
27347,Rigid,1820347,1820368,1821439,21,1071,1092,completed,9
27348,Rigid,1820347,1820368,1821623,21,1255,1276,completed,9
27349,Rigid,1820347,1820368,1821492,21,1124,1145,completed,9
27350,Rigid,1820347,1820368,1821839,21,1471,1492,completed,9
27351,Rigid,1820347,1820368,1821989,21,1621,1642,completed,9
27352,Rigid,1820347,1820368,1821676,21,1308,1329,completed,9
27353,Rigid,1820347,1820368,1821959,21,1591,1612,completed,9
27354,Rigid,1820347,1820368,1822118,21,1750,1771,completed,9
27355,Rigid,1820347,1820714,1822504,367,1790,2157,completed,9
27356,Rigid,1820347,1820714,1822505,367,1791,2158,completed,9
27357,Rigid,1820347,1820714,1822195,367,1481,1848,completed,9
27358,Rigid,1820347,1820714,1822039,367,1325,1692,completed,9
27359,Rigid,1820347,1820937,1822853,590,1916,2506,completed,9
27360,Rigid,1820347,1820937,1822646,590,1709,2299,completed,9
27361,Rigid,1820347,1820937,1822359,590,1422,2012,completed,9
27362,Rigid,1820347,1820937,1822354,590,1417,2007,completed,9
27363,Rigid,1820347,1821000,1822347,653,1347,2000,completed,9
27364,Rigid,1820347,1821000,1822351,653,1351,2004,completed,9
27365,Rigid,1820347,1821000,1822524,653,1524,2177,completed,9
27366,Rigid,1820347,1821000,1822539,653,1539,2192,completed,9
27367,Rigid,1820347,1821095,1822715,748,1620,2368,completed,9
27368,Rigid,1820347,1821346,1822524,999,1178,2177,completed,9
27369,Rigid,1820347,1821471,1822797,1124,1326,2450,completed,9
27370,Rigid,1820347,1821471,1822793,1124,1322,2446,completed,9
27371,Rigid,1820347,1821503,1823310,1156,1807,2963,completed,9
27372,Rigid,1820347,1821565,1823441,1218,1876,3094,completed,9
27373,Rigid,1820347,1821596,1823664,1249,2068,3317,completed,9
27374,Rigid,1820347,1821565,1822812,1218,1247,2465,completed,9
27375,Rigid,1820347,1821596,1823242,1249,1646,2895,completed,9
27376,Rigid,1820347,1821628,1823023,1281,1395,2676,completed,9
27377,Rigid,1820347,1821628,1823004,1281,1376,2657,completed,9
27378,Rigid,1820347,1821659,1822856,1312,1197,2509,completed,9
27379,Rigid,1820347,1821690,1822921,1343,1231,2574,completed,9
27380,Rigid,1820347,1821690,1822807,1343,1117,2460,completed,9
27381,Rigid,1820348,1821722,1822434,1374,712,2086,completed,9
27382,Rigid,1820348,1821722,1822432,1374,710,2084,completed,9
27383,Rigid,1820348,1821846,1822800,1498,954,2452,completed,9
27384,Rigid,1820348,1821846,1822682,1498,836,2334,completed,9
27385,Rigid,1820348,1821846,1822525,1498,679,2177,completed,9
27386,Rigid,1820348,1821846,1822664,1498,818,2316,completed,9
27387,Rigid,1820348,1821909,1822770,1561,861,2422,completed,9
27388,Rigid,1820348,1821909,1822870,1561,961,2522,completed,9
27389,Rigid,1820348,1821971,1822955,1623,984,2607,completed,9
27390,Rigid,1820348,1822003,1822854,1655,851,2506,completed,9
27391,Rigid,1820348,1822003,1822957,1655,954,2609,completed,9
27392,Rigid,1820348,1822375,1823152,2027,777,2804,completed,9
27393,Rigid,1820348,1822375,1823128,2027,753,2780,completed,9
27394,Rigid,1820348,1822375,1823099,2027,724,2751,completed,9
27395,Rigid,1820348,1822532,1823301,2184,769,2953,completed,9
27396,Rigid,1820348,1822532,1823275,2184,743,2927,completed,9
27397,Rigid,1820348,1822532,1823291,2184,759,2943,completed,9
27398,Rigid,1820348,1822689,1823635,2341,946,3287,completed,9
27399,Rigid,1820348,1822689,1823483,2341,794,3135,completed,9
27400,Rigid,1820348,1822720,1823641,2372,921,3293,completed,9
27401,Rigid,1820348,1822783,1823782,2435,999,3434,completed,9
27402,Rigid,1820348,1822814,1823371,2466,557,3023,completed,9
27403,Rigid,1820348,1822814,1823606,2466,792,3258,completed,9
27404,Rigid,1820348,1822814,1823479,2466,665,3131,completed,9
27405,Rigid,1820348,1821722,1822815,1374,1093,2467,completed,9
27406,Rigid,1820348,1821722,1822817,1374,1095,2469,completed,9
27407,Rigid,1820348,1821722,1822916,1374,1194,2568,completed,9
27408,Rigid,1820348,1821815,1822888,1467,1073,2540,completed,9
27409,Rigid,1820348,1821815,1822863,1467,1048,2515,completed,9
27410,Rigid,1820348,1821940,1823123,1592,1183,2775,completed,9
27411,Rigid,1820348,1821971,1823436,1623,1465,3088,completed,9
27412,Rigid,1820348,1821971,1823362,1623,1391,3014,completed,9
27413,Rigid,1820348,1821971,1823177,1623,1206,2829,completed,9
27414,Rigid,1820348,1822003,1823177,1655,1174,2829,completed,9
27415,Rigid,1820348,1822003,1823236,1655,1233,2888,completed,9
27416,Rigid,1820348,1822033,1823061,1685,1028,2713,completed,9
27417,Rigid,1820348,1822064,1823242,1716,1178,2894,completed,9
27418,Rigid,1820348,1822064,1823226,1716,1162,2878,completed,9
27419,Rigid,1820348,1822064,1823111,1716,1047,2763,completed,9
27420,Rigid,1820348,1822095,1823399,1747,1304,3051,completed,9
27421,Rigid,1820348,1822126,1823193,1778,1067,2845,completed,9
27422,Rigid,1820348,1822126,1823211,1778,1085,2863,completed,9
27423,Rigid,1820348,1822126,1823166,1778,1040,2818,completed,9
27424,Rigid,1820348,1822157,1823391,1809,1234,3043,completed,9
27425,Rigid,1820348,1822219,1823312,1871,1093,2964,completed,9
27426,Rigid,1820348,1822281,1823554,1933,1273,3206,completed,9
27427,Rigid,1820348,1822375,1823606,2027,1231,3258,completed,9
27428,Rigid,1820348,1822375,1823505,2027,1130,3157,completed,9
27429,Rigid,1820348,1822658,1823793,2310,1135,3445,completed,9
27430,Rigid,1820348,1822658,1823800,2310,1142,3452,completed,9
27431,Rigid,1820348,1822689,1824177,2341,1488,3829,completed,9
27432,Rigid,1820348,1822689,1823777,2341,1088,3429,completed,9
27433,Rigid,1820348,1822689,1823832,2341,1143,3484,completed,9
27434,Rigid,1820348,1822689,1823926,2341,1237,3578,completed,9
27435,Rigid,1820348,1822689,1823809,2341,1120,3461,completed,9
27436,Rigid,1820348,1822814,1824091,2466,1277,3743,completed,9
27437,Rigid,1820348,1822814,1823984,2466,1170,3636,completed,9
27438,Rigid,1820348,1822845,1823979,2497,1134,3631,completed,9
27439,Rigid,1820349,1822876,1823872,2527,996,3523,completed,9
27440,Rigid,1820349,1822876,1823649,2527,773,3300,completed,9
27441,Rigid,1820349,1822938,1823500,2589,562,3151,completed,9
27442,Rigid,1820349,1823032,1824009,2683,977,3660,completed,9
27443,Rigid,1820349,1823032,1823874,2683,842,3525,completed,9
27444,Rigid,1820349,1823063,1824060,2714,997,3711,completed,9
27445,Rigid,1820349,1823125,1824082,2776,957,3733,completed,9
27446,Rigid,1820349,1823125,1824094,2776,969,3745,completed,9
27447,Rigid,1820349,1823187,1823846,2838,659,3497,completed,9
27448,Rigid,1820349,1823187,1823911,2838,724,3562,completed,9
27449,Rigid,1820349,1823187,1823933,2838,746,3584,completed,9
27450,Rigid,1820349,1823217,1823971,2868,754,3622,completed,9
27451,Rigid,1820349,1823248,1824239,2899,991,3890,completed,9
27452,Rigid,1820349,1823248,1824221,2899,973,3872,completed,9
27453,Rigid,1820349,1823248,1824232,2899,984,3883,completed,9
27454,Rigid,1820349,1823310,1823958,2961,648,3609,completed,9
27455,Rigid,1820349,1823341,1824061,2992,720,3712,completed,9
27456,Rigid,1820349,1823310,1823981,2961,671,3632,completed,9
27457,Rigid,1820349,1823403,1824120,3054,717,3771,completed,9
27458,Rigid,1820349,1823464,1824365,3115,901,4016,completed,9
27459,Rigid,1820349,1823464,1824411,3115,947,4062,completed,9
27460,Rigid,1820349,1823495,1824388,3146,893,4039,completed,9
27461,Rigid,1820349,1823618,1824495,3269,877,4146,completed,9
27462,Rigid,1820349,1823679,1824632,3330,953,4283,completed,9
27463,Rigid,1820349,1823679,1824564,3330,885,4215,completed,9
27464,Rigid,1820349,1823802,1824754,3453,952,4405,completed,9
27465,Rigid,1820349,1823802,1824762,3453,960,4413,completed,9
27466,Rigid,1820349,1823925,1824509,3576,584,4160,completed,9
27467,Rigid,1820349,1823956,1824657,3607,701,4308,completed,9
27468,Rigid,1820349,1823986,1824537,3637,551,4188,completed,9
27469,Rigid,1820349,1823986,1824749,3637,763,4400,completed,9
27470,Rigid,1820349,1823986,1824537,3637,551,4188,completed,9
27471,Rigid,1820349,1823986,1824613,3637,627,4264,completed,9
27472,Rigid,1820349,1823986,1824955,3637,969,4606,completed,9
27473,Rigid,1820349,1824079,1824921,3730,842,4572,completed,9
27474,Rigid,1820349,1824079,1825019,3730,940,4670,completed,9
27475,Rigid,1820349,1822876,1824009,2527,1133,3660,completed,9
27476,Rigid,1820349,1822876,1824049,2527,1173,3700,completed,9
27477,Rigid,1820349,1822876,1824237,2527,1361,3888,completed,9
27478,Rigid,1820349,1822907,1824114,2558,1207,3765,completed,9
27479,Rigid,1820349,1822970,1824383,2621,1413,4034,completed,9
27480,Rigid,1820349,1822970,1824042,2621,1072,3693,completed,9
27481,Rigid,1820349,1823125,1824211,2776,1086,3862,completed,9
27482,Rigid,1820349,1823217,1824233,2868,1016,3884,completed,9
27483,Rigid,1820349,1823310,1824463,2961,1153,4114,completed,9
27484,Rigid,1820349,1823310,1824505,2961,1195,4156,completed,9
27485,Rigid,1820349,1823310,1824481,2961,1171,4132,completed,9
27486,Rigid,1820349,1823310,1824606,2961,1296,4257,completed,9
27487,Rigid,1820349,1823403,1824433,3054,1030,4084,completed,9
27488,Rigid,1820349,1823372,1824421,3023,1049,4072,completed,9
27489,Rigid,1820349,1823403,1824485,3054,1082,4136,completed,9
27490,Rigid,1820349,1823526,1824567,3177,1041,4218,completed,9
27491,Rigid,1820349,1823556,1824698,3207,1142,4349,completed,9
27492,Rigid,1820349,1823649,1824811,3300,1162,4462,completed,9
27493,Rigid,1820349,1823802,1824826,3453,1024,4477,completed,9
27494,Rigid,1820349,1823864,1824979,3515,1115,4630,completed,9
27495,Rigid,1820349,1823864,1824890,3515,1026,4541,completed,9
27496,Rigid,1820349,1823894,1824913,3545,1019,4564,completed,9
27497,Rigid,1820349,1824017,1825019,3668,1002,4670,completed,9
27498,Rigid,1820349,1824017,1825298,3668,1281,4949,completed,9
27499,Rigid,1820349,1824048,1825061,3699,1013,4712,completed,9
27500,Rigid,1820349,1824079,1825123,3730,1044,4774,completed,9
27501,Rigid,1820349,1824110,1825310,3761,1200,4961,completed,9
27502,Rigid,1820349,1824110,1825162,3761,1052,4813,completed,9
27503,Rigid,1820350,1824110,1825038,3760,928,4688,completed,9
27504,Rigid,1820350,1824140,1824817,3790,677,4467,completed,9
27505,Rigid,1820350,1824233,1825224,3883,991,4874,completed,9
27506,Rigid,1820350,1824233,1825148,3883,915,4798,completed,9
27507,Rigid,1820350,1824263,1825126,3913,863,4776,completed,9
27508,Rigid,1820350,1824386,1825325,4036,939,4975,completed,9
27509,Rigid,1820350,1824417,1824877,4067,460,4527,completed,9
27510,Rigid,1820350,1824447,1824998,4097,551,4648,completed,9
27511,Rigid,1820350,1824539,1825480,4189,941,5130,completed,9
27512,Rigid,1820350,1824539,1825220,4189,681,4870,completed,9
27513,Rigid,1820350,1824539,1825144,4189,605,4794,completed,9
27514,Rigid,1820350,1824569,1825466,4219,897,5116,completed,9
27515,Rigid,1820350,1824569,1825542,4219,973,5192,completed,9
27516,Rigid,1820350,1824630,1825610,4280,980,5260,completed,9
27517,Rigid,1820350,1824140,1825170,3790,1030,4820,completed,9
27518,Rigid,1820350,1824263,1825318,3913,1055,4968,completed,9
27519,Rigid,1820350,1824263,1825366,3913,1103,5016,completed,9
27520,Rigid,1820350,1824263,1825605,3913,1342,5255,completed,9
27521,Rigid,1820350,1824386,1825446,4036,1060,5096,completed,9
27522,Rigid,1820350,1824417,1825471,4067,1054,5121,completed,9
27523,Rigid,1820350,1824447,1825582,4097,1135,5232,completed,9
27524,Rigid,1820350,1824509,1825818,4159,1309,5468,completed,9
27525,Rigid,1820350,1824509,1825586,4159,1077,5236,completed,9
27526,Rigid,1820389,1820390,1820393,1,3,4,completed,1
27527,Rigid,1820409,1820430,1820435,21,5,26,completed,36
27528,Rigid,1820465,1820494,1820497,29,3,32,completed,36
27529,Rigid,1820589,1820590,1820621,1,31,32,completed,36
27530,Rigid,1820609,1820619,1820632,10,13,23,completed,36
27531,Rigid,1820665,1820683,1820795,18,112,130,completed,36
27532,Rigid,1820675,1820683,1820974,8,291,299,completed,36
27533,Rigid,1820678,1820679,1820682,1,3,4,completed,1
27534,Rigid,1820685,1820688,1820722,3,34,37,completed,36
27535,Rigid,1820685,1820714,1820908,29,194,223,completed,36
27536,Rigid,1820697,1820714,1820857,17,143,160,completed,36
27537,Rigid,1820714,1820714,1820833,0,119,119,completed,36
27538,Rigid,1820726,1820809,1820818,83,9,92,completed,36
27539,Rigid,1820738,1820841,1820943,103,102,205,completed,72
27540,Rigid,1820837,1820837,1820841,0,4,4,completed,1
27541,Rigid,1820846,1820874,1820887,28,13,41,completed,36
27542,Rigid,1820919,1820919,1820923,0,4,4,completed,36
27543,Rigid,1820972,1821000,1821004,28,4,32,completed,36
27544,Rigid,1821192,1821220,1821224,28,4,32,completed,36
27545,Rigid,1821199,1821220,1821224,21,4,25,completed,36
27546,Rigid,1821311,1821312,1821314,1,2,3,completed,1
27547,Rigid,1821328,1821353,1824446,25,3093,3118,completed,144
27548,Rigid,1821566,1821566,1821570,0,4,4,completed,1
27549,Rigid,1821604,1821605,1821608,1,3,4,completed,36
27550,Rigid,1821652,1821652,1821681,0,29,29,completed,36
27551,Rigid,1821810,1821810,1822553,0,743,743,completed,36
27552,Rigid,1821811,1821814,1822557,3,743,746,completed,36
27553,Rigid,1821812,1821814,1822557,2,743,745,completed,36
27554,Rigid,1821813,1821814,1822558,1,744,745,completed,36
27555,Rigid,1821814,1821814,1822557,0,743,743,completed,36
27556,Rigid,1821815,1822225,1822975,410,750,1160,completed,36
27557,Rigid,1821816,1822555,1823299,739,744,1483,completed,36
27558,Rigid,1821817,1822558,1823304,741,746,1487,completed,36
27559,Rigid,1821818,1822558,1823305,740,747,1487,completed,36
27560,Rigid,1821819,1822558,1823303,739,745,1484,completed,36
27561,Rigid,1821820,1822559,1823305,739,746,1485,completed,36
27562,Rigid,1821821,1822684,1823429,863,745,1608,completed,36
27563,Rigid,1821822,1822684,1823431,862,747,1609,completed,36
27564,Rigid,1821823,1822684,1823431,861,747,1608,completed,36
27565,Rigid,1821824,1822684,1823431,860,747,1607,completed,36
27566,Rigid,1821825,1822976,1823722,1151,746,1897,completed,36
27567,Rigid,1821859,1821860,1821881,1,21,22,completed,36
27568,Rigid,1821893,1821893,1821934,0,41,41,completed,36
27569,Rigid,1821977,1853631,1925119,31654,71488,103142,completed,108
27570,Rigid,1822065,1854934,2091523,32869,236589,269458,completed,216
27571,Rigid,1822176,1883695,1975797,61519,92102,153621,completed,108
27572,Rigid,1822210,1832308,1879886,10098,47578,57676,completed,216
27573,Rigid,1822228,1822228,1822531,0,303,303,completed,36
27574,Rigid,1822253,1883695,1974771,61442,91076,152518,completed,108
27575,Rigid,1822309,1832976,1866535,10667,33559,44226,completed,36
27576,Rigid,1822309,1874827,1883634,52518,8807,61325,completed,36
27577,Rigid,1822309,1876359,1883634,54050,7275,61325,completed,36
27578,Rigid,1822309,1878522,1883634,56213,5112,61325,completed,36
27579,Rigid,1822349,1885892,1995383,63543,109491,173034,completed,108
27580,Rigid,1822673,1855034,2091535,32361,236501,268862,completed,180
27581,Rigid,1823391,1823391,1823401,0,10,10,completed,36
27582,Rigid,1823735,1823736,1823746,1,10,11,completed,36
27583,Rigid,1823786,1823786,1823789,0,3,3,completed,36
27584,Rigid,1823799,1823873,1826941,74,3068,3142,completed,36
27585,Rigid,1823918,1823927,1825145,9,1218,1227,completed,36
27586,Rigid,1823919,1824178,1825397,259,1219,1478,completed,36
27587,Rigid,1823920,1824448,1825671,528,1223,1751,completed,36
27588,Rigid,1823921,1824448,1825665,527,1217,1744,completed,36
27589,Rigid,1823922,1824448,1825663,526,1215,1741,completed,36
27590,Rigid,1823923,1824448,1825666,525,1218,1743,completed,36
27591,Rigid,1823924,1824607,1825824,683,1217,1900,completed,36
27592,Rigid,1823924,1825146,1826363,1222,1217,2439,completed,36
27593,Rigid,1823926,1825399,1826612,1473,1213,2686,completed,36
27594,Rigid,1823926,1825665,1826879,1739,1214,2953,completed,36
27595,Rigid,1823927,1825666,1826879,1739,1213,2952,completed,36
27596,Rigid,1823928,1825667,1826885,1739,1218,2957,completed,36
27597,Rigid,1823929,1825672,1826888,1743,1216,2959,completed,36
27598,Rigid,1823930,1825825,1827043,1895,1218,3113,completed,36
27599,Rigid,1823931,1826364,1827581,2433,1217,3650,completed,36
27600,Rigid,1823932,1826614,1827831,2682,1217,3899,completed,36
27601,Rigid,1824074,1824075,1824080,1,5,6,completed,36
27602,Rigid,1824246,1824246,1824257,0,11,11,completed,36
27603,Rigid,1824290,1824290,1824294,0,4,4,completed,36
27604,Rigid,1824557,1824557,1824563,0,6,6,completed,36
27605,Rigid,1824689,1824690,1824700,1,10,11,completed,36
27606,Rigid,1826424,1826890,1850601,466,23711,24177,completed,32
27607,Rigid,1826424,1826943,1850584,519,23641,24160,completed,32
27608,Rigid,1826424,1827044,1850593,620,23549,24169,completed,32
27609,Rigid,1826424,1826440,1836670,16,10230,10246,completed,32
27610,Rigid,1826424,1826440,1850638,16,24198,24214,completed,32
27611,Rigid,1826424,1826440,1850658,16,24218,24234,completed,32
27612,Rigid,1826424,1826440,1840660,16,14220,14236,completed,32
27613,Rigid,1826424,1826440,1850645,16,24205,24221,completed,32
27614,Rigid,1826424,1826440,1850633,16,24193,24209,completed,32
27615,Rigid,1826424,1826880,1850583,456,23703,24159,completed,32
27616,Rigid,1826424,1826881,1850598,457,23717,24174,completed,32
27617,Rigid,1826424,1826886,1850597,462,23711,24173,completed,32
27618,Rigid,1826758,1826759,1826763,1,4,5,completed,1
27619,Rigid,1826815,1826815,1826822,0,7,7,completed,1
27620,Rigid,1826817,1826832,1827254,15,422,437,completed,9
27621,Rigid,1826817,1826832,1827312,15,480,495,completed,9
27622,Rigid,1826817,1826832,1827265,15,433,448,completed,9
27623,Rigid,1826817,1826832,1827417,15,585,600,completed,9
27624,Rigid,1826817,1826832,1827711,15,879,894,completed,9
27625,Rigid,1826817,1826832,1827571,15,739,754,completed,9
27626,Rigid,1826817,1826832,1827477,15,645,660,completed,9
27627,Rigid,1826817,1826832,1827594,15,762,777,completed,9
27628,Rigid,1826817,1826832,1827279,15,447,462,completed,9
27629,Rigid,1826817,1826832,1827483,15,651,666,completed,9
27630,Rigid,1826817,1826832,1827418,15,586,601,completed,9
27631,Rigid,1826817,1826832,1827500,15,668,683,completed,9
27632,Rigid,1826817,1826832,1827772,15,940,955,completed,9
27633,Rigid,1826817,1826832,1827786,15,954,969,completed,9
27634,Rigid,1826817,1826832,1827624,15,792,807,completed,9
27635,Rigid,1826817,1826832,1827429,15,597,612,completed,9
27636,Rigid,1826817,1826832,1827594,15,762,777,completed,9
27637,Rigid,1826817,1826897,1827721,80,824,904,completed,9
27638,Rigid,1826817,1826960,1827739,143,779,922,completed,9
27639,Rigid,1826817,1827284,1828227,467,943,1410,completed,9
27640,Rigid,1826817,1827284,1828090,467,806,1273,completed,9
27641,Rigid,1826817,1827284,1828013,467,729,1196,completed,9
27642,Rigid,1826817,1827316,1828129,499,813,1312,completed,9
27643,Rigid,1826817,1827445,1828348,628,903,1531,completed,9
27644,Rigid,1826817,1827445,1828438,628,993,1621,completed,9
27645,Rigid,1826817,1827445,1828357,628,912,1540,completed,9
27646,Rigid,1826817,1826832,1827904,15,1072,1087,completed,9
27647,Rigid,1826817,1826832,1827894,15,1062,1077,completed,9
27648,Rigid,1826817,1826832,1828106,15,1274,1289,completed,9
27649,Rigid,1826817,1826832,1827858,15,1026,1041,completed,9
27650,Rigid,1826817,1826897,1827993,80,1096,1176,completed,9
27651,Rigid,1826817,1827510,1828669,693,1159,1852,completed,9
27652,Rigid,1826817,1827510,1828657,693,1147,1840,completed,9
27653,Rigid,1826817,1827510,1828518,693,1008,1701,completed,9
27654,Rigid,1826818,1827573,1827980,755,407,1162,completed,9
27655,Rigid,1826818,1827605,1827990,787,385,1172,completed,9
27656,Rigid,1826818,1827605,1828112,787,507,1294,completed,9
27657,Rigid,1826818,1827605,1828276,787,671,1458,completed,9
27658,Rigid,1826818,1827605,1828127,787,522,1309,completed,9
27659,Rigid,1826818,1827605,1828117,787,512,1299,completed,9
27660,Rigid,1826818,1827605,1828436,787,831,1618,completed,9
27661,Rigid,1826818,1827637,1828473,819,836,1655,completed,9
27662,Rigid,1826818,1827732,1828612,914,880,1794,completed,9
27663,Rigid,1826818,1827764,1828696,946,932,1878,completed,9
27664,Rigid,1826818,1827796,1828601,978,805,1783,completed,9
27665,Rigid,1826818,1827796,1828371,978,575,1553,completed,9
27666,Rigid,1826818,1827860,1828716,1042,856,1898,completed,9
27667,Rigid,1826818,1827924,1828795,1106,871,1977,completed,9
27668,Rigid,1826818,1827924,1828758,1106,834,1940,completed,9
27669,Rigid,1826818,1827988,1828641,1170,653,1823,completed,9
27670,Rigid,1826818,1828020,1828448,1202,428,1630,completed,9
27671,Rigid,1826818,1828020,1828658,1202,638,1840,completed,9
27672,Rigid,1826818,1828020,1828615,1202,595,1797,completed,9
27673,Rigid,1826818,1828115,1828766,1297,651,1948,completed,9
27674,Rigid,1826818,1828115,1828937,1297,822,2119,completed,9
27675,Rigid,1826818,1828115,1828895,1297,780,2077,completed,9
27676,Rigid,1826818,1828147,1828957,1329,810,2139,completed,9
27677,Rigid,1826818,1828147,1829094,1329,947,2276,completed,9
27678,Rigid,1826818,1828147,1829026,1329,879,2208,completed,9
27679,Rigid,1826818,1828242,1828622,1424,380,1804,completed,9
27680,Rigid,1826818,1828369,1829283,1551,914,2465,completed,9
27681,Rigid,1826818,1828369,1829341,1551,972,2523,completed,9
27682,Rigid,1826818,1828401,1828764,1583,363,1946,completed,9
27683,Rigid,1826818,1828465,1829340,1647,875,2522,completed,9
27684,Rigid,1826818,1828496,1828936,1678,440,2118,completed,9
27685,Rigid,1826818,1828528,1829136,1710,608,2318,completed,9
27686,Rigid,1826818,1828624,1829138,1806,514,2320,completed,9
27687,Rigid,1826818,1828624,1829277,1806,653,2459,completed,9
27688,Rigid,1826818,1828624,1829168,1806,544,2350,completed,9
27689,Rigid,1826818,1828624,1829089,1806,465,2271,completed,9
27690,Rigid,1826818,1828655,1829070,1837,415,2252,completed,9
27691,Rigid,1826818,1828687,1829120,1869,433,2302,completed,9
27692,Rigid,1826818,1828687,1829179,1869,492,2361,completed,9
27693,Rigid,1826818,1828687,1829608,1869,921,2790,completed,9
27694,Rigid,1826818,1828718,1829354,1900,636,2536,completed,9
27695,Rigid,1826818,1828718,1829389,1900,671,2571,completed,9
27696,Rigid,1826818,1828750,1829486,1932,736,2668,completed,9
27697,Rigid,1826818,1827732,1828834,914,1102,2016,completed,9
27698,Rigid,1826818,1828465,1829469,1647,1004,2651,completed,9
27699,Rigid,1826818,1828465,1829542,1647,1077,2724,completed,9
27700,Rigid,1826819,1828781,1829257,1962,476,2438,completed,9
27701,Rigid,1826819,1828781,1829303,1962,522,2484,completed,9
27702,Rigid,1826819,1828781,1829201,1962,420,2382,completed,9
27703,Rigid,1826819,1828813,1829254,1994,441,2435,completed,9
27704,Rigid,1826819,1828844,1829812,2025,968,2993,completed,9
27705,Rigid,1826819,1828939,1829745,2120,806,2926,completed,9
27706,Rigid,1826819,1828970,1829882,2151,912,3063,completed,9
27707,Rigid,1826819,1829033,1829896,2214,863,3077,completed,9
27708,Rigid,1826819,1829095,1829928,2276,833,3109,completed,9
27709,Rigid,1826819,1829127,1829584,2308,457,2765,completed,9
27710,Rigid,1826819,1829127,1829746,2308,619,2927,completed,9
27711,Rigid,1826819,1829127,1829726,2308,599,2907,completed,9
27712,Rigid,1826819,1829158,1829902,2339,744,3083,completed,9
27713,Rigid,1826819,1829158,1829824,2339,666,3005,completed,9
27714,Rigid,1826819,1829189,1829756,2370,567,2937,completed,9
27715,Rigid,1826819,1829189,1829765,2370,576,2946,completed,9
27716,Rigid,1826819,1829220,1829893,2401,673,3074,completed,9
27717,Rigid,1826819,1829282,1830065,2463,783,3246,completed,9
27718,Rigid,1826819,1829282,1830106,2463,824,3287,completed,9
27719,Rigid,1826819,1829282,1830139,2463,857,3320,completed,9
27720,Rigid,1826819,1829313,1830161,2494,848,3342,completed,9
27721,Rigid,1826819,1829313,1830276,2494,963,3457,completed,9
27722,Rigid,1826819,1829344,1830073,2525,729,3254,completed,9
27723,Rigid,1826819,1829344,1830084,2525,740,3265,completed,9
27724,Rigid,1826819,1829376,1829631,2557,255,2812,completed,9
27725,Rigid,1826819,1829407,1829695,2588,288,2876,completed,9
27726,Rigid,1826819,1829501,1829915,2682,414,3096,completed,9
27727,Rigid,1826819,1829501,1830047,2682,546,3228,completed,9
27728,Rigid,1826819,1829563,1829991,2744,428,3172,completed,9
27729,Rigid,1826819,1829594,1829992,2775,398,3173,completed,9
27730,Rigid,1826819,1829657,1830534,2838,877,3715,completed,9
27731,Rigid,1826819,1829750,1830714,2931,964,3895,completed,9
27732,Rigid,1826819,1829750,1830591,2931,841,3772,completed,9
27733,Rigid,1826819,1829750,1830428,2931,678,3609,completed,9
27734,Rigid,1826819,1829782,1830215,2963,433,3396,completed,9
27735,Rigid,1826819,1829782,1830649,2963,867,3830,completed,9
27736,Rigid,1826819,1829844,1830716,3025,872,3897,completed,9
27737,Rigid,1826819,1829844,1830579,3025,735,3760,completed,9
27738,Rigid,1826819,1829906,1830488,3087,582,3669,completed,9
27739,Rigid,1826819,1829906,1830287,3087,381,3468,completed,9
27740,Rigid,1826819,1829909,1830532,3090,623,3713,completed,9
27741,Rigid,1826819,1829909,1830529,3090,620,3710,completed,9
27742,Rigid,1826819,1829909,1830772,3090,863,3953,completed,9
27743,Rigid,1826819,1829909,1830785,3090,876,3966,completed,9
27744,Rigid,1826819,1829906,1830409,3087,503,3590,completed,9
27745,Rigid,1826819,1829909,1830826,3090,917,4007,completed,9
27746,Rigid,1826819,1829909,1830474,3090,565,3655,completed,9
27747,Rigid,1826819,1829909,1830402,3090,493,3583,completed,9
27748,Rigid,1826819,1829909,1830815,3090,906,3996,completed,9
27749,Rigid,1826819,1828907,1830048,2088,1141,3229,completed,9
27750,Rigid,1826819,1828939,1830057,2120,1118,3238,completed,9
27751,Rigid,1826819,1829625,1830669,2806,1044,3850,completed,9
27752,Rigid,1826819,1829719,1830888,2900,1169,4069,completed,9
27753,Rigid,1826819,1829909,1830940,3090,1031,4121,completed,9
27754,Rigid,1826819,1829909,1831012,3090,1103,4193,completed,9
27755,Rigid,1826819,1829909,1831061,3090,1152,4242,completed,9
27756,Rigid,1826819,1829909,1830971,3090,1062,4152,completed,9
27757,Rigid,1826819,1829909,1831020,3090,1111,4201,completed,9
27758,Rigid,1826819,1829909,1831022,3090,1113,4203,completed,9
27759,Rigid,1826820,1829909,1830499,3089,590,3679,completed,9
27760,Rigid,1826820,1829909,1830553,3089,644,3733,completed,9
27761,Rigid,1826820,1829909,1830590,3089,681,3770,completed,9
27762,Rigid,1826820,1829916,1830552,3096,636,3732,completed,9
27763,Rigid,1826820,1829929,1830344,3109,415,3524,completed,9
27764,Rigid,1826820,1829992,1830475,3172,483,3655,completed,9
27765,Rigid,1826820,1829994,1830399,3174,405,3579,completed,9
27766,Rigid,1826820,1830049,1830493,3229,444,3673,completed,9
27767,Rigid,1826820,1830049,1830555,3229,506,3735,completed,9
27768,Rigid,1826820,1830058,1830875,3238,817,4055,completed,9
27769,Rigid,1826820,1830066,1830676,3246,610,3856,completed,9
27770,Rigid,1826820,1830074,1830558,3254,484,3738,completed,9
27771,Rigid,1826820,1830085,1830623,3265,538,3803,completed,9
27772,Rigid,1826820,1830108,1830487,3288,379,3667,completed,9
27773,Rigid,1826820,1830154,1830639,3334,485,3819,completed,9
27774,Rigid,1826820,1830184,1830628,3364,444,3808,completed,9
27775,Rigid,1826820,1830217,1830704,3397,487,3884,completed,9
27776,Rigid,1826820,1830278,1831220,3458,942,4400,completed,9
27777,Rigid,1826820,1830280,1831142,3460,862,4322,completed,9
27778,Rigid,1826820,1830288,1831179,3468,891,4359,completed,9
27779,Rigid,1826820,1830369,1831137,3549,768,4317,completed,9
27780,Rigid,1826820,1830431,1831074,3611,643,4254,completed,9
27781,Rigid,1826820,1830431,1831125,3611,694,4305,completed,9
27782,Rigid,1826820,1830431,1831020,3611,589,4200,completed,9
27783,Rigid,1826820,1830431,1831111,3611,680,4291,completed,9
27784,Rigid,1826820,1830493,1831071,3673,578,4251,completed,9
27785,Rigid,1826820,1830493,1831055,3673,562,4235,completed,9
27786,Rigid,1826820,1830493,1831106,3673,613,4286,completed,9
27787,Rigid,1826820,1830493,1831045,3673,552,4225,completed,9
27788,Rigid,1826820,1830523,1831406,3703,883,4586,completed,9
27789,Rigid,1826820,1830523,1831394,3703,871,4574,completed,9
27790,Rigid,1826820,1830585,1831485,3765,900,4665,completed,9
27791,Rigid,1826820,1830554,1831457,3734,903,4637,completed,9
27792,Rigid,1826820,1830554,1831537,3734,983,4717,completed,9
27793,Rigid,1826820,1830585,1831304,3765,719,4484,completed,9
27794,Rigid,1826820,1830280,1831318,3460,1038,4498,completed,9
27795,Rigid,1826820,1830280,1831351,3460,1071,4531,completed,9
27796,Rigid,1826820,1830280,1831299,3460,1019,4479,completed,9
27797,Rigid,1826821,1830585,1831351,3764,766,4530,completed,9
27798,Rigid,1826821,1830585,1830839,3764,254,4018,completed,9
27799,Rigid,1826821,1830585,1831021,3764,436,4200,completed,9
27800,Rigid,1826821,1830616,1830820,3795,204,3999,completed,9
27801,Rigid,1826821,1830616,1831110,3795,494,4289,completed,9
27802,Rigid,1826821,1830647,1831049,3826,402,4228,completed,9
27803,Rigid,1826821,1830647,1831087,3826,440,4266,completed,9
27804,Rigid,1826821,1830647,1831202,3826,555,4381,completed,9
27805,Rigid,1826821,1830708,1831378,3887,670,4557,completed,9
27806,Rigid,1826821,1830677,1831557,3856,880,4736,completed,9
27807,Rigid,1826821,1830708,1831568,3887,860,4747,completed,9
27808,Rigid,1826821,1830739,1831472,3918,733,4651,completed,9
27809,Rigid,1826821,1830739,1831267,3918,528,4446,completed,9
27810,Rigid,1826821,1830832,1831746,4011,914,4925,completed,9
27811,Rigid,1826821,1830832,1831690,4011,858,4869,completed,9
27812,Rigid,1826821,1830863,1831689,4042,826,4868,completed,9
27813,Rigid,1826821,1830877,1831545,4056,668,4724,completed,9
27814,Rigid,1826821,1830890,1831358,4069,468,4537,completed,9
27815,Rigid,1826821,1830941,1831440,4120,499,4619,completed,9
27816,Rigid,1826821,1830677,1831838,3856,1161,5017,completed,9
27817,Rigid,1826822,1830973,1831361,4151,388,4539,completed,9
27818,Rigid,1826822,1831014,1831720,4192,706,4898,completed,9
27819,Rigid,1826822,1831021,1831764,4199,743,4942,completed,9
27820,Rigid,1826822,1831021,1831522,4199,501,4700,completed,9
27821,Rigid,1826822,1831023,1831903,4201,880,5081,completed,9
27822,Rigid,1826822,1831023,1831891,4201,868,5069,completed,9
27823,Rigid,1826822,1831046,1831973,4224,927,5151,completed,9
27824,Rigid,1826822,1831050,1831543,4228,493,4721,completed,9
27825,Rigid,1826822,1831056,1831867,4234,811,5045,completed,9
27826,Rigid,1826822,1831062,1831967,4240,905,5145,completed,9
27827,Rigid,1826822,1831073,1831467,4251,394,4645,completed,9
27828,Rigid,1826822,1831076,1832004,4254,928,5182,completed,9
27829,Rigid,1826822,1831089,1832038,4267,949,5216,completed,9
27830,Rigid,1826822,1831107,1831971,4285,864,5149,completed,9
27831,Rigid,1826822,1831111,1831628,4289,517,4806,completed,9
27832,Rigid,1826822,1831112,1831627,4290,515,4805,completed,9
27833,Rigid,1826822,1831126,1831595,4304,469,4773,completed,9
27834,Rigid,1826822,1831138,1831787,4316,649,4965,completed,9
27835,Rigid,1826822,1831143,1831568,4321,425,4746,completed,9
27836,Rigid,1828057,1828057,1830875,0,2818,2818,completed,36
27837,Rigid,1830235,1830274,1830278,39,4,43,completed,36
27838,Rigid,1830320,1830832,1830836,512,4,516,completed,36
27839,Rigid,1830456,1830876,1854933,420,24057,24477,completed,72
27840,Rigid,1831310,1831569,1831573,259,4,263,completed,36
27841,Rigid,1831843,1831844,1831847,1,3,4,completed,36
27842,Rigid,1832053,1832053,1832056,0,3,3,completed,36
27843,Rigid,1832245,1832246,1832249,1,3,4,completed,36
27844,Rigid,1833072,1833072,1833075,0,3,3,completed,36
27845,Rigid,1833179,1833180,1833183,1,3,4,completed,36
27846,Rigid,1833338,1833339,1833342,1,3,4,completed,36
27847,Rigid,1833519,1833519,1833523,0,4,4,completed,36
27848,Rigid,1835479,1835479,1835485,0,6,6,completed,1
27849,Rigid,1835481,1835483,1837563,2,2080,2082,completed,9
27850,Rigid,1835481,1835483,1838877,2,3394,3396,completed,9
27851,Rigid,1835481,1835483,1838152,2,2669,2671,completed,9
27852,Rigid,1835481,1835483,1838730,2,3247,3249,completed,9
27853,Rigid,1835481,1835483,1839482,2,3999,4001,completed,9
27854,Rigid,1835481,1835483,1838132,2,2649,2651,completed,9
27855,Rigid,1835481,1835483,1838439,2,2956,2958,completed,9
27856,Rigid,1835481,1835483,1838678,2,3195,3197,completed,9
27857,Rigid,1835481,1835483,1838665,2,3182,3184,completed,9
27858,Rigid,1835481,1835483,1838546,2,3063,3065,completed,9
27859,Rigid,1835481,1835483,1838813,2,3330,3332,completed,9
27860,Rigid,1835481,1835483,1839685,2,4202,4204,completed,9
27861,Rigid,1835481,1835483,1841967,2,6484,6486,completed,9
27862,Rigid,1835481,1835483,1837918,2,2435,2437,completed,9
27863,Rigid,1835481,1835483,1838633,2,3150,3152,completed,9
27864,Rigid,1835481,1835483,1839328,2,3845,3847,completed,9
27865,Rigid,1835481,1835483,1841389,2,5906,5908,completed,9
27866,Rigid,1835481,1835483,1839668,2,4185,4187,completed,9
27867,Rigid,1835481,1835483,1842026,2,6543,6545,completed,9
27868,Rigid,1835481,1835483,1839506,2,4023,4025,completed,9
27869,Rigid,1835481,1835483,1839725,2,4242,4244,completed,9
27870,Rigid,1835481,1835483,1840085,2,4602,4604,completed,9
27871,Rigid,1835481,1835483,1842903,2,7420,7422,completed,9
27872,Rigid,1835481,1835483,1842668,2,7185,7187,completed,9
27873,Rigid,1835481,1835483,1842968,2,7485,7487,completed,9
27874,Rigid,1835481,1835483,1840318,2,4835,4837,completed,9
27875,Rigid,1835481,1835483,1840283,2,4800,4802,completed,9
27876,Rigid,1835481,1835483,1839052,2,3569,3571,completed,9
27877,Rigid,1835481,1836376,1840586,895,4210,5105,completed,9
27878,Rigid,1835481,1836376,1840612,895,4236,5131,completed,9
27879,Rigid,1835482,1836376,1839651,894,3275,4169,completed,9
27880,Rigid,1835482,1836376,1841461,894,5085,5979,completed,9
27881,Rigid,1835482,1836671,1840250,1189,3579,4768,completed,9
27882,Rigid,1835482,1836671,1842360,1189,5689,6878,completed,9
27883,Rigid,1835482,1836671,1838975,1189,2304,3493,completed,9
27884,Rigid,1835482,1836671,1839511,1189,2840,4029,completed,9
27885,Rigid,1835482,1837576,1841329,2094,3753,5847,completed,9
27886,Rigid,1835482,1837948,1840113,2466,2165,4631,completed,9
27887,Rigid,1835482,1838134,1845917,2652,7783,10435,completed,9
27888,Rigid,1835482,1838165,1843495,2683,5330,8013,completed,9
27889,Rigid,1835482,1838444,1841798,2962,3354,6316,completed,9
27890,Rigid,1835482,1838568,1841715,3086,3147,6233,completed,9
27891,Rigid,1835482,1838661,1843197,3179,4536,7715,completed,9
27892,Rigid,1835482,1838692,1844173,3210,5481,8691,completed,9
27893,Rigid,1835482,1838692,1843212,3210,4520,7730,completed,9
27894,Rigid,1835482,1838754,1842970,3272,4216,7488,completed,9
27895,Rigid,1835482,1838816,1843703,3334,4887,8221,completed,9
27896,Rigid,1835482,1838909,1841798,3427,2889,6316,completed,9
27897,Rigid,1835482,1839002,1841420,3520,2418,5938,completed,9
27898,Rigid,1835482,1839064,1841566,3582,2502,6084,completed,9
27899,Rigid,1835482,1839330,1842270,3848,2940,6788,completed,9
27900,Rigid,1835482,1839483,1841880,4001,2397,6398,completed,9
27901,Rigid,1835482,1839508,1841725,4026,2217,6243,completed,9
27902,Rigid,1835482,1839512,1842015,4030,2503,6533,completed,9
27903,Rigid,1835482,1839653,1842541,4171,2888,7059,completed,9
27904,Rigid,1835482,1839669,1843441,4187,3772,7959,completed,9
27905,Rigid,1835482,1839687,1842499,4205,2812,7017,completed,9
27906,Rigid,1835482,1839726,1842877,4244,3151,7395,completed,9
27907,Rigid,1835482,1840087,1842275,4605,2188,6793,completed,9
27908,Rigid,1835482,1840118,1843331,4636,3213,7849,completed,9
27909,Rigid,1835482,1840273,1843914,4791,3641,8432,completed,9
27910,Rigid,1835482,1840304,1844621,4822,4317,9139,completed,9
27911,Rigid,1835482,1840335,1845559,4853,5224,10077,completed,9
27912,Rigid,1835482,1840644,1843266,5162,2622,7784,completed,9
27913,Rigid,1835482,1840644,1844162,5162,3518,8680,completed,9
27914,Rigid,1835482,1840675,1845961,5193,5286,10479,completed,9
27915,Rigid,1835482,1840675,1844031,5193,3356,8549,completed,9
27916,Rigid,1835482,1840675,1843513,5193,2838,8031,completed,9
27917,Rigid,1835482,1841355,1845299,5873,3944,9817,completed,9
27918,Rigid,1835482,1841417,1844323,5935,2906,8841,completed,9
27919,Rigid,1835482,1841448,1843910,5966,2462,8428,completed,9
27920,Rigid,1835482,1841479,1843746,5997,2267,8264,completed,9
27921,Rigid,1835482,1841571,1842787,6089,1216,7305,completed,9
27922,Rigid,1835482,1841726,1844251,6244,2525,8769,completed,9
27923,Rigid,1835482,1841757,1843918,6275,2161,8436,completed,9
27924,Rigid,1835482,1841819,1843469,6337,1650,7987,completed,9
27925,Rigid,1835483,1841819,1845524,6336,3705,10041,completed,9
27926,Rigid,1835483,1841912,1844651,6429,2739,9168,completed,9
27927,Rigid,1835483,1841974,1844792,6491,2818,9309,completed,9
27928,Rigid,1835483,1842010,1844871,6527,2861,9388,completed,9
27929,Rigid,1835483,1842010,1844870,6527,2860,9387,completed,9
27930,Rigid,1835483,1842010,1845166,6527,3156,9683,completed,9
27931,Rigid,1835483,1842010,1845117,6527,3107,9634,completed,9
27932,Rigid,1835483,1842016,1844821,6533,2805,9338,completed,9
27933,Rigid,1835483,1842016,1847476,6533,5460,11993,completed,9
27934,Rigid,1835483,1842016,1844326,6533,2310,8843,completed,9
27935,Rigid,1835483,1842016,1844702,6533,2686,9219,completed,9
27936,Rigid,1835483,1842017,1845886,6534,3869,10403,completed,9
27937,Rigid,1835483,1842028,1851300,6545,9272,15817,completed,9
27938,Rigid,1835483,1842271,1846232,6788,3961,10749,completed,9
27939,Rigid,1835483,1842276,1845390,6793,3114,9907,completed,9
27940,Rigid,1835483,1842362,1846187,6879,3825,10704,completed,9
27941,Rigid,1835483,1842500,1846031,7017,3531,10548,completed,9
27942,Rigid,1835483,1842542,1847552,7059,5010,12069,completed,9
27943,Rigid,1835483,1842682,1848987,7199,6305,13504,completed,9
27944,Rigid,1835483,1842805,1848447,7322,5642,12964,completed,9
27945,Rigid,1835483,1842850,1847482,7367,4632,11999,completed,9
27946,Rigid,1835483,1842850,1846514,7367,3664,11031,completed,9
27947,Rigid,1835483,1842850,1847262,7367,4412,11779,completed,9
27948,Rigid,1835484,1842850,1847053,7366,4203,11569,completed,9
27949,Rigid,1835484,1842878,1847390,7394,4512,11906,completed,9
27950,Rigid,1835484,1842905,1846952,7421,4047,11468,completed,9
27951,Rigid,1835484,1842969,1847878,7485,4909,12394,completed,9
27952,Rigid,1835484,1842972,1847667,7488,4695,12183,completed,9
27953,Rigid,1835484,1843198,1846857,7714,3659,11373,completed,9
27954,Rigid,1835484,1843237,1849434,7753,6197,13950,completed,9
27955,Rigid,1835484,1843361,1846361,7877,3000,10877,completed,9
27956,Rigid,1835484,1843383,1845977,7899,2594,10493,completed,9
27957,Rigid,1835484,1843383,1845662,7899,2279,10178,completed,9
27958,Rigid,1835484,1843383,1845647,7899,2264,10163,completed,9
27959,Rigid,1835484,1843383,1847610,7899,4227,12126,completed,9
27960,Rigid,1835484,1843383,1847260,7899,3877,11776,completed,9
27961,Rigid,1835484,1843383,1847476,7899,4093,11992,completed,9
27962,Rigid,1835484,1843383,1847286,7899,3903,11802,completed,9
27963,Rigid,1835484,1843383,1848604,7899,5221,13120,completed,9
27964,Rigid,1835484,1843383,1846575,7899,3192,11091,completed,9
27965,Rigid,1835485,1843383,1848875,7898,5492,13390,completed,9
27966,Rigid,1835485,1843383,1847670,7898,4287,12185,completed,9
27967,Rigid,1835485,1843383,1845407,7898,2024,9922,completed,9
27968,Rigid,1835485,1843383,1847744,7898,4361,12259,completed,9
27969,Rigid,1835485,1843383,1847027,7898,3644,11542,completed,9
27970,Rigid,1835485,1843383,1846664,7898,3281,11179,completed,9
27971,Rigid,1835485,1843383,1846721,7898,3338,11236,completed,9
27972,Rigid,1835485,1843383,1844526,7898,1143,9041,completed,9
27973,Rigid,1835485,1843383,1845574,7898,2191,10089,completed,9
27974,Rigid,1835485,1843383,1844925,7898,1542,9440,completed,9
27975,Rigid,1835485,1843383,1846473,7898,3090,10988,completed,9
27976,Rigid,1835485,1843383,1847555,7898,4172,12070,completed,9
27977,Rigid,1835485,1843383,1846015,7898,2632,10530,completed,9
27978,Rigid,1835485,1843383,1845630,7898,2247,10145,completed,9
27979,Rigid,1835485,1843383,1846501,7898,3118,11016,completed,9
27980,Rigid,1835485,1843383,1847297,7898,3914,11812,completed,9
27981,Rigid,1835485,1843383,1846060,7898,2677,10575,completed,9
27982,Rigid,1835485,1843383,1847762,7898,4379,12277,completed,9
27983,Rigid,1835485,1843383,1848328,7898,4945,12843,completed,9
27984,Rigid,1835485,1843383,1845175,7898,1792,9690,completed,9
27985,Rigid,1835485,1843383,1848289,7898,4906,12804,completed,9
27986,Rigid,1835485,1843383,1847841,7898,4458,12356,completed,9
27987,Rigid,1835485,1843383,1847364,7898,3981,11879,completed,9
27988,Rigid,1835485,1843383,1845492,7898,2109,10007,completed,9
27989,Rigid,1835485,1843383,1845898,7898,2515,10413,completed,9
27990,Rigid,1835485,1843383,1845956,7898,2573,10471,completed,9
27991,Rigid,1835485,1843383,1846725,7898,3342,11240,completed,9
27992,Rigid,1835485,1843383,1845725,7898,2342,10240,completed,9
27993,Rigid,1835571,1845320,2018129,9749,172809,182558,completed,24
27994,Rigid,1836402,1845983,2018790,9581,172807,182388,completed,24
27995,Rigid,1836896,1846194,2019000,9298,172806,182104,completed,24
27996,Rigid,1840066,1842009,1842015,1943,6,1949,completed,36
27997,Rigid,1840224,1840224,1840230,0,6,6,completed,36
27998,Rigid,1840383,1840962,1841105,579,143,722,completed,36
27999,Rigid,1840402,1841106,1841240,704,134,838,completed,36
28000,Rigid,1840422,1841241,1841377,819,136,955,completed,36
28001,Rigid,1840441,1841378,1841515,937,137,1074,completed,36
28002,Rigid,1840460,1841516,1841649,1056,133,1189,completed,36
28003,Rigid,1840478,1841651,1841789,1173,138,1311,completed,36
28004,Rigid,1841605,1841790,1841899,185,109,294,completed,36
28005,Rigid,1841625,1841805,1841899,180,94,274,completed,36
28006,Rigid,1841642,1841901,1842008,259,107,366,completed,36
28007,Rigid,1841658,1841901,1842009,243,108,351,completed,36
28008,Rigid,1842654,1842843,1842849,189,6,195,completed,36
28009,Rigid,1843207,1843383,1843497,176,114,290,completed,36
28010,Rigid,1843220,1843383,1843499,163,116,279,completed,36
28011,Rigid,1843381,1910156,1968678,66775,58522,125297,completed,756
28012,Rigid,1844138,1844139,1844260,1,121,122,completed,36
28013,Rigid,1844154,1844155,1844260,1,105,106,completed,36
28014,Rigid,1844164,1844165,1844280,1,115,116,completed,36
28015,Rigid,1844174,1844175,1844282,1,107,108,completed,36
28016,Rigid,1844191,1844191,1844293,0,102,102,completed,36
28017,Rigid,1844430,1844430,1844538,0,108,108,completed,36
28018,Rigid,1844448,1844448,1844541,0,93,93,completed,36
28019,Rigid,1844460,1844460,1844567,0,107,107,completed,36
28020,Rigid,1844481,1844482,1844574,1,92,93,completed,36
28021,Rigid,1844506,1844506,1844602,0,96,96,completed,36
28022,Rigid,1844582,1844583,1844690,1,107,108,completed,36
28023,Rigid,1844604,1844604,1844701,0,97,97,completed,36
28024,Rigid,1844616,1844616,1844713,0,97,97,completed,36
28025,Rigid,1844632,1844632,1844723,0,91,91,completed,36
28026,Rigid,1844643,1844643,1844734,0,91,91,completed,36
28027,Rigid,1845091,1845091,1845196,0,105,105,completed,36
28028,Rigid,1845177,1845178,1845283,1,105,106,completed,36
28029,Rigid,1845201,1845201,1845316,0,115,115,completed,36
28030,Rigid,1846424,1846425,1846429,1,4,5,completed,1
28031,Rigid,1847047,1847048,1847092,1,44,45,completed,36
28032,Rigid,1847114,1847128,1847168,14,40,54,completed,36
28033,Rigid,1847166,1847166,1847272,0,106,106,completed,36
28034,Rigid,1847269,1847279,1847380,10,101,111,completed,36
28035,Rigid,1847434,1847434,1847533,0,99,99,completed,36
28036,Rigid,1847642,1847642,1847749,0,107,107,completed,36
28037,Rigid,1847652,1847652,1847754,0,102,102,completed,36
28038,Rigid,1847670,1847750,1847880,80,130,210,completed,36
28039,Rigid,1859274,1886603,1952515,27329,65912,93241,completed,144
28040,Rigid,1874119,1874661,1874733,542,72,614,completed,72
28041,Rigid,1878233,1878234,1878237,1,3,4,completed,32
28042,Rigid,1878233,1878234,1878237,1,3,4,completed,32
28043,Rigid,1878233,1878234,1878237,1,3,4,completed,32
28044,Rigid,1878234,1878234,1878238,0,4,4,completed,32
28045,Rigid,1878234,1878234,1878237,0,3,3,completed,32
28046,Rigid,1878234,1878238,1878241,4,3,7,completed,32
28047,Rigid,1878234,1878238,1878240,4,2,6,completed,32
28048,Rigid,1878234,1878238,1878241,4,3,7,completed,32
28049,Rigid,1878234,1878239,1878241,5,2,7,completed,32
28050,Rigid,1878234,1878239,1878241,5,2,7,completed,32
28051,Rigid,1878234,1878241,1878244,7,3,10,completed,32
28052,Rigid,1878234,1878242,1878244,8,2,10,completed,32
28053,Rigid,1878234,1878242,1878244,8,2,10,completed,32
28054,Rigid,1878234,1878242,1878245,8,3,11,completed,32
28055,Rigid,1878234,1878243,1878245,9,2,11,completed,32
28056,Rigid,1878234,1878245,1878248,11,3,14,completed,32
28057,Rigid,1878234,1878245,1878248,11,3,14,completed,32
28058,Rigid,1878234,1878246,1878248,12,2,14,completed,32
28059,Rigid,1878234,1878246,1878249,12,3,15,completed,32
28060,Rigid,1878234,1878247,1878249,13,2,15,completed,32
28061,Rigid,1878234,1878249,1878251,15,2,17,completed,32
28062,Rigid,1878234,1878249,1878252,15,3,18,completed,32
28063,Rigid,1878235,1878250,1878252,15,2,17,completed,32
28064,Rigid,1878235,1878250,1878253,15,3,18,completed,32
28065,Rigid,1878235,1878251,1878253,16,2,18,completed,32
28066,Rigid,1878235,1878252,1878255,17,3,20,completed,32
28067,Rigid,1878235,1878253,1878256,18,3,21,completed,32
28068,Rigid,1878235,1878253,1878256,18,3,21,completed,32
28069,Rigid,1878235,1878254,1878257,19,3,22,completed,32
28070,Rigid,1878235,1878255,1878257,20,2,22,completed,32
28071,Rigid,1878679,1881887,2026422,3208,144535,147743,completed,36
28072,Rigid,1878679,1882518,1927532,3839,45014,48853,completed,36
28073,Rigid,1878679,1883660,1970080,4981,86420,91401,completed,36
28074,Rigid,1878702,1879898,1886795,1196,6897,8093,completed,32
28075,Rigid,1878702,1881448,1886586,2746,5138,7884,completed,32
28076,Rigid,1878702,1881639,1886560,2937,4921,7858,completed,32
28077,Rigid,1878702,1878703,1886899,1,8196,8197,completed,32
28078,Rigid,1878702,1878703,1886904,1,8201,8202,completed,32
28079,Rigid,1878702,1878703,1886904,1,8201,8202,completed,32
28080,Rigid,1878702,1878703,1886910,1,8207,8208,completed,32
28081,Rigid,1878702,1878703,1886913,1,8210,8211,completed,32
28082,Rigid,1878702,1879183,1886873,481,7690,8171,completed,32
28083,Rigid,1878702,1879898,1886795,1196,6897,8093,completed,32
28084,Rigid,1878702,1879898,1886796,1196,6898,8094,completed,32
28085,Rigid,1878702,1879898,1886795,1196,6897,8093,completed,32
28086,Rigid,1879012,1879898,1881638,886,1740,2626,completed,72
28087,Rigid,1880298,1881646,1892947,1348,11301,12649,completed,36
28088,Rigid,1881842,1883692,1898147,1850,14455,16305,completed,72
28089,Rigid,1881998,1881998,1882012,0,14,14,completed,36
28090,Rigid,1882312,1882509,1882515,197,6,203,completed,36
28091,Rigid,1882565,1882565,1882646,0,81,81,completed,36
28092,Rigid,1882787,1882787,1882793,0,6,6,completed,32
28093,Rigid,1882788,1882788,1882793,0,5,5,completed,32
28094,Rigid,1882790,1882791,1882794,1,3,4,completed,32
28095,Rigid,1882790,1882791,1882794,1,3,4,completed,32
28096,Rigid,1882790,1882791,1882794,1,3,4,completed,32
28097,Rigid,1882790,1882791,1882795,1,4,5,completed,32
28098,Rigid,1882832,1882833,1882836,1,3,4,completed,36
28099,Rigid,1882868,1882869,1882871,1,2,3,completed,9
28100,Rigid,1882868,1882869,1882872,1,3,4,completed,32
28101,Rigid,1882868,1882869,1882871,1,2,3,completed,32
28102,Rigid,1882868,1882869,1886478,1,3609,3610,completed,32
28103,Rigid,1882868,1882869,1886478,1,3609,3610,completed,32
28104,Rigid,1882868,1882869,1886478,1,3609,3610,completed,32
28105,Rigid,1882937,1889635,1891895,6698,2260,8958,completed,288
28106,Rigid,1883065,1883638,1889624,573,5986,6559,completed,72
28107,Rigid,1883165,1883166,1926380,1,43214,43215,completed,32
28108,Rigid,1883165,1883166,1915833,1,32667,32668,completed,32
28109,Rigid,1883165,1883166,1926380,1,43214,43215,completed,32
28110,Rigid,1883211,1893358,1895502,10147,2144,12291,completed,288
28111,Rigid,1883593,1883596,1884198,3,602,605,completed,36
28112,Rigid,1883839,1883926,1917953,87,34027,34114,completed,36
28113,Rigid,1883839,1885608,1911225,1769,25617,27386,completed,36
28114,Rigid,1883839,1885869,1911010,2030,25141,27171,completed,36
28115,Rigid,1883839,1885869,1912964,2030,27095,29125,completed,36
28116,Rigid,1883839,1885869,1917155,2030,31286,33316,completed,36
28117,Rigid,1883839,1885869,1919025,2030,33156,35186,completed,36
28118,Rigid,1883839,1885869,1885891,2030,22,2052,completed,36
28119,Rigid,1883839,1885869,1922975,2030,37106,39136,completed,36
28120,Rigid,1884546,1885595,1885602,1049,7,1056,completed,36
28121,Rigid,1884937,1885604,1885606,667,2,669,completed,36
28122,Rigid,1886164,1886437,1886441,273,4,277,completed,144
28123,Rigid,1886403,1886403,1887289,0,886,886,completed,36
28124,Rigid,1886616,1886617,1886623,1,6,7,completed,36
28125,Rigid,1887060,1887061,1887065,1,4,5,completed,144
28126,Rigid,1887071,1887072,1887074,1,2,3,completed,288
28127,Rigid,1887229,1887229,1887233,0,4,4,completed,144
28128,Rigid,1887262,1887263,1887267,1,4,5,completed,288
28129,Rigid,1887310,1887311,1888323,1,1012,1013,completed,288
28130,Rigid,1887398,1887398,1925520,0,38122,38122,completed,144
28131,Rigid,1887461,1887479,1889088,18,1609,1627,completed,144
28132,Rigid,1887689,1887689,1887693,0,4,4,completed,2
28133,Rigid,1887689,1887689,1887693,0,4,4,completed,2
28134,Rigid,1887689,1887693,1887696,4,3,7,completed,2
28135,Rigid,1887792,1887796,1887802,4,6,10,completed,36
28136,Rigid,1887907,1887908,1887911,1,3,4,completed,2
28137,Rigid,1887907,1887908,1887911,1,3,4,completed,2
28138,Rigid,1887907,1887908,1887911,1,3,4,completed,2
28139,Rigid,1888090,1888090,1888093,0,3,3,completed,36
28140,Rigid,1888125,1888125,1888128,0,3,3,completed,36
28141,Rigid,1888149,1888150,1888156,1,6,7,completed,36
28142,Rigid,1888160,1888161,1888167,1,6,7,completed,36
28143,Rigid,1888162,1888164,1888171,2,7,9,completed,36
28144,Rigid,1888200,1888200,1888206,0,6,6,completed,36
28145,Rigid,1888202,1888204,1888207,2,3,5,completed,36
28146,Rigid,1888215,1888217,1888219,2,2,4,completed,36
28147,Rigid,1888244,1888245,1888247,1,2,3,completed,36
28148,Rigid,1888319,1888319,1888324,0,5,5,completed,36
28149,Rigid,1888567,1888568,1888574,1,6,7,completed,36
28150,Rigid,1888630,1888630,1888632,0,2,2,completed,36
28151,Rigid,1888637,1888637,1888639,0,2,2,completed,36
28152,Rigid,1888947,1888947,1888953,0,6,6,completed,36
28153,Rigid,1888960,1888960,1888966,0,6,6,completed,36
28154,Rigid,1888960,1888960,1888963,0,3,3,completed,36
28155,Rigid,1889003,1889003,1889006,0,3,3,completed,36
28156,Rigid,1889020,1889021,1892629,1,3608,3609,completed,2
28157,Rigid,1889021,1889021,1889025,0,4,4,completed,9
28158,Rigid,1889021,1889021,1892629,0,3608,3608,completed,2
28159,Rigid,1889077,1889078,1889103,1,25,26,completed,36
28160,Rigid,1889091,1889095,1889098,4,3,7,completed,36
28161,Rigid,1889101,1889102,1889105,1,3,4,completed,36
28162,Rigid,1889149,1889150,1889170,1,20,21,completed,36
28163,Rigid,1889212,1889212,1889217,0,5,5,completed,36
28164,Rigid,1889261,1889262,1889272,1,10,11,completed,36
28165,Rigid,1889432,1889433,1889442,1,9,10,completed,36
28166,Rigid,1889437,1889437,1889456,0,19,19,completed,36
28167,Rigid,1889483,1889484,1889487,1,3,4,completed,36
28168,Rigid,1889521,1889521,1889524,0,3,3,completed,36
28169,Rigid,1889635,1889636,1889644,1,8,9,completed,36
28170,Rigid,1889713,1889716,1890002,3,286,289,completed,36
28171,Rigid,1889911,1889911,1889914,0,3,3,completed,36
28172,Rigid,1889934,1889935,1889938,1,3,4,completed,36
28173,Rigid,1890055,1890055,1890059,0,4,4,completed,36
28174,Rigid,1890204,1890205,1890208,1,3,4,completed,36
28175,Rigid,1890208,1890209,1890217,1,8,9,completed,36
28176,Rigid,1890473,1890474,1891378,1,904,905,completed,72
28177,Rigid,1890490,1890491,1890507,1,16,17,completed,36
28178,Rigid,1890490,1890491,1895486,1,4995,4996,completed,36
28179,Rigid,1890490,1890491,1895926,1,5435,5436,completed,36
28180,Rigid,1890490,1890491,1912880,1,22389,22390,completed,36
28181,Rigid,1890491,1890509,1890575,18,66,84,completed,36
28182,Rigid,1890491,1891896,1892045,1405,149,1554,completed,36
28183,Rigid,1890491,1891896,1892553,1405,657,2062,completed,36
28184,Rigid,1890491,1890491,1892043,0,1552,1552,completed,36
28185,Rigid,1890491,1890577,1895691,86,5114,5200,completed,36
28186,Rigid,1890491,1891385,1894129,894,2744,3638,completed,36
28187,Rigid,1890491,1891385,1892692,894,1307,2201,completed,36
28188,Rigid,1890491,1891897,1895641,1406,3744,5150,completed,36
28189,Rigid,1890491,1891897,1899815,1406,7918,9324,completed,36
28190,Rigid,1890491,1890491,1980505,0,90014,90014,completed,36
28191,Rigid,1890491,1891896,1928560,1405,36664,38069,completed,36
28192,Rigid,1890491,1891897,1924936,1406,33039,34445,completed,36
28193,Rigid,1890491,1892045,1982065,1554,90020,91574,completed,36
28194,Rigid,1890687,1892046,2007268,1359,115222,116581,completed,36
28195,Rigid,1890839,1892078,2021700,1239,129622,130861,completed,36
28196,Rigid,1890895,1892078,2021700,1183,129622,130805,completed,36
28197,Rigid,1891870,1891896,1892076,26,180,206,completed,72
28198,Rigid,1892945,1892946,1893132,1,186,187,completed,72
28199,Rigid,1894322,1894323,1894337,1,14,15,completed,4
28200,Rigid,1895205,1895218,2004713,13,109495,109508,completed,36
28201,Rigid,1895205,1895218,1928549,13,33331,33344,completed,36
28202,Rigid,1895205,1895218,2020607,13,125389,125402,completed,36
28203,Rigid,1895284,1895488,1951723,204,56235,56439,completed,36
28204,Rigid,1895284,1895639,1985861,355,90222,90577,completed,36
28205,Rigid,1895284,1895639,1985008,355,89369,89724,completed,36
28206,Rigid,1895301,1895301,1895474,0,173,173,completed,72
28207,Rigid,1895382,1895639,1988882,257,93243,93500,completed,36
28208,Rigid,1895382,1895639,1958230,257,62591,62848,completed,36
28209,Rigid,1895382,1895669,1975299,287,79630,79917,completed,36
28210,Rigid,1895509,1895509,1895530,0,21,21,completed,36
28211,Rigid,1895604,1895604,1923599,0,27995,27995,completed,36
28212,Rigid,1895622,1895623,1899923,1,4300,4301,completed,144
28213,Rigid,1895843,1895844,1896028,1,184,185,completed,72
28214,Rigid,1896233,1896239,1896355,6,116,122,completed,288
28215,Rigid,1896364,1896364,1896653,0,289,289,completed,144
28216,Rigid,1896677,1896678,1897792,1,1114,1115,completed,144
28217,Rigid,1896784,1896809,1899006,25,2197,2222,completed,288
28218,Rigid,1896931,1896932,1918645,1,21713,21714,completed,36
28219,Rigid,1896931,1897801,1919079,870,21278,22148,completed,36
28220,Rigid,1896931,1897801,1919547,870,21746,22616,completed,36
28221,Rigid,1896931,1897801,1919686,870,21885,22755,completed,36
28222,Rigid,1896931,1897801,1919711,870,21910,22780,completed,36
28223,Rigid,1896931,1899894,1922042,2963,22148,25111,completed,36
28224,Rigid,1896932,1899926,1921539,2994,21613,24607,completed,36
28225,Rigid,1896932,1899926,1921752,2994,21826,24820,completed,36
28226,Rigid,1896932,1899926,1921724,2994,21798,24792,completed,36
28227,Rigid,1896932,1899926,1921660,2994,21734,24728,completed,36
28228,Rigid,1896932,1900105,1921539,3173,21434,24607,completed,36
28229,Rigid,1896932,1900105,1921853,3173,21748,24921,completed,36
28230,Rigid,1896932,1901225,1923021,4293,21796,26089,completed,36
28231,Rigid,1896932,1901879,1923569,4947,21690,26637,completed,36
28232,Rigid,1896933,1901879,1923762,4946,21883,26829,completed,36
28233,Rigid,1896933,1901879,1922984,4946,21105,26051,completed,36
28234,Rigid,1896933,1901879,1923255,4946,21376,26322,completed,36
28235,Rigid,1896933,1901879,1923485,4946,21606,26552,completed,36
28236,Rigid,1896933,1901879,1923485,4946,21606,26552,completed,36
28237,Rigid,1896934,1901879,1924194,4945,22315,27260,completed,36
28238,Rigid,1897947,1899008,1909214,1061,10206,11267,completed,144
28239,Rigid,1897948,1898154,1898372,206,218,424,completed,72
28240,Rigid,1897973,1909080,1911819,11107,2739,13846,completed,432
28241,Rigid,1898000,1899816,1915713,1816,15897,17713,completed,144
28242,Rigid,1898308,1898311,1898314,3,3,6,completed,9
28243,Rigid,1898308,1898308,1898360,0,52,52,completed,9
28244,Rigid,1898308,1898308,1898360,0,52,52,completed,9
28245,Rigid,1898406,1898407,1898438,1,31,32,completed,2
28246,Rigid,1898406,1898407,1898438,1,31,32,completed,2
28247,Rigid,1898406,1898407,1898438,1,31,32,completed,2
28248,Rigid,1898426,1898427,1900104,1,1677,1678,completed,72
28249,Rigid,1898627,1898628,1903120,1,4492,4493,completed,72
28250,Rigid,1898643,1899008,1903391,365,4383,4748,completed,72
28251,Rigid,1898788,1901892,1935969,3104,34077,37181,completed,36
28252,Rigid,1898788,1906094,1931463,7306,25369,32675,completed,36
28253,Rigid,1898788,1906194,1930851,7406,24657,32063,completed,36
28254,Rigid,1898788,1906402,1935367,7614,28965,36579,completed,36
28255,Rigid,1898788,1906651,1939262,7863,32611,40474,completed,36
28256,Rigid,1898788,1907387,1939200,8599,31813,40412,completed,36
28257,Rigid,1898788,1907387,1934734,8599,27347,35946,completed,36
28258,Rigid,1898788,1907387,1943860,8599,36473,45072,completed,36
28259,Rigid,1899085,1899085,1902709,0,3624,3624,completed,2
28260,Rigid,1899085,1899085,1902709,0,3624,3624,completed,2
28261,Rigid,1899085,1899085,1902709,0,3624,3624,completed,2
28262,Rigid,1899319,1901879,1901890,2560,11,2571,completed,36
28263,Rigid,1899596,1899597,1911867,1,12270,12271,completed,32
28264,Rigid,1899596,1899597,1912296,1,12699,12700,completed,32
28265,Rigid,1899596,1899597,1911996,1,12399,12400,completed,32
28266,Rigid,1900056,1911822,1995356,11766,83534,95300,completed,108
28267,Rigid,1901925,1903396,1905530,1471,2134,3605,completed,36
28268,Rigid,1901942,1903392,1907385,1450,3993,5443,completed,144
28269,Rigid,1901947,1903942,2074956,1995,171014,173009,completed,108
28270,Rigid,1902045,1903392,1903394,1347,2,1349,completed,36
28271,Rigid,1902577,1906071,1906093,3494,22,3516,completed,72
28272,Rigid,1902710,1902710,1902803,0,93,93,completed,9
28273,Rigid,1902710,1902710,1902808,0,98,98,completed,9
28274,Rigid,1902710,1902710,1902803,0,93,93,completed,9
28275,Rigid,1902810,1902811,1902843,1,32,33,completed,2
28276,Rigid,1902810,1902811,1902845,1,34,35,completed,2
28277,Rigid,1902811,1902811,1902843,0,32,32,completed,2
28278,Rigid,1902849,1906094,1906458,3245,364,3609,completed,72
28279,Rigid,1902851,1902853,1902861,2,8,10,completed,2
28280,Rigid,1902851,1902853,1902861,2,8,10,completed,2
28281,Rigid,1902851,1902853,1902860,2,7,9,completed,2
28282,Rigid,1902860,1902861,1902865,1,4,5,completed,2
28283,Rigid,1902871,1902871,1902875,0,4,4,completed,2
28284,Rigid,1902871,1902871,1902875,0,4,4,completed,2
28285,Rigid,1903838,1903929,1903933,91,4,95,completed,36
28286,Rigid,1904015,1904015,1904018,0,3,3,completed,36
28287,Rigid,1904068,1904068,1904212,0,144,144,completed,36
28288,Rigid,1904178,1904181,1904197,3,16,19,completed,2
28289,Rigid,1904178,1904181,1904197,3,16,19,completed,2
28290,Rigid,1904178,1904181,1904198,3,17,20,completed,2
28291,Rigid,1904244,1904245,1904381,1,136,137,completed,36
28292,Rigid,1904294,1905531,1928096,1237,22565,23802,completed,72
28293,Rigid,1904421,1904421,1905049,0,628,628,completed,36
28294,Rigid,1905219,1905705,1905953,486,248,734,completed,36
28295,Rigid,1905763,1905763,1905770,0,7,7,completed,36
28296,Rigid,1905920,1905920,1906003,0,83,83,completed,36
28297,Rigid,1906287,1906402,1906650,115,248,363,completed,36
28298,Rigid,1906358,1911822,1912498,5464,676,6140,completed,288
28299,Rigid,1906358,1915714,1915939,9356,225,9581,completed,288
28300,Rigid,1906358,1915940,1916255,9582,315,9897,completed,288
28301,Rigid,1906358,1916257,1916643,9899,386,10285,completed,288
28302,Rigid,1906358,1916645,1916933,10287,288,10575,completed,288
28303,Rigid,1906358,1916944,1917429,10586,485,11071,completed,288
28304,Rigid,1906404,1906406,1910029,2,3623,3625,completed,2
28305,Rigid,1906404,1906406,1910029,2,3623,3625,completed,2
28306,Rigid,1906404,1906406,1910029,2,3623,3625,completed,2
28307,Rigid,1906428,1906459,2314420,31,407961,407992,completed,72
28308,Rigid,1906924,1907236,1907259,312,23,335,completed,36
28309,Rigid,1906942,1907260,1907510,318,250,568,completed,36
28310,Rigid,1907373,1916274,2089097,8901,172823,181724,completed,36
28311,Rigid,1907373,1916275,1984559,8902,68284,77186,completed,36
28312,Rigid,1907373,1916275,2089097,8902,172822,181724,completed,36
28313,Rigid,1907530,1907530,1907693,0,163,163,completed,36
28314,Rigid,1907632,1907632,1907693,0,61,61,completed,36
28315,Rigid,1907790,1907791,1907800,1,9,10,completed,36
28316,Rigid,1907831,1907832,1907841,1,9,10,completed,36
28317,Rigid,1907852,1907853,1907913,1,60,61,completed,36
28318,Rigid,1907928,1907929,1907938,1,9,10,completed,36
28319,Rigid,1907998,1907998,1908159,0,161,161,completed,36
28320,Rigid,1908035,1908035,1908095,0,60,60,completed,36
28321,Rigid,1908195,1908197,1908349,2,152,154,completed,36
28322,Rigid,1908509,1908510,1919801,1,11291,11292,completed,36
28323,Rigid,1908513,1908514,1908518,1,4,5,completed,36
28324,Rigid,1908535,1908535,1908539,0,4,4,completed,36
28325,Rigid,1908725,1908726,1908971,1,245,246,completed,36
28326,Rigid,1908742,1908742,1968901,0,60159,60159,completed,36
28327,Rigid,1908812,1908812,1969322,0,60510,60510,completed,36
28328,Rigid,1910184,1910185,1910444,1,259,260,completed,36
28329,Rigid,1912141,1912499,1924331,358,11832,12190,completed,72
28330,Rigid,1912248,1912499,1948621,251,36122,36373,completed,72
28331,Rigid,1912253,1912499,1962503,246,50004,50250,completed,72
28332,Rigid,1912258,1912499,1967342,241,54843,55084,completed,72
28333,Rigid,1916693,1917431,1918041,738,610,1348,completed,144
28334,Rigid,1916812,1916815,1916821,3,6,9,completed,36
28335,Rigid,1916924,1918043,1919662,1119,1619,2738,completed,288
28336,Rigid,1916942,1916943,1916949,1,6,7,completed,36
28337,Rigid,1916949,1918451,1920506,1502,2055,3557,completed,288
28338,Rigid,1917007,1917007,1917013,0,6,6,completed,36
28339,Rigid,1917078,1917078,1917085,0,7,7,completed,36
28340,Rigid,1917123,1917123,1917130,0,7,7,completed,36
28341,Rigid,1917183,1918451,1919746,1268,1295,2563,completed,288
28342,Rigid,1917213,1919664,1920499,2451,835,3286,completed,288
28343,Rigid,1917453,1917454,1917460,1,6,7,completed,36
28344,Rigid,1917494,1917497,1917503,3,6,9,completed,36
28345,Rigid,1917555,1917557,1917563,2,6,8,completed,36
28346,Rigid,1917694,1917695,1917701,1,6,7,completed,36
28347,Rigid,1917875,1917876,1917882,1,6,7,completed,36
28348,Rigid,1917933,1917934,1917940,1,6,7,completed,36
28349,Rigid,1917966,1917967,1917973,1,6,7,completed,36
28350,Rigid,1918037,1918038,1918041,1,3,4,completed,36
28351,Rigid,1918126,1918587,1920414,461,1827,2288,completed,144
28352,Rigid,1918195,1919577,1921077,1382,1500,2882,completed,144
28353,Rigid,1918390,1919747,1921789,1357,2042,3399,completed,144
28354,Rigid,1918402,1918402,1918408,0,6,6,completed,36
28355,Rigid,1918444,1919747,1921136,1303,1389,2692,completed,144
28356,Rigid,1918461,1918462,1918467,1,5,6,completed,36
28357,Rigid,1918671,1918671,1918678,0,7,7,completed,36
28358,Rigid,1918736,1918736,1918742,0,6,6,completed,36
28359,Rigid,1918807,1918808,1918814,1,6,7,completed,36
28360,Rigid,1918839,1918840,1918846,1,6,7,completed,36
28361,Rigid,1918875,1918877,1918880,2,3,5,completed,36
28362,Rigid,1919085,1919085,1928647,0,9562,9562,completed,36
28363,Rigid,1919174,1919177,1935262,3,16085,16088,completed,36
28364,Rigid,1919331,1919332,1919335,1,3,4,completed,36
28365,Rigid,1919444,1919445,1919515,1,70,71,completed,36
28366,Rigid,1919478,1919519,1919525,41,6,47,completed,36
28367,Rigid,1919493,1919565,1919567,72,2,74,completed,144
28368,Rigid,1920177,1920177,1920312,0,135,135,completed,144
28369,Rigid,1920305,1920314,1920452,9,138,147,completed,36
28370,Rigid,1920420,1920421,1920424,1,3,4,completed,36
28371,Rigid,1922274,1922274,1922280,0,6,6,completed,36
28372,Rigid,1922376,1922376,1922379,0,3,3,completed,36
28373,Rigid,1922413,1922417,1922423,4,6,10,completed,36
28374,Rigid,1922494,1922494,1922498,0,4,4,completed,36
28375,Rigid,1922548,1922549,1922552,1,3,4,completed,36
28376,Rigid,1923544,1923545,1923549,1,4,5,completed,36
28377,Rigid,1923589,1923589,1923593,0,4,4,completed,36
28378,Rigid,1923594,1923594,1923597,0,3,3,completed,36
28379,Rigid,1923622,1923623,1923627,1,4,5,completed,36
28380,Rigid,1923630,1923630,1923633,0,3,3,completed,36
28381,Rigid,1923655,1923655,1923659,0,4,4,completed,36
28382,Rigid,1923659,1923659,1923663,0,4,4,completed,36
28383,Rigid,1923764,1923765,1923768,1,3,4,completed,36
28384,Rigid,1923771,1923772,1923774,1,2,3,completed,36
28385,Rigid,1924060,1924060,1924064,0,4,4,completed,36
28386,Rigid,1924137,1924137,1924141,0,4,4,completed,36
28387,Rigid,1924162,1924163,1924167,1,4,5,completed,36
28388,Rigid,1924845,1924845,1929884,0,5039,5039,completed,72
28389,Rigid,1925217,1925217,2074684,0,149467,149467,completed,108
28390,Rigid,1928152,1928153,1928223,1,70,71,completed,72
28391,Rigid,1928207,1928207,1932449,0,4242,4242,completed,144
28392,Rigid,1928270,1928271,1930209,1,1938,1939,completed,144
28393,Rigid,1929136,1929137,1929145,1,8,9,completed,72
28394,Rigid,1929505,1929506,1945527,1,16021,16022,completed,72
28395,Rigid,1929952,1929952,2099833,0,169881,169881,completed,108
28396,Rigid,1930421,1930421,1930744,0,323,323,completed,72
28397,Rigid,1931262,1931263,1931512,1,249,250,completed,72
28398,Rigid,1931975,1931976,1931987,1,11,12,completed,72
28399,Rigid,1932004,1932005,1954766,1,22761,22762,completed,72
28400,Rigid,1933016,1933016,1937211,0,4195,4195,completed,144
28401,Rigid,1933049,1933050,1934992,1,1942,1943,completed,144
28402,Rigid,1937904,1937905,1961964,1,24059,24060,completed,144
28403,Rigid,1937956,1937957,1947659,1,9702,9703,completed,144
28404,Rigid,1946198,1946199,1946200,1,1,2,completed,1
28405,Rigid,1946199,1946199,1946205,0,6,6,completed,1
28406,Rigid,1946199,1946199,1946205,0,6,6,completed,1
28407,Rigid,1946208,1946209,1947321,1,1112,1113,completed,1
28408,Rigid,1946208,1946209,1947358,1,1149,1150,completed,1
28409,Rigid,1947370,1947371,1947379,1,8,9,completed,1
28410,Rigid,1947370,1947371,1947375,1,4,5,completed,1
28411,Rigid,1947370,1947371,1947375,1,4,5,completed,1
28412,Rigid,1947370,1947371,1947385,1,14,15,completed,1
28413,Rigid,1947370,1947371,1947408,1,37,38,completed,1
28414,Rigid,1958026,1958027,1958097,1,70,71,completed,72
28415,Rigid,1959455,1959455,1966044,0,6589,6589,completed,72
28416,Rigid,1959998,1959999,1960030,1,31,32,completed,1
28417,Rigid,1960048,1960049,1960065,1,16,17,completed,1
28418,Rigid,1960049,1960049,1960050,0,1,1,completed,1
28419,Rigid,1960049,1960049,1960056,0,7,7,completed,1
28420,Rigid,1960049,1960049,1960050,0,1,1,completed,1
28421,Rigid,1960049,1960049,1960057,0,8,8,completed,1
28422,Rigid,1965074,1965077,2010051,3,44974,44977,completed,36
28423,Rigid,1965074,1965077,2066682,3,101605,101608,completed,36
28424,Rigid,1965074,1965077,2137880,3,172803,172806,completed,36
28425,Rigid,1965226,1965227,2097245,1,132018,132019,completed,36
28426,Rigid,1965226,1965227,2049118,1,83891,83892,completed,36
28427,Rigid,1965226,1965227,2108317,1,143090,143091,completed,36
28428,Rigid,1965324,1965324,2066245,0,100921,100921,completed,36
28429,Rigid,1965324,1965324,2058706,0,93382,93382,completed,36
28430,Rigid,1965324,1965324,2086446,0,121122,121122,completed,36
28431,Rigid,1965379,1965379,2016329,0,50950,50950,completed,36
28432,Rigid,1965379,1965379,2101873,0,136494,136494,completed,36
28433,Rigid,1965379,1965379,2132469,0,167090,167090,completed,36
28434,Rigid,1965607,1965608,2052011,1,86403,86404,completed,36
28435,Rigid,1965607,1965608,2052011,1,86403,86404,completed,36
28436,Rigid,1965607,1965608,2052011,1,86403,86404,completed,36
28437,Rigid,1965853,1965853,2058144,0,92291,92291,completed,36
28438,Rigid,1965853,1965853,2138660,0,172807,172807,completed,36
28439,Rigid,1965853,1965853,2125996,0,160143,160143,completed,36
28440,Rigid,1965935,1965935,2022177,0,56242,56242,completed,36
28441,Rigid,1965935,1965935,2138750,0,172815,172815,completed,36
28442,Rigid,1965935,1965935,2030479,0,64544,64544,completed,36
28443,Rigid,1966008,1966008,2097642,0,131634,131634,completed,36
28444,Rigid,1966008,1966008,2080261,0,114253,114253,completed,36
28445,Rigid,1966008,1966008,2081377,0,115369,115369,completed,36
28446,Rigid,1966072,1966073,2056702,1,90629,90630,completed,36
28447,Rigid,1966072,1966073,2138900,1,172827,172828,completed,36
28448,Rigid,1966072,1966073,2040711,1,74638,74639,completed,36
28449,Rigid,1966128,1966129,1966194,1,65,66,completed,72
28450,Rigid,1966575,1966577,1969911,2,3334,3336,completed,72
28451,Rigid,1966901,1966901,1972292,0,5391,5391,completed,9
28452,Rigid,1966901,1966901,1972238,0,5337,5337,completed,9
28453,Rigid,1966901,1966901,1971914,0,5013,5013,completed,9
28454,Rigid,1966901,1966901,1979664,0,12763,12763,completed,9
28455,Rigid,1966901,1966901,1983808,0,16907,16907,completed,9
28456,Rigid,1966901,1966901,1982427,0,15526,15526,completed,9
28457,Rigid,1966901,1966901,1997114,0,30213,30213,completed,28
28458,Rigid,1966901,1966901,1996181,0,29280,29280,completed,28
28459,Rigid,1966901,1966901,1995746,0,28845,28845,completed,28
28460,Rigid,1967214,1967214,2093412,0,126198,126198,completed,36
28461,Rigid,1967214,1967214,2042519,0,75305,75305,completed,36
28462,Rigid,1967214,1967214,2108736,0,141522,141522,completed,36
28463,Rigid,1967229,1967230,1967242,1,12,13,completed,72
28464,Rigid,1968307,1968308,1974557,1,6249,6250,completed,72
28465,Rigid,1968314,1968317,1974555,3,6238,6241,completed,72
28466,Rigid,1968321,1968321,1974554,0,6233,6233,completed,72
28467,Rigid,1968326,1968326,1975241,0,6915,6915,completed,72
28468,Rigid,1968353,1968353,1968356,0,3,3,completed,36
28469,Rigid,1968398,1968398,1968401,0,3,3,completed,36
28470,Rigid,1968458,1968458,1968464,0,6,6,completed,1
28471,Rigid,1968458,1968458,1968459,0,1,1,completed,1
28472,Rigid,1968557,1968558,1968561,1,3,4,completed,1
28473,Rigid,1968557,1968558,1968559,1,1,2,completed,1
28474,Rigid,1968677,1968679,2118257,2,149578,149580,completed,756
28475,Rigid,1968904,1968904,2102278,0,133374,133374,completed,144
28476,Rigid,1969076,1969077,1970132,1,1055,1056,completed,1
28477,Rigid,1969126,1969127,1969138,1,11,12,completed,36
28478,Rigid,1969350,1969351,2243143,1,273792,273793,completed,36
28479,Rigid,1969381,1969382,1980311,1,10929,10930,completed,36
28480,Rigid,1970609,1970609,1977060,0,6451,6451,completed,72
28481,Rigid,1970972,1970972,2075530,0,104558,104558,completed,108
28482,Rigid,1971543,1971544,1971547,1,3,4,completed,36
28483,Rigid,1971549,1971549,1972537,0,988,988,completed,1
28484,Rigid,1971610,1971610,1971617,0,7,7,completed,36
28485,Rigid,1971617,1971618,1971870,1,252,253,completed,36
28486,Rigid,1971754,1971754,1971904,0,150,150,completed,36
28487,Rigid,1971920,1971921,1973217,1,1296,1297,completed,2
28488,Rigid,1971938,1971938,1973618,0,1680,1680,completed,36
28489,Rigid,1972053,1972054,1972057,1,3,4,completed,36
28490,Rigid,1972241,1972241,1973306,0,1065,1065,completed,2
28491,Rigid,1972302,1972302,1973397,0,1095,1095,completed,2
28492,Rigid,1973223,1973224,1973473,1,249,250,completed,2
28493,Rigid,1973308,1973308,2092442,0,119134,119134,completed,36
28494,Rigid,1973308,1973308,2104504,0,131196,131196,completed,36
28495,Rigid,1973308,1973308,2106292,0,132984,132984,completed,36
28496,Rigid,1973313,1973314,1973542,1,228,229,completed,2
28497,Rigid,1973404,1973405,1973636,1,231,232,completed,2
28498,Rigid,1973474,1973474,1973477,0,3,3,completed,2
28499,Rigid,1973544,1973544,1973547,0,3,3,completed,2
28500,Rigid,1973589,1973590,2016809,1,43219,43220,completed,36
28501,Rigid,1973644,1973645,1973648,1,3,4,completed,2
28502,Rigid,1973966,1973966,1973977,0,11,11,completed,36
28503,Rigid,1974283,1974283,1974286,0,3,3,completed,36
28504,Rigid,1974380,1974380,1974389,0,9,9,completed,72
28505,Rigid,1974402,1974402,1974406,0,4,4,completed,648
28506,Rigid,1974419,1974419,1975634,0,1215,1215,completed,648
28507,Rigid,1974451,1974451,1974461,0,10,10,completed,72
28508,Rigid,1974456,1974456,1974460,0,4,4,completed,648
28509,Rigid,1974479,1974480,1974487,1,7,8,completed,72
28510,Rigid,1974585,1974586,1974590,1,4,5,completed,36
28511,Rigid,1974586,1974590,1974594,4,4,8,completed,648
28512,Rigid,1974600,1974600,1976978,0,2378,2378,completed,72
28513,Rigid,1974688,1974689,2100378,1,125689,125690,completed,108
28514,Rigid,1974704,1974704,1975719,0,1015,1015,completed,18
28515,Rigid,1974704,1974704,1975724,0,1020,1020,completed,18
28516,Rigid,1974733,1974733,1974736,0,3,3,completed,36
28517,Rigid,1974810,1974810,1974814,0,4,4,completed,648
28518,Rigid,1974856,1974857,1974860,1,3,4,completed,36
28519,Rigid,1974884,1974885,2036920,1,62035,62036,completed,36
28520,Rigid,1974884,1974885,2234097,1,259212,259213,completed,36
28521,Rigid,1974884,1974885,2021572,1,46687,46688,completed,36
28522,Rigid,1974884,1974885,2234097,1,259212,259213,completed,36
28523,Rigid,1974884,1974885,2028208,1,53323,53324,completed,36
28524,Rigid,1974884,1974885,2234097,1,259212,259213,completed,36
28525,Rigid,1974884,1974885,2234097,1,259212,259213,completed,36
28526,Rigid,1974884,1974885,2234097,1,259212,259213,completed,36
28527,Rigid,1974884,1974885,2062821,1,87936,87937,completed,36
28528,Rigid,1974885,1974885,2101913,0,127028,127028,completed,36
28529,Rigid,1974885,1974885,2042794,0,67909,67909,completed,36
28530,Rigid,1974885,1974885,2023158,0,48273,48273,completed,36
28531,Rigid,1974885,1974885,2231210,0,256325,256325,completed,36
28532,Rigid,1974885,1974885,2182111,0,207226,207226,completed,36
28533,Rigid,1974885,1974885,2123973,0,149088,149088,completed,36
28534,Rigid,1974885,1974885,2185603,0,210718,210718,completed,36
28535,Rigid,1974885,1974885,2020306,0,45421,45421,completed,36
28536,Rigid,1974885,1974885,2134679,0,159794,159794,completed,36
28537,Rigid,1974885,1974885,2234097,0,259212,259212,completed,36
28538,Rigid,1974885,1974885,2193526,0,218641,218641,completed,36
28539,Rigid,1974885,1974885,2234097,0,259212,259212,completed,36
28540,Rigid,1974885,1974885,2055070,0,80185,80185,completed,36
28541,Rigid,1974885,1974885,2234097,0,259212,259212,completed,36
28542,Rigid,1974885,1974885,2014876,0,39991,39991,completed,36
28543,Rigid,1974885,1974885,2234097,0,259212,259212,completed,36
28544,Rigid,1974885,1974885,2114209,0,139324,139324,completed,36
28545,Rigid,1974885,1974885,2234097,0,259212,259212,completed,36
28546,Rigid,1974885,1974885,2006217,0,31332,31332,completed,36
28547,Rigid,1974885,1974885,1992614,0,17729,17729,completed,36
28548,Rigid,1974885,1974885,1979615,0,4730,4730,completed,36
28549,Rigid,1974885,1974885,1996331,0,21446,21446,completed,36
28550,Rigid,1974885,1974885,2143914,0,169029,169029,completed,36
28551,Rigid,1974885,1974885,2234097,0,259212,259212,completed,36
28552,Rigid,1974885,1974885,1991384,0,16499,16499,completed,36
28553,Rigid,1974885,1974885,2023195,0,48310,48310,completed,36
28554,Rigid,1974885,1974885,2234097,0,259212,259212,completed,36
28555,Rigid,1974885,1974885,2234097,0,259212,259212,completed,36
28556,Rigid,1974885,1974885,2020732,0,45847,45847,completed,36
28557,Rigid,1974885,1974885,2019971,0,45086,45086,completed,36
28558,Rigid,1974885,1974885,2032041,0,57156,57156,completed,36
28559,Rigid,1974885,1974885,2017468,0,42583,42583,completed,36
28560,Rigid,1974885,1974886,2234097,1,259211,259212,completed,36
28561,Rigid,1974886,1974889,2058577,3,83688,83691,completed,36
28562,Rigid,1974886,1974889,2085179,3,110290,110293,completed,36
28563,Rigid,1974886,1974889,2107341,3,132452,132455,completed,36
28564,Rigid,1974886,1974889,2234097,3,259208,259211,completed,36
28565,Rigid,1974886,1974889,2207011,3,232122,232125,completed,36
28566,Rigid,1974886,1974889,2234097,3,259208,259211,completed,36
28567,Rigid,1974886,1974889,2234097,3,259208,259211,completed,36
28568,Rigid,1974886,1974889,2234097,3,259208,259211,completed,36
28569,Rigid,1974886,1974889,2234097,3,259208,259211,completed,36
28570,Rigid,1974886,1974889,2234097,3,259208,259211,completed,36
28571,Rigid,1974886,1974889,2234097,3,259208,259211,completed,36
28572,Rigid,1974886,1974889,2110517,3,135628,135631,completed,36
28573,Rigid,1974886,1974889,2234097,3,259208,259211,completed,36
28574,Rigid,1974886,1974889,2234097,3,259208,259211,completed,36
28575,Rigid,1974886,1974889,2018331,3,43442,43445,completed,36
28576,Rigid,1974886,1974889,2234097,3,259208,259211,completed,36
28577,Rigid,1974886,1974889,2234097,3,259208,259211,completed,36
28578,Rigid,1974886,1974889,2000094,3,25205,25208,completed,36
28579,Rigid,1974886,1974889,2017662,3,42773,42776,completed,36
28580,Rigid,1974886,1974889,2234097,3,259208,259211,completed,36
28581,Rigid,1974886,1974890,2039865,4,64975,64979,completed,36
28582,Rigid,1974886,1974890,2234097,4,259207,259211,completed,36
28583,Rigid,1974886,1974890,2234097,4,259207,259211,completed,36
28584,Rigid,1974886,1974890,2234097,4,259207,259211,completed,36
28585,Rigid,1974886,1974890,2234097,4,259207,259211,completed,36
28586,Rigid,1974886,1974890,2234097,4,259207,259211,completed,36
28587,Rigid,1974886,1974890,2234097,4,259207,259211,completed,36
28588,Rigid,1974886,1978683,2098773,3797,120090,123887,completed,36
28589,Rigid,1974886,1978683,2028236,3797,49553,53350,completed,36
28590,Rigid,1974886,1979616,2238837,4730,259221,263951,completed,36
28591,Rigid,1974886,1999129,2039472,24243,40343,64586,completed,36
28592,Rigid,1974886,1999269,2258489,24383,259220,283603,completed,36
28593,Rigid,1974886,2000096,2259299,25210,259203,284413,completed,36
28594,Rigid,1974886,2000102,2143035,25216,142933,168149,completed,36
28595,Rigid,1974886,2000346,2258728,25460,258382,283842,completed,36
28596,Rigid,1974886,2000346,2259569,25460,259223,284683,completed,36
28597,Rigid,1974886,2000346,2124128,25460,123782,149242,completed,36
28598,Rigid,1974886,2000346,2133867,25460,133521,158981,completed,36
28599,Rigid,1974886,2000465,2101534,25579,101069,126648,completed,36
28600,Rigid,1974886,2006218,2265419,31332,259201,290533,completed,36
28601,Rigid,1974886,2014877,2219255,39991,204378,244369,completed,36
28602,Rigid,1974886,2017469,2106758,42583,89289,131872,completed,36
28603,Rigid,1974886,2017663,2223269,42777,205606,248383,completed,36
28604,Rigid,1974886,2018343,2205857,43457,187514,230971,completed,36
28605,Rigid,1974886,2020307,2279521,45421,259214,304635,completed,36
28606,Rigid,1974886,2020308,2154754,45422,134446,179868,completed,36
28607,Rigid,1974886,2020733,2164846,45847,144113,189960,completed,36
28608,Rigid,1974893,1974894,1974905,1,11,12,completed,36
28609,Rigid,1974908,2041445,2056895,66537,15450,81987,completed,36
28610,Rigid,1974908,2042528,2066389,67620,23861,91481,completed,36
28611,Rigid,1974908,2043195,2302411,68287,259216,327503,completed,36
28612,Rigid,1974911,2043195,2302411,68284,259216,327500,completed,36
28613,Rigid,1974911,2043195,2302411,68284,259216,327500,completed,36
28614,Rigid,1974911,2045422,2304631,70511,259209,329720,completed,36
28615,Rigid,1974913,2045422,2304631,70509,259209,329718,completed,36
28616,Rigid,1974913,2045422,2304631,70509,259209,329718,completed,36
28617,Rigid,1974913,2045422,2304631,70509,259209,329718,completed,36
28618,Rigid,1974915,2045546,2156335,70631,110789,181420,completed,36
28619,Rigid,1974915,2045546,2304751,70631,259205,329836,completed,36
28620,Rigid,1974915,2045577,2304781,70662,259204,329866,completed,36
28621,Rigid,1974918,2045577,2304781,70659,259204,329863,completed,36
28622,Rigid,1974918,2045577,2304781,70659,259204,329863,completed,36
28623,Rigid,1974922,2045577,2304781,70655,259204,329859,completed,36
28624,Rigid,1974922,2046367,2153494,71445,107127,178572,completed,36
28625,Rigid,1974922,2046367,2305591,71445,259224,330669,completed,36
28626,Rigid,1974978,1974978,1974981,0,3,3,completed,36
28627,Rigid,1975020,1975020,1975037,0,17,17,completed,36
28628,Rigid,1975071,1975071,1987190,0,12119,12119,completed,36
28629,Rigid,1975158,1975248,1975251,90,3,93,completed,36
28630,Rigid,1975230,1975252,1976340,22,1088,1110,completed,72
28631,Rigid,1975265,1975642,1977501,377,1859,2236,completed,72
28632,Rigid,1975290,1975642,1977176,352,1534,1886,completed,72
28633,Rigid,1975293,1975642,1975659,349,17,366,completed,72
28634,Rigid,1975301,1975642,1977736,341,2094,2435,completed,72
28635,Rigid,1975345,1975642,1978154,297,2512,2809,completed,72
28636,Rigid,1975357,1975642,1975976,285,334,619,completed,72
28637,Rigid,1975360,1975642,1997258,282,21616,21898,completed,72
28638,Rigid,1975381,1975642,1976868,261,1226,1487,completed,72
28639,Rigid,1975389,1975389,1975392,0,3,3,completed,36
28640,Rigid,1975409,1975642,1980423,233,4781,5014,completed,72
28641,Rigid,1975416,1975660,1978607,244,2947,3191,completed,72
28642,Rigid,1975472,1975804,1979843,332,4039,4371,completed,72
28643,Rigid,1975479,1975804,1977476,325,1672,1997,completed,72
28644,Rigid,1975490,1975981,1984329,491,8348,8839,completed,72
28645,Rigid,1975537,1975537,1975540,0,3,3,completed,36
28646,Rigid,1975548,1976342,1978000,794,1658,2452,completed,72
28647,Rigid,1975693,1975693,1975697,0,4,4,completed,36
28648,Rigid,1975897,1975898,1975900,1,2,3,completed,1
28649,Rigid,1975898,1975901,1975909,3,8,11,completed,1
28650,Rigid,1975898,1975898,1975909,0,11,11,completed,1
28651,Rigid,1975898,1975901,1975926,3,25,28,completed,1
28652,Rigid,1975899,1975901,1975902,2,1,3,completed,1
28653,Rigid,1975973,1975977,1975980,4,3,7,completed,36
28654,Rigid,1976024,1976025,1976030,1,5,6,completed,1
28655,Rigid,1976024,1976025,1976053,1,28,29,completed,1
28656,Rigid,1976024,1976025,1976037,1,12,13,completed,1
28657,Rigid,1976024,1976025,1976042,1,17,18,completed,1
28658,Rigid,1976024,1976025,1976053,1,28,29,completed,1
28659,Rigid,1976024,1976025,1976052,1,27,28,completed,1
28660,Rigid,1976024,1976025,1976038,1,13,14,completed,1
28661,Rigid,1976024,1976025,1976453,1,428,429,completed,2
28662,Rigid,1976025,1976025,1976029,0,4,4,completed,1
28663,Rigid,1976025,1976026,1976032,1,6,7,completed,1
28664,Rigid,1976025,1976025,1976947,0,922,922,completed,1
28665,Rigid,1976025,1976025,1976392,0,367,367,completed,2
28666,Rigid,1976025,1976026,1976364,1,338,339,completed,2
28667,Rigid,1976025,1976026,1976384,1,358,359,completed,2
28668,Rigid,1976026,1976030,1976722,4,692,696,completed,2
28669,Rigid,1976026,1976030,1976984,4,954,958,completed,1
28670,Rigid,1976026,1976030,1976898,4,868,872,completed,2
28671,Rigid,1976027,1976030,1976037,3,7,10,completed,1
28672,Rigid,1976027,1976030,1976039,3,9,12,completed,1
28673,Rigid,1976027,1976030,1976401,3,371,374,completed,2
28674,Rigid,1976027,1976030,1977118,3,1088,1091,completed,1
28675,Rigid,1976027,1976030,1977119,3,1089,1092,completed,1
28676,Rigid,1976028,1976030,1976037,2,7,9,completed,1
28677,Rigid,1976028,1976030,1976033,2,3,5,completed,1
28678,Rigid,1976028,1976030,1976323,2,293,295,completed,2
28679,Rigid,1976028,1976030,1976787,2,757,759,completed,2
28680,Rigid,1976028,1976030,1976300,2,270,272,completed,2
28681,Rigid,1976029,1976030,1976041,1,11,12,completed,1
28682,Rigid,1976029,1976030,1976051,1,21,22,completed,1
28683,Rigid,1976029,1976030,1976048,1,18,19,completed,1
28684,Rigid,1976029,1976030,1976043,1,13,14,completed,1
28685,Rigid,1976029,1976030,1976046,1,16,17,completed,1
28686,Rigid,1976029,1976030,1976044,1,14,15,completed,1
28687,Rigid,1976029,1976030,1976042,1,12,13,completed,1
28688,Rigid,1976029,1976030,1976738,1,708,709,completed,2
28689,Rigid,1976029,1976030,1976302,1,272,273,completed,2
28690,Rigid,1976029,1976030,1976720,1,690,691,completed,2
28691,Rigid,1976030,1976030,1976038,0,8,8,completed,1
28692,Rigid,1976030,1976030,1976053,0,23,23,completed,1
28693,Rigid,1976030,1976031,1976048,1,17,18,completed,1
28694,Rigid,1976030,1976030,1976402,0,372,372,completed,2
28695,Rigid,1976030,1976030,1976428,0,398,398,completed,2
28696,Rigid,1976030,1976031,1976322,1,291,292,completed,2
28697,Rigid,1976030,1976031,1977043,1,1012,1013,completed,1
28698,Rigid,1976031,1976031,1976055,0,24,24,completed,1
28699,Rigid,1976031,1976031,1976050,0,19,19,completed,1
28700,Rigid,1976031,1976033,1976044,2,11,13,completed,1
28701,Rigid,1976031,1976031,1976388,0,357,357,completed,2
28702,Rigid,1976031,1976031,1976367,0,336,336,completed,2
28703,Rigid,1976031,1976033,1977076,2,1043,1045,completed,1
28704,Rigid,1976032,1976033,1976036,1,3,4,completed,1
28705,Rigid,1976032,1976033,1976048,1,15,16,completed,1
28706,Rigid,1976032,1976033,1976395,1,362,363,completed,2
28707,Rigid,1976032,1976033,1976405,1,372,373,completed,2
28708,Rigid,1976032,1976033,1976307,1,274,275,completed,2
28709,Rigid,1976032,1976033,1976353,1,320,321,completed,2
28710,Rigid,1976032,1976033,1977065,1,1032,1033,completed,1
28711,Rigid,1976033,1976033,1976038,0,5,5,completed,1
28712,Rigid,1976033,1976033,1976042,0,9,9,completed,1
28713,Rigid,1976033,1976034,1976044,1,10,11,completed,1
28714,Rigid,1976033,1976033,1976851,0,818,818,completed,2
28715,Rigid,1976034,1976034,1976041,0,7,7,completed,1
28716,Rigid,1976034,1976034,1976350,0,316,316,completed,2
28717,Rigid,1976034,1976034,1976899,0,865,865,completed,1
28718,Rigid,1976034,1976034,1976359,0,325,325,completed,2
28719,Rigid,1976034,1976034,1977045,0,1011,1011,completed,1
28720,Rigid,1976035,1976037,1976762,2,725,727,completed,2
28721,Rigid,1976036,1976037,1976718,1,681,682,completed,2
28722,Rigid,1976036,1976037,1976318,1,281,282,completed,2
28723,Rigid,1976036,1976037,1976772,1,735,736,completed,2
28724,Rigid,1976036,1976037,1976751,1,714,715,completed,2
28725,Rigid,1976037,1976037,1976130,0,93,93,completed,1
28726,Rigid,1976037,1976037,1976135,0,98,98,completed,1
28727,Rigid,1976037,1976037,1976360,0,323,323,completed,2
28728,Rigid,1976037,1976037,1976286,0,249,249,completed,2
28729,Rigid,1976037,1976037,1976766,0,729,729,completed,2
28730,Rigid,1976037,1976037,1976339,0,302,302,completed,2
28731,Rigid,1976037,1976037,1976793,0,756,756,completed,2
28732,Rigid,1976037,1976037,1976300,0,263,263,completed,2
28733,Rigid,1976037,1976038,1976787,1,749,750,completed,2
28734,Rigid,1976038,1976038,1976081,0,43,43,completed,2
28735,Rigid,1976038,1976038,1976250,0,212,212,completed,2
28736,Rigid,1976038,1976038,1976330,0,292,292,completed,2
28737,Rigid,1976038,1976038,1976928,0,890,890,completed,1
28738,Rigid,1976038,1976038,1976816,0,778,778,completed,2
28739,Rigid,1976039,1976040,1976081,1,41,42,completed,2
28740,Rigid,1976039,1976040,1976822,1,782,783,completed,2
28741,Rigid,1976039,1976040,1976780,1,740,741,completed,1
28742,Rigid,1976039,1976040,1976361,1,321,322,completed,2
28743,Rigid,1976039,1976040,1976708,1,668,669,completed,1
28744,Rigid,1976040,1976040,1976081,0,41,41,completed,2
28745,Rigid,1976040,1976040,1976082,0,42,42,completed,2
28746,Rigid,1976040,1976040,1976903,0,863,863,completed,1
28747,Rigid,1976040,1976041,1976292,1,251,252,completed,2
28748,Rigid,1976040,1976041,1976719,1,678,679,completed,2
28749,Rigid,1976040,1976041,1976817,1,776,777,completed,1
28750,Rigid,1976663,1978608,2008401,1945,29793,31738,completed,648
28751,Rigid,1976678,2008402,2020307,31724,11905,43629,completed,648
28752,Rigid,1976692,2009580,2032868,32888,23288,56176,completed,648
28753,Rigid,1976704,2020608,2034119,43904,13511,57415,completed,648
28754,Rigid,1976839,1976839,1976845,0,6,6,completed,1
28755,Rigid,1976839,1976864,1976868,25,4,29,completed,1
28756,Rigid,1976974,1976975,1981389,1,4414,4415,completed,72
28757,Rigid,1977214,1977215,1977610,1,395,396,completed,72
28758,Rigid,1977663,1977664,1977735,1,71,72,completed,72
28759,Rigid,1978924,1978925,1979178,1,253,254,completed,36
28760,Rigid,1979295,1979297,1979549,2,252,254,completed,36
28761,Rigid,1979674,1979675,1983046,1,3371,3372,completed,2
28762,Rigid,1980329,1980330,2078570,1,98240,98241,completed,36
28763,Rigid,1980906,1980907,1982311,1,1404,1405,completed,72
28764,Rigid,1980921,1980921,1982362,0,1441,1441,completed,72
28765,Rigid,1980985,1980986,1981123,1,137,138,completed,36
28766,Rigid,1980998,1980999,1981130,1,131,132,completed,36
28767,Rigid,1981686,1981687,1981698,1,11,12,completed,36
28768,Rigid,1981725,1981726,1981739,1,13,14,completed,36
28769,Rigid,1981759,1981760,1981774,1,14,15,completed,36
28770,Rigid,1981855,1981855,1981869,0,14,14,completed,36
28771,Rigid,1982428,1982428,1986590,0,4162,4162,completed,2
28772,Rigid,1982822,1982823,1982873,1,50,51,completed,72
28773,Rigid,1983048,2008432,2008448,25384,16,25400,completed,144
28774,Rigid,1983050,1983052,1983782,2,730,732,completed,2
28775,Rigid,1983129,1983129,1986874,0,3745,3745,completed,72
28776,Rigid,1983132,1983133,1985011,1,1878,1879,completed,72
28777,Rigid,1983135,1983138,1985041,3,1903,1906,completed,72
28778,Rigid,1983137,1983138,1984995,1,1857,1858,completed,72
28779,Rigid,1983139,1983139,1986907,0,3768,3768,completed,72
28780,Rigid,1983141,2008462,2008469,25321,7,25328,completed,144
28781,Rigid,1983141,1983142,1986067,1,2925,2926,completed,72
28782,Rigid,1983143,1983146,1986724,3,3578,3581,completed,72
28783,Rigid,1983145,1983146,1994519,1,11373,11374,completed,72
28784,Rigid,1983147,1983494,1988860,347,5366,5713,completed,72
28785,Rigid,1983152,1983659,1985028,507,1369,1876,completed,72
28786,Rigid,1983155,1984331,1985977,1176,1646,2822,completed,72
28787,Rigid,1983157,1985002,1985956,1845,954,2799,completed,72
28788,Rigid,1983159,1985009,1988302,1850,3293,5143,completed,72
28789,Rigid,1983162,1985018,1991977,1856,6959,8815,completed,72
28790,Rigid,1983164,1985035,1988178,1871,3143,5014,completed,72
28791,Rigid,1983561,2008492,2181293,24931,172801,197732,completed,36
28792,Rigid,1983561,2011679,2184503,28118,172824,200942,completed,36
28793,Rigid,1983561,2011679,2184503,28118,172824,200942,completed,36
28794,Rigid,1983723,1983724,1983729,1,5,6,completed,1
28795,Rigid,1983723,1983753,1983756,30,3,33,completed,1
28796,Rigid,1983793,1983794,1983798,1,4,5,completed,2
28797,Rigid,1983815,1983816,1987885,1,4069,4070,completed,2
28798,Rigid,1984480,1984560,1984806,80,246,326,completed,36
28799,Rigid,1984548,1998561,2010540,14013,11979,25992,completed,36
28800,Rigid,1984563,2007950,2007963,23387,13,23400,completed,144
28801,Rigid,1984630,2007981,2007989,23351,8,23359,completed,144
28802,Rigid,1984702,2008011,2008017,23309,6,23315,completed,144
28803,Rigid,1984738,2008041,2008050,23303,9,23312,completed,144
28804,Rigid,1984918,1984919,1984922,1,3,4,completed,1
28805,Rigid,1984918,1984937,1984940,19,3,22,completed,1
28806,Rigid,1985047,1985047,1993747,0,8700,8700,completed,32
28807,Rigid,1985047,1985489,1994191,442,8702,9144,completed,32
28808,Rigid,1985047,1985489,1994760,442,9271,9713,completed,32
28809,Rigid,1985047,1985984,1992849,937,6865,7802,completed,32
28810,Rigid,1985047,1986217,1993951,1170,7734,8904,completed,32
28811,Rigid,1985047,1986217,1994694,1170,8477,9647,completed,32
28812,Rigid,1985047,1986217,1991791,1170,5574,6744,completed,32
28813,Rigid,1985047,1985047,1995439,0,10392,10392,completed,32
28814,Rigid,1985047,1985047,2000545,0,15498,15498,completed,32
28815,Rigid,1985047,1985047,1999390,0,14343,14343,completed,32
28816,Rigid,1985047,1985048,1997513,1,12465,12466,completed,32
28817,Rigid,1985047,1985048,2001881,1,16833,16834,completed,32
28818,Rigid,1985047,1985492,2005653,445,20161,20606,completed,32
28819,Rigid,1985047,1985862,2010602,815,24740,25555,completed,32
28820,Rigid,1985047,1985963,1998239,916,12276,13192,completed,32
28821,Rigid,1985047,1985963,2003703,916,17740,18656,completed,32
28822,Rigid,1985047,1985984,1998560,937,12576,13513,completed,32
28823,Rigid,1985047,1986074,1999128,1027,13054,14081,completed,32
28824,Rigid,1985047,1986074,1997870,1027,11796,12823,completed,32
28825,Rigid,1985047,1986217,2004985,1170,18768,19938,completed,32
28826,Rigid,1985047,1986217,2004487,1170,18270,19440,completed,32
28827,Rigid,1985048,1986217,1994191,1169,7974,9143,completed,32
28828,Rigid,1985048,1986217,1995529,1169,9312,10481,completed,32
28829,Rigid,1985048,1988235,1997209,3187,8974,12161,completed,32
28830,Rigid,1985048,1988227,1999268,3179,11041,14220,completed,32
28831,Rigid,1985048,1988309,2001521,3261,13212,16473,completed,32
28832,Rigid,1985048,1988309,2012856,3261,24547,27808,completed,32
28833,Rigid,1985048,1988369,1999080,3321,10711,14032,completed,32
28834,Rigid,1985048,1988373,2005605,3325,17232,20557,completed,32
28835,Rigid,1985048,1988402,2006647,3354,18245,21599,completed,32
28836,Rigid,1985048,1988403,2005876,3355,17473,20828,completed,32
28837,Rigid,1985048,1988685,2006851,3637,18166,21803,completed,32
28838,Rigid,1985048,1988868,2002330,3820,13462,17282,completed,32
28839,Rigid,1985048,1988868,2001711,3820,12843,16663,completed,32
28840,Rigid,1985132,1988883,1998166,3751,9283,13034,completed,32
28841,Rigid,1985132,1988928,1996929,3796,8001,11797,completed,32
28842,Rigid,1985133,1991984,2000101,6851,8117,14968,completed,32
28843,Rigid,1985133,1992643,2001014,7510,8371,15881,completed,32
28844,Rigid,1985133,1994526,2000797,9393,6271,15664,completed,32
28845,Rigid,1985133,1994761,2001871,9628,7110,16738,completed,32
28846,Rigid,1985133,1995365,2003178,10232,7813,18045,completed,32
28847,Rigid,1985133,1995365,2000463,10232,5098,15330,completed,32
28848,Rigid,1985133,1995391,2002660,10258,7269,17527,completed,32
28849,Rigid,1985133,1995392,2003962,10259,8570,18829,completed,32
28850,Rigid,1985133,1988931,2003248,3798,14317,18115,completed,32
28851,Rigid,1985133,1991385,2004565,6252,13180,19432,completed,32
28852,Rigid,1985133,1991792,2003337,6659,11545,18204,completed,32
28853,Rigid,1985133,1991984,2007588,6851,15604,22455,completed,32
28854,Rigid,1985133,1992981,2011624,7848,18643,26491,completed,32
28855,Rigid,1985133,1993748,2016084,8615,22336,30951,completed,32
28856,Rigid,1985133,1993952,2005134,8819,11182,20001,completed,32
28857,Rigid,1985133,1994192,2010601,9059,16409,25468,completed,32
28858,Rigid,1985133,1994192,2005771,9059,11579,20638,completed,32
28859,Rigid,1985133,1994526,2006647,9393,12121,21514,completed,32
28860,Rigid,1985133,1994695,2005473,9562,10778,20340,completed,32
28861,Rigid,1985133,1995365,2012510,10232,17145,27377,completed,32
28862,Rigid,1985133,1995391,2012261,10258,16870,27128,completed,32
28863,Rigid,1985133,1995440,2005625,10307,10185,20492,completed,32
28864,Rigid,1985134,1995531,2003727,10397,8196,18593,completed,32
28865,Rigid,1985134,1997871,2007633,12737,9762,22499,completed,32
28866,Rigid,1985134,1996333,2008349,11199,12016,23215,completed,32
28867,Rigid,1985134,1996931,2019151,11797,22220,34017,completed,32
28868,Rigid,1985134,1998037,2013945,12903,15908,28811,completed,32
28869,Rigid,1985134,1998037,2014925,12903,16888,29791,completed,32
28870,Rigid,1985134,1998167,2014366,13033,16199,29232,completed,32
28871,Rigid,1985134,1998240,2014928,13106,16688,29794,completed,32
28872,Rigid,1985134,1998279,2010659,13145,12380,25525,completed,32
28873,Rigid,1985134,1998279,2009982,13145,11703,24848,completed,32
28874,Rigid,1985510,1998279,1998334,12769,55,12824,completed,36
28875,Rigid,1985768,2008071,2008078,22303,7,22310,completed,144
28876,Rigid,1985777,2008101,2008107,22324,6,22330,completed,144
28877,Rigid,1985908,2008131,2008138,22223,7,22230,completed,144
28878,Rigid,1985944,2008161,2008168,22217,7,22224,completed,144
28879,Rigid,1986298,2006977,2008093,20679,1116,21795,completed,72
28880,Rigid,1986312,2006977,2008441,20665,1464,22129,completed,72
28881,Rigid,1986315,2007128,2008992,20813,1864,22677,completed,72
28882,Rigid,1986332,2007128,2007427,20796,299,21095,completed,72
28883,Rigid,1986348,2007191,2007211,20843,20,20863,completed,72
28884,Rigid,1986355,2007191,2009068,20836,1877,22713,completed,72
28885,Rigid,1986365,2001522,2001568,15157,46,15203,completed,144
28886,Rigid,1986365,2002847,2002901,16482,54,16536,completed,144
28887,Rigid,1986365,2002875,2002974,16510,99,16609,completed,144
28888,Rigid,1986365,2001570,2002141,15205,571,15776,completed,144
28889,Rigid,1986365,2002143,2002846,15778,703,16481,completed,144
28890,Rigid,1986365,2002331,2002432,15966,101,16067,completed,144
28891,Rigid,1986365,2002433,2002612,16068,179,16247,completed,144
28892,Rigid,1986365,2002614,2002873,16249,259,16508,completed,144
28893,Rigid,1986366,2002975,2003021,16609,46,16655,completed,144
28894,Rigid,1986366,2003124,2003172,16758,48,16806,completed,144
28895,Rigid,1986366,2003263,2003318,16897,55,16952,completed,144
28896,Rigid,1986366,2003338,2003379,16972,41,17013,completed,144
28897,Rigid,1986366,2003961,2003997,17595,36,17631,completed,144
28898,Rigid,1986366,2004488,2004551,18122,63,18185,completed,144
28899,Rigid,1986366,2002902,2003006,16536,104,16640,completed,144
28900,Rigid,1986366,2003007,2003123,16641,116,16757,completed,144
28901,Rigid,1986366,2003022,2003143,16656,121,16777,completed,144
28902,Rigid,1986366,2003145,2003262,16779,117,16896,completed,144
28903,Rigid,1986366,2003173,2003274,16807,101,16908,completed,144
28904,Rigid,1986366,2003275,2003765,16909,490,17399,completed,144
28905,Rigid,1986366,2003320,2003960,16954,640,17594,completed,144
28906,Rigid,1986366,2003999,2004635,17633,636,18269,completed,144
28907,Rigid,1986366,2004480,2005136,18114,656,18770,completed,144
28908,Rigid,1986366,2003380,2004479,17014,1099,18113,completed,144
28909,Rigid,1986366,2003767,2004874,17401,1107,18508,completed,144
28910,Rigid,1986367,2004786,2004821,18419,35,18454,completed,144
28911,Rigid,1986367,2004876,2004920,18509,44,18553,completed,144
28912,Rigid,1986367,2005114,2005168,18747,54,18801,completed,144
28913,Rigid,1986367,2005148,2005219,18781,71,18852,completed,144
28914,Rigid,1986367,2005314,2005358,18947,44,18991,completed,144
28915,Rigid,1986367,2005359,2005410,18992,51,19043,completed,144
28916,Rigid,1986367,2004552,2004784,18185,232,18417,completed,144
28917,Rigid,1986367,2004637,2004844,18270,207,18477,completed,144
28918,Rigid,1986367,2004822,2005078,18455,256,18711,completed,144
28919,Rigid,1986367,2004845,2005113,18478,268,18746,completed,144
28920,Rigid,1986367,2004922,2005146,18555,224,18779,completed,144
28921,Rigid,1986367,2005080,2005313,18713,233,18946,completed,144
28922,Rigid,1986367,2005136,2005328,18769,192,18961,completed,144
28923,Rigid,1986367,2005138,2005328,18771,190,18961,completed,144
28924,Rigid,1986367,2005170,2005378,18803,208,19011,completed,144
28925,Rigid,1986367,2005220,2005478,18853,258,19111,completed,144
28926,Rigid,1986367,2005329,2006975,18962,1646,20608,completed,144
28927,Rigid,1986367,2005329,2006963,18962,1634,20596,completed,144
28928,Rigid,1986368,2005380,2005712,19012,332,19344,completed,144
28929,Rigid,1986369,2005480,2005526,19111,46,19157,completed,144
28930,Rigid,1986369,2005527,2005543,19158,16,19174,completed,144
28931,Rigid,1986369,2005544,2005558,19175,14,19189,completed,144
28932,Rigid,1986369,2005560,2005605,19191,45,19236,completed,144
28933,Rigid,1986369,2005753,2005792,19384,39,19423,completed,144
28934,Rigid,1986369,2005412,2005752,19043,340,19383,completed,144
28935,Rigid,1986369,2005607,2005821,19238,214,19452,completed,144
28936,Rigid,1986369,2005714,2005936,19345,222,19567,completed,144
28937,Rigid,1986369,2005772,2006420,19403,648,20051,completed,144
28938,Rigid,1986370,2005822,2005859,19452,37,19489,completed,144
28939,Rigid,1986370,2006081,2006116,19711,35,19746,completed,144
28940,Rigid,1986370,2006248,2006283,19878,35,19913,completed,144
28941,Rigid,1986370,2006414,2006481,20044,67,20111,completed,144
28942,Rigid,1986370,2006454,2006519,20084,65,20149,completed,144
28943,Rigid,1986370,2005794,2006453,19424,659,20083,completed,144
28944,Rigid,1986370,2005860,2006080,19490,220,19710,completed,144
28945,Rigid,1986370,2005938,2006155,19568,217,19785,completed,144
28946,Rigid,1986370,2006118,2006246,19748,128,19876,completed,144
28947,Rigid,1986370,2006157,2006289,19787,132,19919,completed,144
28948,Rigid,1986370,2006284,2006413,19914,129,20043,completed,144
28949,Rigid,1986370,2006290,2006422,19920,132,20052,completed,144
28950,Rigid,1986370,2006421,2007126,20051,705,20756,completed,144
28951,Rigid,1986370,2006424,2007189,20054,765,20819,completed,144
28952,Rigid,1986371,2006852,2006913,20481,61,20542,completed,144
28953,Rigid,1986371,2006482,2007227,20111,745,20856,completed,144
28954,Rigid,1986371,2006521,2007328,20150,807,20957,completed,144
28955,Rigid,1986371,2006914,2007506,20543,592,21135,completed,144
28956,Rigid,1986371,2006964,2007607,20593,643,21236,completed,144
28957,Rigid,1986386,2007212,2007233,20826,21,20847,completed,72
28958,Rigid,1986387,2007229,2007249,20842,20,20862,completed,72
28959,Rigid,1986388,2007229,2007239,20841,10,20851,completed,72
28960,Rigid,1986389,2007234,2007254,20845,20,20865,completed,72
28961,Rigid,1986413,2007240,2008524,20827,1284,22111,completed,72
28962,Rigid,1986429,2007250,2011647,20821,4397,25218,completed,72
28963,Rigid,1986451,1986731,1987477,280,746,1026,completed,36
28964,Rigid,1986452,1986731,1987487,279,756,1035,completed,36
28965,Rigid,1986452,1986881,1987625,429,744,1173,completed,36
28966,Rigid,1986453,1986881,1987626,428,745,1173,completed,36
28967,Rigid,1986454,1986914,1987658,460,744,1204,completed,36
28968,Rigid,1986454,1986914,1987657,460,743,1203,completed,36
28969,Rigid,1986455,1987191,1987936,736,745,1481,completed,36
28970,Rigid,1986455,1987479,1988225,1024,746,1770,completed,36
28971,Rigid,1986456,1987488,1988234,1032,746,1778,completed,36
28972,Rigid,1986457,1987626,1988368,1169,742,1911,completed,36
28973,Rigid,1986457,1987627,1988371,1170,744,1914,completed,36
28974,Rigid,1986458,1987658,1988400,1200,742,1942,completed,36
28975,Rigid,1986458,1987659,1988402,1201,743,1944,completed,36
28976,Rigid,1986459,1987937,1988684,1478,747,2225,completed,36
28977,Rigid,1986460,1988185,1988926,1725,741,2466,completed,36
28978,Rigid,1986460,1988185,1988930,1725,745,2470,completed,36
28979,Rigid,1986461,2007255,2008684,20794,1429,22223,completed,72
28980,Rigid,1986492,2007329,2009069,20837,1740,22577,completed,72
28981,Rigid,1986495,2007330,2009422,20835,2092,22927,completed,72
28982,Rigid,1986506,2007428,2008974,20922,1546,22468,completed,72
28983,Rigid,1986529,2007507,2010723,20978,3216,24194,completed,72
28984,Rigid,1986591,1986591,1987541,0,950,950,completed,2
28985,Rigid,1986635,1986636,1986640,1,4,5,completed,36
28986,Rigid,1986703,1986703,1986705,0,2,2,completed,36
28987,Rigid,1986798,1986799,1986803,1,4,5,completed,36
28988,Rigid,1986968,1998352,2043193,11384,44841,56225,completed,180
28989,Rigid,1987054,1987054,1987058,0,4,4,completed,36
28990,Rigid,1987154,1987155,1987157,1,2,3,completed,36
28991,Rigid,1987223,1987224,1987263,1,39,40,completed,36
28992,Rigid,1987526,1987539,1987543,13,4,17,completed,1
28993,Rigid,1987551,1987552,1987557,1,5,6,completed,2
28994,Rigid,1987686,2007529,2007574,19843,45,19888,completed,36
28995,Rigid,1987706,1987707,1987794,1,87,88,completed,36
28996,Rigid,1987745,1999081,2007923,11336,8842,20178,completed,36
28997,Rigid,1987888,1987889,1988604,1,715,716,completed,2
28998,Rigid,1988050,1988054,1988111,4,57,61,completed,36
28999,Rigid,1988202,1988203,1988217,1,14,15,completed,36
29000,Rigid,1988614,1988614,1988617,0,3,3,completed,2
29001,Rigid,1988732,1997515,2000344,8783,2829,11612,completed,144
29002,Rigid,1989131,1998279,2001312,9148,3033,12181,completed,36
29003,Rigid,1989443,2007529,2057422,18086,49893,67979,completed,36
29004,Rigid,1989443,2007529,2071158,18086,63629,81715,completed,36
29005,Rigid,1989443,2007590,2169547,18147,161957,180104,completed,36
29006,Rigid,1989499,1998279,1998350,8780,71,8851,completed,72
29007,Rigid,1989529,2007620,2112568,18091,104948,123039,completed,36
29008,Rigid,1989529,2007620,2145295,18091,137675,155766,completed,36
29009,Rigid,1989529,2007620,2083281,18091,75661,93752,completed,36
29010,Rigid,1989788,1989789,1989859,1,70,71,completed,36
29011,Rigid,1990594,2098775,2327401,108181,228626,336807,completed,36
29012,Rigid,1990594,2101536,2331981,110942,230445,341387,completed,36
29013,Rigid,1990594,2101914,2233222,111320,131308,242628,completed,36
29014,Rigid,1990594,2106760,2295104,116166,188344,304510,completed,36
29015,Rigid,1990594,2055894,2208317,65300,152423,217723,completed,36
29016,Rigid,1990594,2107342,2204245,116748,96903,213651,completed,36
29017,Rigid,1990594,2110518,2256225,119924,145707,265631,completed,36
29018,Rigid,1990594,2114210,2227307,123616,113097,236713,completed,36
29019,Rigid,1990594,2123975,2201066,133381,77091,210472,completed,36
29020,Rigid,1990594,2124129,2203084,133535,78955,212490,completed,36
29021,Rigid,1990594,2133868,2252269,143274,118401,261675,completed,36
29022,Rigid,1990594,2134680,2320059,144086,185379,329465,completed,36
29023,Rigid,1990594,2142898,2332586,152304,189688,341992,completed,36
29024,Rigid,1990594,2142898,2338559,152304,195661,347965,completed,36
29025,Rigid,1990594,2143036,2192691,152442,49655,202097,completed,36
29026,Rigid,1990594,2057096,2175275,66502,118179,184681,completed,36
29027,Rigid,1990594,2143916,2362957,153322,219041,372363,completed,36
29028,Rigid,1990594,2057126,2267702,66532,210576,277108,completed,36
29029,Rigid,1990594,2057426,2184982,66832,127556,194388,completed,36
29030,Rigid,1990594,2058147,2246077,67553,187930,255483,completed,36
29031,Rigid,1990594,2058598,2215869,68004,157271,225275,completed,36
29032,Rigid,1990594,2062821,2215078,72227,152257,224484,completed,36
29033,Rigid,1990594,2066390,2186811,75796,120421,196217,completed,36
29034,Rigid,1990594,2085180,2237057,94586,151877,246463,completed,36
29035,Rigid,1990646,1990646,1990686,0,40,40,completed,36
29036,Rigid,1993521,1993521,1993581,0,60,60,completed,36
29037,Rigid,1993659,1993660,1993667,1,7,8,completed,36
29038,Rigid,1993745,1993745,1993856,0,111,111,completed,36
29039,Rigid,1994147,1994147,1994405,0,258,258,completed,36
29040,Rigid,1995627,2008492,2100092,12865,91600,104465,completed,108
29041,Rigid,1995753,1995754,2000252,1,4498,4499,completed,9
29042,Rigid,1996003,1996004,1996077,1,73,74,completed,18
29043,Rigid,1996166,2009581,2100222,13415,90641,104056,completed,108
29044,Rigid,1996185,1996185,2000711,0,4526,4526,completed,9
29045,Rigid,1996297,1996300,1996302,3,2,5,completed,1
29046,Rigid,1996297,1996300,1996302,3,2,5,completed,1
29047,Rigid,1996297,1996300,1996311,3,11,14,completed,1
29048,Rigid,1996297,1996300,1996311,3,11,14,completed,1
29049,Rigid,1996297,1996300,1996318,3,18,21,completed,1
29050,Rigid,1996498,1996498,1996500,0,2,2,completed,1
29051,Rigid,1996502,1996503,1996504,1,1,2,completed,1
29052,Rigid,1996502,1996503,1996504,1,1,2,completed,1
29053,Rigid,1996503,1996503,1996504,0,1,1,completed,1
29054,Rigid,1996503,1996503,1996504,0,1,1,completed,1
29055,Rigid,1996503,1996503,1996504,0,1,1,completed,1
29056,Rigid,1996503,1996505,1996507,2,2,4,completed,1
29057,Rigid,1996503,1996505,1996507,2,2,4,completed,1
29058,Rigid,1996503,1996505,1996507,2,2,4,completed,1
29059,Rigid,1996503,1996505,1996507,2,2,4,completed,1
29060,Rigid,1996503,1996505,1996507,2,2,4,completed,1
29061,Rigid,1996504,1996505,1996507,1,2,3,completed,1
29062,Rigid,1996504,1996505,1996507,1,2,3,completed,1
29063,Rigid,1996504,1996505,1996507,1,2,3,completed,1
29064,Rigid,1996504,1996505,1996507,1,2,3,completed,1
29065,Rigid,1996504,1996505,1996507,1,2,3,completed,1
29066,Rigid,1996504,1996505,1996507,1,2,3,completed,1
29067,Rigid,1996504,1996505,1996507,1,2,3,completed,1
29068,Rigid,1996504,1996505,1996507,1,2,3,completed,1
29069,Rigid,1996504,1996505,1996507,1,2,3,completed,1
29070,Rigid,1996504,1996505,1996507,1,2,3,completed,1
29071,Rigid,1996505,1996505,1996507,0,2,2,completed,1
29072,Rigid,1996505,1996505,1996507,0,2,2,completed,1
29073,Rigid,1996505,1996505,1996507,0,2,2,completed,1
29074,Rigid,1996505,1996505,1996507,0,2,2,completed,1
29075,Rigid,1996505,1996505,1996507,0,2,2,completed,1
29076,Rigid,1996505,1996505,1996507,0,2,2,completed,1
29077,Rigid,1996505,1996505,1996507,0,2,2,completed,1
29078,Rigid,1996505,1996505,1996507,0,2,2,completed,1
29079,Rigid,1996506,1996507,1996508,1,1,2,completed,1
29080,Rigid,1996506,1996507,1996508,1,1,2,completed,1
29081,Rigid,1996506,1996507,1996508,1,1,2,completed,1
29082,Rigid,1996506,1996507,1996508,1,1,2,completed,1
29083,Rigid,1996506,1996507,1996508,1,1,2,completed,1
29084,Rigid,1996506,1996507,1996508,1,1,2,completed,1
29085,Rigid,1996506,1996507,1996508,1,1,2,completed,1
29086,Rigid,1996506,1996507,1996508,1,1,2,completed,1
29087,Rigid,1996506,1996507,1996508,1,1,2,completed,1
29088,Rigid,1996506,1996507,1996508,1,1,2,completed,1
29089,Rigid,1996507,1996507,1996508,0,1,1,completed,1
29090,Rigid,1996507,1996507,1996508,0,1,1,completed,1
29091,Rigid,1996507,1996507,1996508,0,1,1,completed,1
29092,Rigid,1996507,1996507,1996508,0,1,1,completed,1
29093,Rigid,1996507,1996508,1996509,1,1,2,completed,1
29094,Rigid,1996507,1996508,1996509,1,1,2,completed,1
29095,Rigid,1996507,1996508,1996509,1,1,2,completed,1
29096,Rigid,1996507,1996508,1996509,1,1,2,completed,1
29097,Rigid,1996507,1996508,1996509,1,1,2,completed,1
29098,Rigid,1996508,1996508,1996509,0,1,1,completed,1
29099,Rigid,1996508,1996508,1996509,0,1,1,completed,1
29100,Rigid,1996508,1996508,1996509,0,1,1,completed,1
29101,Rigid,1996508,1996508,1996509,0,1,1,completed,1
29102,Rigid,1996508,1996508,1996509,0,1,1,completed,1
29103,Rigid,1996508,1996508,1996509,0,1,1,completed,1
29104,Rigid,1996508,1996508,1996509,0,1,1,completed,1
29105,Rigid,1996508,1996509,1996510,1,1,2,completed,1
29106,Rigid,1996508,1996509,1996511,1,2,3,completed,1
29107,Rigid,1996508,1996509,1996511,1,2,3,completed,1
29108,Rigid,1996509,1996509,1996510,0,1,1,completed,1
29109,Rigid,1996509,1996509,1996510,0,1,1,completed,1
29110,Rigid,1996509,1996509,1996511,0,2,2,completed,1
29111,Rigid,1996509,1996509,1996511,0,2,2,completed,1
29112,Rigid,1996509,1996509,1996510,0,1,1,completed,1
29113,Rigid,1996509,1996509,1996510,0,1,1,completed,1
29114,Rigid,1996509,1996509,1996510,0,1,1,completed,1
29115,Rigid,1996509,1996509,1996510,0,1,1,completed,1
29116,Rigid,1996509,1996509,1996510,0,1,1,completed,1
29117,Rigid,1996510,1996510,1996511,0,1,1,completed,1
29118,Rigid,1996510,1996510,1996511,0,1,1,completed,1
29119,Rigid,1996510,1996510,1996511,0,1,1,completed,1
29120,Rigid,1996510,1996510,1996511,0,1,1,completed,1
29121,Rigid,1996510,1996510,1996511,0,1,1,completed,1
29122,Rigid,1996510,1996510,1996511,0,1,1,completed,1
29123,Rigid,1996510,1996511,1996512,1,1,2,completed,1
29124,Rigid,1996510,1996511,1996512,1,1,2,completed,1
29125,Rigid,1996511,1996511,1996512,0,1,1,completed,1
29126,Rigid,1996511,1996511,1996512,0,1,1,completed,1
29127,Rigid,1996511,1996511,1996512,0,1,1,completed,1
29128,Rigid,1996511,1996511,1996512,0,1,1,completed,1
29129,Rigid,1996511,1996511,1996512,0,1,1,completed,1
29130,Rigid,1996511,1996512,1996513,1,1,2,completed,1
29131,Rigid,1996512,1996512,1996513,0,1,1,completed,1
29132,Rigid,1996512,1996512,1996513,0,1,1,completed,1
29133,Rigid,1996512,1996512,1996513,0,1,1,completed,1
29134,Rigid,1996512,1996512,1996513,0,1,1,completed,1
29135,Rigid,1996512,1996512,1996513,0,1,1,completed,1
29136,Rigid,1996512,1996512,1996513,0,1,1,completed,1
29137,Rigid,1996512,1996512,1996513,0,1,1,completed,1
29138,Rigid,1996512,1996513,1996514,1,1,2,completed,1
29139,Rigid,1996513,1996513,1996514,0,1,1,completed,1
29140,Rigid,1996513,1996513,1996514,0,1,1,completed,1
29141,Rigid,1996513,1996513,1996514,0,1,1,completed,1
29142,Rigid,1996513,1996513,1996514,0,1,1,completed,1
29143,Rigid,1996513,1996513,1996514,0,1,1,completed,1
29144,Rigid,1996513,1996513,1996514,0,1,1,completed,1
29145,Rigid,1996513,1996513,1996514,0,1,1,completed,1
29146,Rigid,1996513,1996513,1996514,0,1,1,completed,1
29147,Rigid,1996513,1996513,1996514,0,1,1,completed,1
29148,Rigid,1996513,1996513,1996514,0,1,1,completed,1
29149,Rigid,1996514,1996514,1996515,0,1,1,completed,1
29150,Rigid,1996514,1996514,1996515,0,1,1,completed,1
29151,Rigid,1996514,1996514,1996515,0,1,1,completed,1
29152,Rigid,1996514,1996514,1996515,0,1,1,completed,1
29153,Rigid,1996514,1996514,1996515,0,1,1,completed,1
29154,Rigid,1996514,1996514,1996515,0,1,1,completed,1
29155,Rigid,1996514,1996514,1996515,0,1,1,completed,1
29156,Rigid,1996514,1996514,1996515,0,1,1,completed,1
29157,Rigid,1996514,1996515,1996516,1,1,2,completed,1
29158,Rigid,1996514,1996515,1996516,1,1,2,completed,1
29159,Rigid,1996515,1996515,1996516,0,1,1,completed,1
29160,Rigid,1996515,1996515,1996516,0,1,1,completed,1
29161,Rigid,1996515,1996515,1996516,0,1,1,completed,1
29162,Rigid,1996515,1996515,1996516,0,1,1,completed,1
29163,Rigid,1996515,1996515,1996516,0,1,1,completed,1
29164,Rigid,1996515,1996515,1996516,0,1,1,completed,1
29165,Rigid,1996515,1996515,1996516,0,1,1,completed,1
29166,Rigid,1996515,1996515,1996516,0,1,1,completed,1
29167,Rigid,1996516,1996516,1996517,0,1,1,completed,1
29168,Rigid,1996516,1996516,1996517,0,1,1,completed,1
29169,Rigid,1996516,1996516,1996517,0,1,1,completed,1
29170,Rigid,1996516,1996516,1996517,0,1,1,completed,1
29171,Rigid,1996516,1996516,1996517,0,1,1,completed,1
29172,Rigid,1996516,1996516,1996517,0,1,1,completed,1
29173,Rigid,1996517,1996517,1996518,0,1,1,completed,1
29174,Rigid,1996517,1996517,1996518,0,1,1,completed,1
29175,Rigid,1996517,1996517,1996518,0,1,1,completed,1
29176,Rigid,1996517,1996517,1996518,0,1,1,completed,1
29177,Rigid,1996517,1996517,1996518,0,1,1,completed,1
29178,Rigid,1996517,1996517,1996518,0,1,1,completed,1
29179,Rigid,1996518,1996518,1996519,0,1,1,completed,1
29180,Rigid,1996518,1996518,1996519,0,1,1,completed,1
29181,Rigid,1996518,1996518,1996519,0,1,1,completed,1
29182,Rigid,1996518,1996518,1996519,0,1,1,completed,1
29183,Rigid,1996518,1996518,1996519,0,1,1,completed,1
29184,Rigid,1996518,1996518,1996519,0,1,1,completed,1
29185,Rigid,1996518,1996518,1996519,0,1,1,completed,1
29186,Rigid,1996518,1996518,1996519,0,1,1,completed,1
29187,Rigid,1996518,1996518,1996519,0,1,1,completed,1
29188,Rigid,1996518,1996518,1996519,0,1,1,completed,1
29189,Rigid,1996519,1996519,1996520,0,1,1,completed,1
29190,Rigid,1996519,1996519,1996520,0,1,1,completed,1
29191,Rigid,1996519,1996519,1996520,0,1,1,completed,1
29192,Rigid,1996519,1996519,1996520,0,1,1,completed,1
29193,Rigid,1996519,1996519,1996520,0,1,1,completed,1
29194,Rigid,1996519,1996519,1996520,0,1,1,completed,1
29195,Rigid,1996519,1996519,1996521,0,2,2,completed,1
29196,Rigid,1996519,1996519,1996521,0,2,2,completed,1
29197,Rigid,1996519,1996519,1996521,0,2,2,completed,1
29198,Rigid,1996520,1996520,1996522,0,2,2,completed,1
29199,Rigid,1996520,1996520,1996522,0,2,2,completed,1
29200,Rigid,1996520,1996520,1996522,0,2,2,completed,1
29201,Rigid,1996521,1996521,1996522,0,1,1,completed,1
29202,Rigid,1996522,1996523,1996524,1,1,2,completed,1
29203,Rigid,1996522,1996523,1996524,1,1,2,completed,1
29204,Rigid,1996522,1996523,1996524,1,1,2,completed,1
29205,Rigid,1996522,1996523,1996524,1,1,2,completed,1
29206,Rigid,1996522,1996523,1996524,1,1,2,completed,1
29207,Rigid,1996522,1996523,1996524,1,1,2,completed,1
29208,Rigid,1996522,1996523,1996524,1,1,2,completed,1
29209,Rigid,1996522,1996523,1996524,1,1,2,completed,1
29210,Rigid,1996522,1996523,1996524,1,1,2,completed,1
29211,Rigid,1996522,1996523,1996524,1,1,2,completed,1
29212,Rigid,1996523,1996523,1996524,0,1,1,completed,1
29213,Rigid,1996523,1996523,1996524,0,1,1,completed,1
29214,Rigid,1996528,1996531,1996532,3,1,4,completed,1
29215,Rigid,1996528,1996531,1996532,3,1,4,completed,1
29216,Rigid,1996528,1996531,1996532,3,1,4,completed,1
29217,Rigid,1996528,1996531,1996532,3,1,4,completed,1
29218,Rigid,1996528,1996531,1996532,3,1,4,completed,1
29219,Rigid,1996528,1996531,1996532,3,1,4,completed,1
29220,Rigid,1996528,1996531,1996532,3,1,4,completed,1
29221,Rigid,1996528,1996531,1996532,3,1,4,completed,1
29222,Rigid,1996528,1996531,1996532,3,1,4,completed,1
29223,Rigid,1996528,1996531,1996532,3,1,4,completed,1
29224,Rigid,1996529,1996531,1996532,2,1,3,completed,1
29225,Rigid,1996529,1996531,1996532,2,1,3,completed,1
29226,Rigid,1996529,1996531,1996532,2,1,3,completed,1
29227,Rigid,1996529,1996531,1996532,2,1,3,completed,1
29228,Rigid,1996529,1996531,1996532,2,1,3,completed,1
29229,Rigid,1996529,1996531,1996532,2,1,3,completed,1
29230,Rigid,1996529,1996531,1996532,2,1,3,completed,1
29231,Rigid,1996529,1996531,1996532,2,1,3,completed,1
29232,Rigid,1996529,1996531,1996532,2,1,3,completed,1
29233,Rigid,1996530,1996531,1996532,1,1,2,completed,1
29234,Rigid,1996530,1996531,1996532,1,1,2,completed,1
29235,Rigid,1996530,1996531,1996532,1,1,2,completed,1
29236,Rigid,1996530,1996531,1996532,1,1,2,completed,1
29237,Rigid,1996530,1996531,1996532,1,1,2,completed,1
29238,Rigid,1996530,1996531,1996532,1,1,2,completed,1
29239,Rigid,1996530,1996531,1996532,1,1,2,completed,1
29240,Rigid,1996530,1996531,1996532,1,1,2,completed,1
29241,Rigid,1996530,1996531,1996532,1,1,2,completed,1
29242,Rigid,1996531,1996533,1996534,2,1,3,completed,1
29243,Rigid,1996531,1996533,1996535,2,2,4,completed,1
29244,Rigid,1996531,1996533,1996534,2,1,3,completed,1
29245,Rigid,1996531,1996533,1996534,2,1,3,completed,1
29246,Rigid,1996531,1996533,1996535,2,2,4,completed,1
29247,Rigid,1996531,1996533,1996534,2,1,3,completed,1
29248,Rigid,1996531,1996533,1996535,2,2,4,completed,1
29249,Rigid,1996531,1996533,1996535,2,2,4,completed,1
29250,Rigid,1996532,1996533,1996535,1,2,3,completed,1
29251,Rigid,1996532,1996533,1996534,1,1,2,completed,1
29252,Rigid,1996532,1996533,1996535,1,2,3,completed,1
29253,Rigid,1996532,1996533,1996535,1,2,3,completed,1
29254,Rigid,1996532,1996533,1996535,1,2,3,completed,1
29255,Rigid,1996532,1996533,1996535,1,2,3,completed,1
29256,Rigid,1996533,1996533,1996535,0,2,2,completed,1
29257,Rigid,1996533,1996533,1996535,0,2,2,completed,1
29258,Rigid,1996533,1996533,1996535,0,2,2,completed,1
29259,Rigid,1996533,1996533,1996535,0,2,2,completed,1
29260,Rigid,1996533,1996534,1996535,1,1,2,completed,1
29261,Rigid,1996534,1996534,1996535,0,1,1,completed,1
29262,Rigid,1996534,1996534,1996535,0,1,1,completed,1
29263,Rigid,1996534,1996536,1996537,2,1,3,completed,1
29264,Rigid,1996534,1996536,1996537,2,1,3,completed,1
29265,Rigid,1996534,1996536,1996537,2,1,3,completed,1
29266,Rigid,1996534,1996536,1996537,2,1,3,completed,1
29267,Rigid,1996534,1996536,1996537,2,1,3,completed,1
29268,Rigid,1996534,1996536,1996537,2,1,3,completed,1
29269,Rigid,1996534,1996536,1996537,2,1,3,completed,1
29270,Rigid,1996535,1996536,1996537,1,1,2,completed,1
29271,Rigid,1996535,1996536,1996537,1,1,2,completed,1
29272,Rigid,1996535,1996536,1996537,1,1,2,completed,1
29273,Rigid,1996535,1996536,1996537,1,1,2,completed,1
29274,Rigid,1996536,1996536,1996537,0,1,1,completed,1
29275,Rigid,1996536,1996536,1996538,0,2,2,completed,1
29276,Rigid,1996536,1996537,1996538,1,1,2,completed,1
29277,Rigid,1996536,1996537,1996538,1,1,2,completed,1
29278,Rigid,1996536,1996537,1996538,1,1,2,completed,1
29279,Rigid,1996537,1996537,1996538,0,1,1,completed,1
29280,Rigid,1996537,1996538,1996539,1,1,2,completed,1
29281,Rigid,1996537,1996538,1996539,1,1,2,completed,1
29282,Rigid,1996537,1996538,1996539,1,1,2,completed,1
29283,Rigid,1996537,1996538,1996539,1,1,2,completed,1
29284,Rigid,1996537,1996538,1996539,1,1,2,completed,1
29285,Rigid,1996537,1996538,1996539,1,1,2,completed,1
29286,Rigid,1996537,1996538,1996539,1,1,2,completed,1
29287,Rigid,1996537,1996538,1996539,1,1,2,completed,1
29288,Rigid,1996538,1996538,1996539,0,1,1,completed,1
29289,Rigid,1996538,1996538,1996539,0,1,1,completed,1
29290,Rigid,1996538,1996538,1996539,0,1,1,completed,1
29291,Rigid,1996538,1996538,1996539,0,1,1,completed,1
29292,Rigid,1996538,1996538,1996539,0,1,1,completed,1
29293,Rigid,1996538,1996538,1996539,0,1,1,completed,1
29294,Rigid,1996538,1996538,1996539,0,1,1,completed,1
29295,Rigid,1996538,1996538,1996539,0,1,1,completed,1
29296,Rigid,1996538,1996538,1996539,0,1,1,completed,1
29297,Rigid,1996538,1996539,1996540,1,1,2,completed,1
29298,Rigid,1996539,1996539,1996540,0,1,1,completed,1
29299,Rigid,1996539,1996539,1996540,0,1,1,completed,1
29300,Rigid,1996539,1996539,1996540,0,1,1,completed,1
29301,Rigid,1996539,1996540,1996541,1,1,2,completed,1
29302,Rigid,1996539,1996540,1996541,1,1,2,completed,1
29303,Rigid,1996539,1996540,1996541,1,1,2,completed,1
29304,Rigid,1996539,1996540,1996541,1,1,2,completed,1
29305,Rigid,1996539,1996540,1996541,1,1,2,completed,1
29306,Rigid,1996539,1996540,1996541,1,1,2,completed,1
29307,Rigid,1996539,1996540,1996542,1,2,3,completed,1
29308,Rigid,1996540,1996540,1996541,0,1,1,completed,1
29309,Rigid,1996540,1996540,1996541,0,1,1,completed,1
29310,Rigid,1996540,1996540,1996541,0,1,1,completed,1
29311,Rigid,1996540,1996540,1996541,0,1,1,completed,1
29312,Rigid,1996540,1996540,1996541,0,1,1,completed,1
29313,Rigid,1996540,1996540,1996541,0,1,1,completed,1
29314,Rigid,1996549,1996549,1996550,0,1,1,completed,1
29315,Rigid,1996549,1996553,1996554,4,1,5,completed,1
29316,Rigid,1996549,1996551,1996554,2,3,5,completed,1
29317,Rigid,1996549,1996551,1996554,2,3,5,completed,1
29318,Rigid,1996550,1996551,1996554,1,3,4,completed,1
29319,Rigid,1996550,1996551,1996554,1,3,4,completed,1
29320,Rigid,1996550,1996551,1996554,1,3,4,completed,1
29321,Rigid,1996550,1996551,1996554,1,3,4,completed,1
29322,Rigid,1996550,1996551,1996554,1,3,4,completed,1
29323,Rigid,1996550,1996551,1996554,1,3,4,completed,1
29324,Rigid,1996550,1996551,1996554,1,3,4,completed,1
29325,Rigid,1996550,1996551,1996554,1,3,4,completed,1
29326,Rigid,1996551,1996551,1996554,0,3,3,completed,1
29327,Rigid,1996551,1996551,1996554,0,3,3,completed,1
29328,Rigid,1996551,1996551,1996554,0,3,3,completed,1
29329,Rigid,1996551,1996551,1996554,0,3,3,completed,1
29330,Rigid,1996551,1996551,1996554,0,3,3,completed,1
29331,Rigid,1996551,1996551,1996554,0,3,3,completed,1
29332,Rigid,1996551,1996551,1996554,0,3,3,completed,1
29333,Rigid,1996551,1996551,1996554,0,3,3,completed,1
29334,Rigid,1996551,1996551,1996554,0,3,3,completed,1
29335,Rigid,1996553,1996553,1996554,0,1,1,completed,1
29336,Rigid,1996553,1996555,1996556,2,1,3,completed,1
29337,Rigid,1996553,1996555,1996556,2,1,3,completed,1
29338,Rigid,1996553,1996555,1996556,2,1,3,completed,1
29339,Rigid,1996553,1996555,1996556,2,1,3,completed,1
29340,Rigid,1996553,1996555,1996556,2,1,3,completed,1
29341,Rigid,1996553,1996555,1996556,2,1,3,completed,1
29342,Rigid,1996553,1996555,1996556,2,1,3,completed,1
29343,Rigid,1996553,1996555,1996556,2,1,3,completed,1
29344,Rigid,1996554,1996555,1996556,1,1,2,completed,1
29345,Rigid,1996554,1996555,1996556,1,1,2,completed,1
29346,Rigid,1996554,1996555,1996556,1,1,2,completed,1
29347,Rigid,1996554,1996555,1996556,1,1,2,completed,1
29348,Rigid,1996554,1996555,1996556,1,1,2,completed,1
29349,Rigid,1996554,1996555,1996556,1,1,2,completed,1
29350,Rigid,1996554,1996555,1996556,1,1,2,completed,1
29351,Rigid,1996554,1996555,1996556,1,1,2,completed,1
29352,Rigid,1996555,1996555,1996556,0,1,1,completed,1
29353,Rigid,1996555,1996555,1996556,0,1,1,completed,1
29354,Rigid,1996555,1996555,1996556,0,1,1,completed,1
29355,Rigid,1996555,1996555,1996556,0,1,1,completed,1
29356,Rigid,1996555,1996555,1996556,0,1,1,completed,1
29357,Rigid,1996555,1996555,1996556,0,1,1,completed,1
29358,Rigid,1996555,1996555,1996556,0,1,1,completed,1
29359,Rigid,1996555,1996557,1996558,2,1,3,completed,1
29360,Rigid,1996556,1996557,1996558,1,1,2,completed,1
29361,Rigid,1996556,1996557,1996558,1,1,2,completed,1
29362,Rigid,1996556,1996557,1996558,1,1,2,completed,1
29363,Rigid,1996556,1996557,1996558,1,1,2,completed,1
29364,Rigid,1996556,1996557,1996558,1,1,2,completed,1
29365,Rigid,1996556,1996557,1996558,1,1,2,completed,1
29366,Rigid,1996556,1996557,1996558,1,1,2,completed,1
29367,Rigid,1996556,1996557,1996558,1,1,2,completed,1
29368,Rigid,1996557,1996557,1996558,0,1,1,completed,1
29369,Rigid,1996557,1996557,1996558,0,1,1,completed,1
29370,Rigid,1996557,1996557,1996558,0,1,1,completed,1
29371,Rigid,1996557,1996557,1996558,0,1,1,completed,1
29372,Rigid,1996557,1996557,1996558,0,1,1,completed,1
29373,Rigid,1996558,1996559,1996560,1,1,2,completed,1
29374,Rigid,1996558,1996559,1996560,1,1,2,completed,1
29375,Rigid,1996558,1996559,1996560,1,1,2,completed,1
29376,Rigid,1996558,1996559,1996560,1,1,2,completed,1
29377,Rigid,1996558,1996559,1996560,1,1,2,completed,1
29378,Rigid,1996558,1996559,1996560,1,1,2,completed,1
29379,Rigid,1996558,1996559,1996560,1,1,2,completed,1
29380,Rigid,1996558,1996559,1996560,1,1,2,completed,1
29381,Rigid,1996559,1996559,1996561,0,2,2,completed,1
29382,Rigid,1996559,1996559,1996561,0,2,2,completed,1
29383,Rigid,1996559,1996559,1996561,0,2,2,completed,1
29384,Rigid,1996559,1996559,1996561,0,2,2,completed,1
29385,Rigid,1996559,1996559,1996561,0,2,2,completed,1
29386,Rigid,1996559,1996559,1996561,0,2,2,completed,1
29387,Rigid,1996559,1996559,1996561,0,2,2,completed,1
29388,Rigid,1996559,1996559,1996561,0,2,2,completed,1
29389,Rigid,1996559,1996559,1996561,0,2,2,completed,1
29390,Rigid,1996559,1996560,1996561,1,1,2,completed,1
29391,Rigid,1996560,1996561,1996562,1,1,2,completed,1
29392,Rigid,1996560,1996561,1996562,1,1,2,completed,1
29393,Rigid,1996560,1996561,1996562,1,1,2,completed,1
29394,Rigid,1996560,1996561,1996562,1,1,2,completed,1
29395,Rigid,1996560,1996561,1996562,1,1,2,completed,1
29396,Rigid,1996560,1996561,1996562,1,1,2,completed,1
29397,Rigid,1996560,1996561,1996562,1,1,2,completed,1
29398,Rigid,1996560,1996561,1996562,1,1,2,completed,1
29399,Rigid,1996561,1996561,1996562,0,1,1,completed,1
29400,Rigid,1996561,1996561,1996562,0,1,1,completed,1
29401,Rigid,1996561,1996561,1996562,0,1,1,completed,1
29402,Rigid,1996561,1996561,1996562,0,1,1,completed,1
29403,Rigid,1996561,1996561,1996562,0,1,1,completed,1
29404,Rigid,1996561,1996562,1996563,1,1,2,completed,1
29405,Rigid,1996561,1996562,1996563,1,1,2,completed,1
29406,Rigid,1996561,1996562,1996563,1,1,2,completed,1
29407,Rigid,1996562,1996562,1996563,0,1,1,completed,1
29408,Rigid,1996562,1996562,1996563,0,1,1,completed,1
29409,Rigid,1996562,1996562,1996563,0,1,1,completed,1
29410,Rigid,1996562,1996562,1996563,0,1,1,completed,1
29411,Rigid,1996566,2009581,2144681,13015,135100,148115,completed,108
29412,Rigid,1996571,1996573,1996574,2,1,3,completed,1
29413,Rigid,1996571,1996573,1996574,2,1,3,completed,1
29414,Rigid,1996571,1996573,1996574,2,1,3,completed,1
29415,Rigid,1996571,1996573,1996574,2,1,3,completed,1
29416,Rigid,1996571,1996573,1996574,2,1,3,completed,1
29417,Rigid,1996571,1996573,1996574,2,1,3,completed,1
29418,Rigid,1996571,1996573,1996574,2,1,3,completed,1
29419,Rigid,1996571,1996573,1996574,2,1,3,completed,1
29420,Rigid,1996571,1996573,1996574,2,1,3,completed,1
29421,Rigid,1996572,1996573,1996575,1,2,3,completed,1
29422,Rigid,1996572,1996573,1996575,1,2,3,completed,1
29423,Rigid,1996572,1996573,1996575,1,2,3,completed,1
29424,Rigid,1996572,1996573,1996575,1,2,3,completed,1
29425,Rigid,1996572,1996573,1996574,1,1,2,completed,1
29426,Rigid,1996572,1996573,1996574,1,1,2,completed,1
29427,Rigid,1996572,1996573,1996575,1,2,3,completed,1
29428,Rigid,1996572,1996573,1996576,1,3,4,completed,1
29429,Rigid,1996573,1996573,1996575,0,2,2,completed,1
29430,Rigid,1996573,1996573,1996574,0,1,1,completed,1
29431,Rigid,1996573,1996573,1996574,0,1,1,completed,1
29432,Rigid,1996573,1996573,1996574,0,1,1,completed,1
29433,Rigid,1996573,1996575,1996577,2,2,4,completed,1
29434,Rigid,1996573,1996575,1996576,2,1,3,completed,1
29435,Rigid,1996573,1996575,1996577,2,2,4,completed,1
29436,Rigid,1996574,1996575,1996577,1,2,3,completed,1
29437,Rigid,1996574,1996575,1996576,1,1,2,completed,1
29438,Rigid,1996574,1996575,1996577,1,2,3,completed,1
29439,Rigid,1996574,1996575,1996577,1,2,3,completed,1
29440,Rigid,1996574,1996575,1996577,1,2,3,completed,1
29441,Rigid,1996574,1996575,1996577,1,2,3,completed,1
29442,Rigid,1996574,1996575,1996577,1,2,3,completed,1
29443,Rigid,1996574,1996575,1996577,1,2,3,completed,1
29444,Rigid,1996574,1996575,1996577,1,2,3,completed,1
29445,Rigid,1996574,1996575,1996577,1,2,3,completed,1
29446,Rigid,1996575,1996575,1996577,0,2,2,completed,1
29447,Rigid,1996575,1996575,1996577,0,2,2,completed,1
29448,Rigid,1996575,1996575,1996577,0,2,2,completed,1
29449,Rigid,1996575,1996575,1996577,0,2,2,completed,1
29450,Rigid,1996575,1996575,1996577,0,2,2,completed,1
29451,Rigid,1996575,1996575,1996577,0,2,2,completed,1
29452,Rigid,1996575,1996575,1996577,0,2,2,completed,1
29453,Rigid,1996575,1996575,1996577,0,2,2,completed,1
29454,Rigid,1996575,1996575,1996577,0,2,2,completed,1
29455,Rigid,1996576,1996576,1996577,0,1,1,completed,1
29456,Rigid,1996576,1996576,1996577,0,1,1,completed,1
29457,Rigid,1996576,1996576,1996577,0,1,1,completed,1
29458,Rigid,1996576,1996576,1996577,0,1,1,completed,1
29459,Rigid,1996576,1996576,1996577,0,1,1,completed,1
29460,Rigid,1996576,1996577,1996578,1,1,2,completed,1
29461,Rigid,1996576,1996577,1996578,1,1,2,completed,1
29462,Rigid,1996576,1996577,1996578,1,1,2,completed,1
29463,Rigid,1996576,1996577,1996578,1,1,2,completed,1
29464,Rigid,1996577,1996577,1996578,0,1,1,completed,1
29465,Rigid,1996577,1996577,1996578,0,1,1,completed,1
29466,Rigid,1996577,1996577,1996578,0,1,1,completed,1
29467,Rigid,1996577,1996577,1996578,0,1,1,completed,1
29468,Rigid,1996577,1996577,1996578,0,1,1,completed,1
29469,Rigid,1996577,1996577,1996578,0,1,1,completed,1
29470,Rigid,1996577,1996577,1996578,0,1,1,completed,1
29471,Rigid,1996577,1996577,1996578,0,1,1,completed,1
29472,Rigid,1996577,1996578,1996579,1,1,2,completed,1
29473,Rigid,1996578,1996578,1996579,0,1,1,completed,1
29474,Rigid,1996578,1996578,1996579,0,1,1,completed,1
29475,Rigid,1996578,1996578,1996579,0,1,1,completed,1
29476,Rigid,1996578,1996578,1996579,0,1,1,completed,1
29477,Rigid,1996578,1996578,1996579,0,1,1,completed,1
29478,Rigid,1996578,1996578,1996579,0,1,1,completed,1
29479,Rigid,1996578,1996578,1996579,0,1,1,completed,1
29480,Rigid,1996578,1996579,1996580,1,1,2,completed,1
29481,Rigid,1996578,1996579,1996580,1,1,2,completed,1
29482,Rigid,1996579,1996579,1996580,0,1,1,completed,1
29483,Rigid,1996579,1996579,1996580,0,1,1,completed,1
29484,Rigid,1996579,1996579,1996580,0,1,1,completed,1
29485,Rigid,1996579,1996579,1996580,0,1,1,completed,1
29486,Rigid,1996579,1996579,1996580,0,1,1,completed,1
29487,Rigid,1996579,1996579,1996580,0,1,1,completed,1
29488,Rigid,1996579,1996579,1996580,0,1,1,completed,1
29489,Rigid,1996579,1996579,1996580,0,1,1,completed,1
29490,Rigid,1996579,1996579,1996580,0,1,1,completed,1
29491,Rigid,1996579,1996579,1996580,0,1,1,completed,1
29492,Rigid,1996580,1996580,1996581,0,1,1,completed,1
29493,Rigid,1996580,1996580,1996581,0,1,1,completed,1
29494,Rigid,1996580,1996580,1996581,0,1,1,completed,1
29495,Rigid,1996580,1996580,1996581,0,1,1,completed,1
29496,Rigid,1996580,1996580,1996581,0,1,1,completed,1
29497,Rigid,1996580,1996580,1996581,0,1,1,completed,1
29498,Rigid,1996580,1996580,1996581,0,1,1,completed,1
29499,Rigid,1996580,1996580,1996581,0,1,1,completed,1
29500,Rigid,1996580,1996581,1996583,1,2,3,completed,1
29501,Rigid,1996581,1996581,1996583,0,2,2,completed,1
29502,Rigid,1996581,1996581,1996584,0,3,3,completed,1
29503,Rigid,1996581,1996581,1996584,0,3,3,completed,1
29504,Rigid,1996581,1996581,1996583,0,2,2,completed,1
29505,Rigid,1996581,1996581,1996583,0,2,2,completed,1
29506,Rigid,1996581,1996581,1996584,0,3,3,completed,1
29507,Rigid,1996581,1996581,1996584,0,3,3,completed,1
29508,Rigid,1996582,1996582,1996584,0,2,2,completed,1
29509,Rigid,1996582,1996582,1996584,0,2,2,completed,1
29510,Rigid,1996582,1996582,1996584,0,2,2,completed,1
29511,Rigid,1996582,1996582,1996584,0,2,2,completed,1
29512,Rigid,1996591,1996591,1996592,0,1,1,completed,1
29513,Rigid,1996591,1996591,1996592,0,1,1,completed,1
29514,Rigid,1996591,1996591,1996592,0,1,1,completed,1
29515,Rigid,1996591,1996591,1996592,0,1,1,completed,1
29516,Rigid,1996591,1996591,1996592,0,1,1,completed,1
29517,Rigid,1996591,1996593,1996595,2,2,4,completed,1
29518,Rigid,1996591,1996593,1996594,2,1,3,completed,1
29519,Rigid,1996592,1996593,1996595,1,2,3,completed,1
29520,Rigid,1996592,1996593,1996594,1,1,2,completed,1
29521,Rigid,1996592,1996593,1996595,1,2,3,completed,1
29522,Rigid,1996592,1996593,1996595,1,2,3,completed,1
29523,Rigid,1996593,1996593,1996595,0,2,2,completed,1
29524,Rigid,1996593,1996593,1996595,0,2,2,completed,1
29525,Rigid,1996593,1996593,1996594,0,1,1,completed,1
29526,Rigid,1996593,1996593,1996595,0,2,2,completed,1
29527,Rigid,1996593,1996593,1996594,0,1,1,completed,1
29528,Rigid,1996593,1996593,1996595,0,2,2,completed,1
29529,Rigid,1996593,1996593,1996594,0,1,1,completed,1
29530,Rigid,1996593,1996593,1996594,0,1,1,completed,1
29531,Rigid,1996593,1996593,1996594,0,1,1,completed,1
29532,Rigid,1996594,1996594,1996595,0,1,1,completed,1
29533,Rigid,1996594,1996594,1996595,0,1,1,completed,1
29534,Rigid,1996594,1996595,1996597,1,2,3,completed,1
29535,Rigid,1996594,1996595,1996597,1,2,3,completed,1
29536,Rigid,1996594,1996595,1996596,1,1,2,completed,1
29537,Rigid,1996594,1996595,1996596,1,1,2,completed,1
29538,Rigid,1996594,1996595,1996596,1,1,2,completed,1
29539,Rigid,1996594,1996595,1996597,1,2,3,completed,1
29540,Rigid,1996594,1996595,1996597,1,2,3,completed,1
29541,Rigid,1996594,1996595,1996597,1,2,3,completed,1
29542,Rigid,1996595,1996595,1996597,0,2,2,completed,1
29543,Rigid,1996595,1996595,1996597,0,2,2,completed,1
29544,Rigid,1996595,1996595,1996597,0,2,2,completed,1
29545,Rigid,1996595,1996595,1996597,0,2,2,completed,1
29546,Rigid,1996595,1996595,1996597,0,2,2,completed,1
29547,Rigid,1996595,1996595,1996597,0,2,2,completed,1
29548,Rigid,1996595,1996595,1996597,0,2,2,completed,1
29549,Rigid,1996595,1996595,1996597,0,2,2,completed,1
29550,Rigid,1996595,1996596,1996597,1,1,2,completed,1
29551,Rigid,1996596,1996596,1996597,0,1,1,completed,1
29552,Rigid,1996596,1996596,1996597,0,1,1,completed,1
29553,Rigid,1996596,1996596,1996597,0,1,1,completed,1
29554,Rigid,1996596,1996596,1996597,0,1,1,completed,1
29555,Rigid,1996596,1996596,1996597,0,1,1,completed,1
29556,Rigid,1996596,1996598,1996599,2,1,3,completed,1
29557,Rigid,1996596,1996598,1996599,2,1,3,completed,1
29558,Rigid,1996596,1996598,1996599,2,1,3,completed,1
29559,Rigid,1996596,1996598,1996599,2,1,3,completed,1
29560,Rigid,1996596,1996598,1996599,2,1,3,completed,1
29561,Rigid,1996597,1996598,1996599,1,1,2,completed,1
29562,Rigid,1996597,1996598,1996599,1,1,2,completed,1
29563,Rigid,1996597,1996598,1996599,1,1,2,completed,1
29564,Rigid,1996597,1996598,1996599,1,1,2,completed,1
29565,Rigid,1996597,1996598,1996599,1,1,2,completed,1
29566,Rigid,1996597,1996598,1996599,1,1,2,completed,1
29567,Rigid,1996598,1996598,1996599,0,1,1,completed,1
29568,Rigid,1996598,1996598,1996599,0,1,1,completed,1
29569,Rigid,1996598,1996598,1996599,0,1,1,completed,1
29570,Rigid,1996598,1996598,1996599,0,1,1,completed,1
29571,Rigid,1996598,1996598,1996599,0,1,1,completed,1
29572,Rigid,1996598,1996598,1996599,0,1,1,completed,1
29573,Rigid,1996598,1996598,1996599,0,1,1,completed,1
29574,Rigid,1996598,1996598,1996599,0,1,1,completed,1
29575,Rigid,1996598,1996599,1996600,1,1,2,completed,1
29576,Rigid,1996598,1996599,1996600,1,1,2,completed,1
29577,Rigid,1996599,1996599,1996600,0,1,1,completed,1
29578,Rigid,1996599,1996599,1996600,0,1,1,completed,1
29579,Rigid,1996599,1996599,1996600,0,1,1,completed,1
29580,Rigid,1996599,1996599,1996600,0,1,1,completed,1
29581,Rigid,1996599,1996599,1996600,0,1,1,completed,1
29582,Rigid,1996599,1996599,1996600,0,1,1,completed,1
29583,Rigid,1996599,1996599,1996600,0,1,1,completed,1
29584,Rigid,1996600,1996600,1996601,0,1,1,completed,1
29585,Rigid,1996600,1996600,1996601,0,1,1,completed,1
29586,Rigid,1996600,1996600,1996601,0,1,1,completed,1
29587,Rigid,1996600,1996600,1996601,0,1,1,completed,1
29588,Rigid,1996600,1996600,1996601,0,1,1,completed,1
29589,Rigid,1996600,1996600,1996601,0,1,1,completed,1
29590,Rigid,1996600,1996600,1996601,0,1,1,completed,1
29591,Rigid,1996600,1996600,1996601,0,1,1,completed,1
29592,Rigid,1996600,1996600,1996601,0,1,1,completed,1
29593,Rigid,1996601,1996602,1996603,1,1,2,completed,1
29594,Rigid,1996601,1996602,1996603,1,1,2,completed,1
29595,Rigid,1996601,1996602,1996603,1,1,2,completed,1
29596,Rigid,1996601,1996602,1996603,1,1,2,completed,1
29597,Rigid,1996601,1996602,1996603,1,1,2,completed,1
29598,Rigid,1996601,1996602,1996603,1,1,2,completed,1
29599,Rigid,1996601,1996602,1996603,1,1,2,completed,1
29600,Rigid,1996601,1996602,1996603,1,1,2,completed,1
29601,Rigid,1996601,1996602,1996603,1,1,2,completed,1
29602,Rigid,1996601,1996602,1996603,1,1,2,completed,1
29603,Rigid,1996602,1996602,1996603,0,1,1,completed,1
29604,Rigid,1996602,1996602,1996603,0,1,1,completed,1
29605,Rigid,1996602,1996602,1996603,0,1,1,completed,1
29606,Rigid,1996602,1996602,1996603,0,1,1,completed,1
29607,Rigid,1996602,1996602,1996603,0,1,1,completed,1
29608,Rigid,1996611,1996611,1996612,0,1,1,completed,1
29609,Rigid,1996612,1996614,1996616,2,2,4,completed,1
29610,Rigid,1996612,1996614,1996616,2,2,4,completed,1
29611,Rigid,1996612,1996614,1996616,2,2,4,completed,1
29612,Rigid,1996612,1996614,1996616,2,2,4,completed,1
29613,Rigid,1996612,1996614,1996616,2,2,4,completed,1
29614,Rigid,1996612,1996614,1996616,2,2,4,completed,1
29615,Rigid,1996612,1996614,1996616,2,2,4,completed,1
29616,Rigid,1996612,1996614,1996616,2,2,4,completed,1
29617,Rigid,1996613,1996614,1996616,1,2,3,completed,1
29618,Rigid,1996613,1996614,1996616,1,2,3,completed,1
29619,Rigid,1996613,1996614,1996616,1,2,3,completed,1
29620,Rigid,1996613,1996614,1996616,1,2,3,completed,1
29621,Rigid,1996613,1996614,1996616,1,2,3,completed,1
29622,Rigid,1996613,1996614,1996616,1,2,3,completed,1
29623,Rigid,1996613,1996614,1996622,1,8,9,completed,1
29624,Rigid,1996613,1996614,1996627,1,13,14,completed,2
29625,Rigid,1996614,1996614,1996617,0,3,3,completed,1
29626,Rigid,1996614,1996614,1996627,0,13,13,completed,2
29627,Rigid,1996614,1996614,1996626,0,12,12,completed,2
29628,Rigid,1996614,1996614,1996626,0,12,12,completed,2
29629,Rigid,1996614,1996614,1996626,0,12,12,completed,2
29630,Rigid,1996614,1996614,1996626,0,12,12,completed,2
29631,Rigid,1996614,1996614,1996739,0,125,125,completed,2
29632,Rigid,1996616,1996617,1996626,1,9,10,completed,2
29633,Rigid,1996616,1996617,1996619,1,2,3,completed,1
29634,Rigid,1996616,1996617,1996626,1,9,10,completed,2
29635,Rigid,1996616,1996617,1996619,1,2,3,completed,1
29636,Rigid,1996616,1996617,1996667,1,50,51,completed,2
29637,Rigid,1996616,1996617,1996667,1,50,51,completed,2
29638,Rigid,1996617,1996617,1996626,0,9,9,completed,2
29639,Rigid,1996617,1996617,1996619,0,2,2,completed,1
29640,Rigid,1996617,1996617,1996626,0,9,9,completed,2
29641,Rigid,1996617,1996617,1996626,0,9,9,completed,2
29642,Rigid,1996617,1996617,1996626,0,9,9,completed,2
29643,Rigid,1996617,1996617,1996626,0,9,9,completed,2
29644,Rigid,1996617,1996617,1996626,0,9,9,completed,2
29645,Rigid,1996617,1996619,1996626,2,7,9,completed,2
29646,Rigid,1996617,1996617,1996667,0,50,50,completed,2
29647,Rigid,1996617,1996617,1996667,0,50,50,completed,2
29648,Rigid,1996618,1996619,1996626,1,7,8,completed,2
29649,Rigid,1996618,1996619,1996626,1,7,8,completed,2
29650,Rigid,1996618,1996619,1996626,1,7,8,completed,2
29651,Rigid,1996618,1996619,1996626,1,7,8,completed,2
29652,Rigid,1996618,1996619,1996626,1,7,8,completed,2
29653,Rigid,1996618,1996619,1996626,1,7,8,completed,2
29654,Rigid,1996618,1996619,1996620,1,1,2,completed,1
29655,Rigid,1996618,1996619,1996626,1,7,8,completed,2
29656,Rigid,1996618,1996619,1996626,1,7,8,completed,2
29657,Rigid,1996619,1996620,1996627,1,7,8,completed,2
29658,Rigid,1996619,1996620,1996628,1,8,9,completed,2
29659,Rigid,1996619,1996620,1996627,1,7,8,completed,2
29660,Rigid,1996619,1996620,1996627,1,7,8,completed,2
29661,Rigid,1996619,1996620,1996621,1,1,2,completed,1
29662,Rigid,1996619,1996620,1996627,1,7,8,completed,2
29663,Rigid,1996619,1996620,1996627,1,7,8,completed,2
29664,Rigid,1996619,1996620,1996627,1,7,8,completed,2
29665,Rigid,1996619,1996619,1996668,0,49,49,completed,2
29666,Rigid,1996619,1996620,1996668,1,48,49,completed,2
29667,Rigid,1996620,1996620,1996628,0,8,8,completed,2
29668,Rigid,1996620,1996620,1996627,0,7,7,completed,2
29669,Rigid,1996620,1996620,1996626,0,6,6,completed,2
29670,Rigid,1996620,1996621,1996627,1,6,7,completed,2
29671,Rigid,1996620,1996621,1996628,1,7,8,completed,2
29672,Rigid,1996620,1996621,1996628,1,7,8,completed,2
29673,Rigid,1996620,1996621,1996623,1,2,3,completed,1
29674,Rigid,1996620,1996621,1996628,1,7,8,completed,2
29675,Rigid,1996620,1996621,1996668,1,47,48,completed,2
29676,Rigid,1996621,1996621,1996628,0,7,7,completed,2
29677,Rigid,1996621,1996621,1996628,0,7,7,completed,2
29678,Rigid,1996621,1996621,1996623,0,2,2,completed,1
29679,Rigid,1996621,1996621,1996628,0,7,7,completed,2
29680,Rigid,1996621,1996621,1996623,0,2,2,completed,1
29681,Rigid,1996621,1996621,1996628,0,7,7,completed,2
29682,Rigid,1996621,1996623,1996624,2,1,3,completed,1
29683,Rigid,1996621,1996621,1996668,0,47,47,completed,2
29684,Rigid,1996621,1996621,1996668,0,47,47,completed,2
29685,Rigid,1996622,1996623,1996629,1,6,7,completed,2
29686,Rigid,1996622,1996623,1996624,1,1,2,completed,1
29687,Rigid,1996622,1996623,1996629,1,6,7,completed,2
29688,Rigid,1996622,1996623,1996629,1,6,7,completed,2
29689,Rigid,1996622,1996623,1996668,1,45,46,completed,2
29690,Rigid,1996622,1996623,1996668,1,45,46,completed,2
29691,Rigid,1996622,1996623,1996668,1,45,46,completed,2
29692,Rigid,1996622,1996623,1996668,1,45,46,completed,2
29693,Rigid,1996623,1996623,1996629,0,6,6,completed,2
29694,Rigid,1996623,1996623,1996624,0,1,1,completed,1
29695,Rigid,1996623,1996623,1996629,0,6,6,completed,2
29696,Rigid,1996623,1996623,1996631,0,8,8,completed,2
29697,Rigid,1996623,1996624,1996626,1,2,3,completed,1
29698,Rigid,1996623,1996624,1996631,1,7,8,completed,2
29699,Rigid,1996623,1996624,1996631,1,7,8,completed,2
29700,Rigid,1996623,1996623,1996667,0,44,44,completed,2
29701,Rigid,1996623,1996624,1996667,1,43,44,completed,2
29702,Rigid,1996624,1996624,1996626,0,2,2,completed,1
29703,Rigid,1996624,1996624,1996626,0,2,2,completed,1
29704,Rigid,1996624,1996624,1996631,0,7,7,completed,2
29705,Rigid,1996624,1996624,1996631,0,7,7,completed,2
29706,Rigid,1996624,1996624,1996630,0,6,6,completed,2
29707,Rigid,1996624,1996624,1996630,0,6,6,completed,2
29708,Rigid,1996634,1996634,1996641,0,7,7,completed,2
29709,Rigid,1996634,1996638,1996645,4,7,11,completed,2
29710,Rigid,1996634,1996638,1996640,4,2,6,completed,1
29711,Rigid,1996634,1996638,1996645,4,7,11,completed,2
29712,Rigid,1996634,1996638,1996645,4,7,11,completed,2
29713,Rigid,1996634,1996638,1996645,4,7,11,completed,2
29714,Rigid,1996634,1996634,1996667,0,33,33,completed,2
29715,Rigid,1996634,1996638,1996667,4,29,33,completed,2
29716,Rigid,1996634,1996638,1996667,4,29,33,completed,2
29717,Rigid,1996635,1996638,1996640,3,2,5,completed,1
29718,Rigid,1996635,1996638,1996645,3,7,10,completed,2
29719,Rigid,1996637,1996638,1996645,1,7,8,completed,2
29720,Rigid,1996637,1996638,1996640,1,2,3,completed,1
29721,Rigid,1996637,1996638,1996645,1,7,8,completed,2
29722,Rigid,1996637,1996638,1996645,1,7,8,completed,2
29723,Rigid,1996637,1996638,1996645,1,7,8,completed,2
29724,Rigid,1996637,1996638,1996645,1,7,8,completed,2
29725,Rigid,1996637,1996638,1996645,1,7,8,completed,2
29726,Rigid,1996637,1996638,1996667,1,29,30,completed,2
29727,Rigid,1996637,1996638,1996667,1,29,30,completed,2
29728,Rigid,1996638,1996638,1996645,0,7,7,completed,2
29729,Rigid,1996638,1996638,1996645,0,7,7,completed,2
29730,Rigid,1996638,1996638,1996640,0,2,2,completed,1
29731,Rigid,1996638,1996638,1996640,0,2,2,completed,1
29732,Rigid,1996638,1996638,1996645,0,7,7,completed,2
29733,Rigid,1996638,1996638,1996640,0,2,2,completed,1
29734,Rigid,1996638,1996641,1996643,3,2,5,completed,1
29735,Rigid,1996638,1996641,1996648,3,7,10,completed,2
29736,Rigid,1996638,1996641,1996648,3,7,10,completed,2
29737,Rigid,1996638,1996638,1996667,0,29,29,completed,2
29738,Rigid,1996639,1996641,1996648,2,7,9,completed,2
29739,Rigid,1996639,1996641,1996648,2,7,9,completed,2
29740,Rigid,1996639,1996641,1996648,2,7,9,completed,2
29741,Rigid,1996639,1996641,1996643,2,2,4,completed,1
29742,Rigid,1996639,1996641,1996648,2,7,9,completed,2
29743,Rigid,1996639,1996641,1996668,2,27,29,completed,2
29744,Rigid,1996640,1996641,1996648,1,7,8,completed,2
29745,Rigid,1996640,1996641,1996648,1,7,8,completed,2
29746,Rigid,1996640,1996641,1996643,1,2,3,completed,1
29747,Rigid,1996640,1996641,1996648,1,7,8,completed,2
29748,Rigid,1996640,1996641,1996643,1,2,3,completed,1
29749,Rigid,1996640,1996641,1996648,1,7,8,completed,2
29750,Rigid,1996640,1996641,1996647,1,6,7,completed,2
29751,Rigid,1996640,1996641,1996668,1,27,28,completed,2
29752,Rigid,1996640,1996641,1996668,1,27,28,completed,2
29753,Rigid,1996640,1996641,1996668,1,27,28,completed,2
29754,Rigid,1996641,1996641,1996648,0,7,7,completed,2
29755,Rigid,1996641,1996641,1996643,0,2,2,completed,1
29756,Rigid,1996642,1996642,1996644,0,2,2,completed,1
29757,Rigid,1996642,1996642,1996648,0,6,6,completed,2
29758,Rigid,1996642,1996642,1996649,0,7,7,completed,2
29759,Rigid,1996642,1996642,1996649,0,7,7,completed,2
29760,Rigid,1996642,1996644,1996650,2,6,8,completed,2
29761,Rigid,1996642,1996644,1996650,2,6,8,completed,2
29762,Rigid,1996642,1996642,1996673,0,31,31,completed,2
29763,Rigid,1996642,1996642,1996667,0,25,25,completed,2
29764,Rigid,1996643,1996644,1996650,1,6,7,completed,2
29765,Rigid,1996643,1996644,1996646,1,2,3,completed,1
29766,Rigid,1996643,1996644,1996645,1,1,2,completed,1
29767,Rigid,1996643,1996644,1996650,1,6,7,completed,2
29768,Rigid,1996643,1996644,1996650,1,6,7,completed,2
29769,Rigid,1996643,1996644,1996645,1,1,2,completed,1
29770,Rigid,1996643,1996644,1996650,1,6,7,completed,2
29771,Rigid,1996643,1996644,1996650,1,6,7,completed,2
29772,Rigid,1996643,1996644,1996668,1,24,25,completed,2
29773,Rigid,1996643,1996644,1996668,1,24,25,completed,2
29774,Rigid,1996644,1996644,1996651,0,7,7,completed,2
29775,Rigid,1996644,1996644,1996650,0,6,6,completed,2
29776,Rigid,1996644,1996645,1996647,1,2,3,completed,1
29777,Rigid,1996644,1996645,1996653,1,8,9,completed,2
29778,Rigid,1996644,1996645,1996647,1,2,3,completed,1
29779,Rigid,1996644,1996645,1996653,1,8,9,completed,2
29780,Rigid,1996644,1996644,1996667,0,23,23,completed,2
29781,Rigid,1996644,1996644,1996667,0,23,23,completed,2
29782,Rigid,1996645,1996645,1996652,0,7,7,completed,2
29783,Rigid,1996645,1996646,1996648,1,2,3,completed,1
29784,Rigid,1996645,1996646,1996654,1,8,9,completed,2
29785,Rigid,1996645,1996645,1996667,0,22,22,completed,2
29786,Rigid,1996645,1996645,1996667,0,22,22,completed,2
29787,Rigid,1996646,1996646,1996654,0,8,8,completed,2
29788,Rigid,1996646,1996647,1996654,1,7,8,completed,2
29789,Rigid,1996647,1996647,1996653,0,6,6,completed,2
29790,Rigid,1996647,1996647,1996649,0,2,2,completed,1
29791,Rigid,1996648,1996648,1996667,0,19,19,completed,2
29792,Rigid,1996658,1996658,1996665,0,7,7,completed,2
29793,Rigid,1996658,1996658,1996664,0,6,6,completed,2
29794,Rigid,1996658,1996658,1996665,0,7,7,completed,2
29795,Rigid,1996658,1996658,1996660,0,2,2,completed,1
29796,Rigid,1996658,1996661,1996663,3,2,5,completed,1
29797,Rigid,1996658,1996658,1996680,0,22,22,completed,2
29798,Rigid,1996658,1996658,1996680,0,22,22,completed,2
29799,Rigid,1996659,1996661,1996667,2,6,8,completed,2
29800,Rigid,1996659,1996661,1996667,2,6,8,completed,2
29801,Rigid,1996659,1996661,1996668,2,7,9,completed,2
29802,Rigid,1996659,1996661,1996668,2,7,9,completed,2
29803,Rigid,1996659,1996661,1996663,2,2,4,completed,1
29804,Rigid,1996659,1996661,1996669,2,8,10,completed,2
29805,Rigid,1996659,1996661,1996680,2,19,21,completed,2
29806,Rigid,1996659,1996661,1996680,2,19,21,completed,2
29807,Rigid,1996660,1996661,1996663,1,2,3,completed,1
29808,Rigid,1996660,1996661,1996668,1,7,8,completed,2
29809,Rigid,1996660,1996661,1996667,1,6,7,completed,2
29810,Rigid,1996660,1996661,1996663,1,2,3,completed,1
29811,Rigid,1996660,1996661,1996668,1,7,8,completed,2
29812,Rigid,1996660,1996661,1996680,1,19,20,completed,2
29813,Rigid,1996661,1996661,1996668,0,7,7,completed,2
29814,Rigid,1996661,1996661,1996669,0,8,8,completed,2
29815,Rigid,1996661,1996661,1996667,0,6,6,completed,2
29816,Rigid,1996661,1996661,1996668,0,7,7,completed,2
29817,Rigid,1996661,1996661,1996663,0,2,2,completed,1
29818,Rigid,1996661,1996661,1996668,0,7,7,completed,2
29819,Rigid,1996661,1996662,1996664,1,2,3,completed,1
29820,Rigid,1996661,1996661,1996680,0,19,19,completed,2
29821,Rigid,1996662,1996662,1996669,0,7,7,completed,2
29822,Rigid,1996662,1996662,1996669,0,7,7,completed,2
29823,Rigid,1996662,1996662,1996664,0,2,2,completed,1
29824,Rigid,1996662,1996662,1996664,0,2,2,completed,1
29825,Rigid,1996662,1996662,1996681,0,19,19,completed,2
29826,Rigid,1996662,1996662,1996681,0,19,19,completed,2
29827,Rigid,1996663,1996663,1996670,0,7,7,completed,2
29828,Rigid,1996663,1996663,1996670,0,7,7,completed,2
29829,Rigid,1996663,1996664,1996671,1,7,8,completed,2
29830,Rigid,1996663,1996664,1996670,1,6,7,completed,2
29831,Rigid,1996663,1996664,1996670,1,6,7,completed,2
29832,Rigid,1996663,1996664,1996670,1,6,7,completed,2
29833,Rigid,1996663,1996663,1996681,0,18,18,completed,2
29834,Rigid,1996663,1996664,1996683,1,19,20,completed,2
29835,Rigid,1996664,1996664,1996665,0,1,1,completed,1
29836,Rigid,1996664,1996664,1996670,0,6,6,completed,2
29837,Rigid,1996664,1996664,1996665,0,1,1,completed,1
29838,Rigid,1996664,1996664,1996670,0,6,6,completed,2
29839,Rigid,1996664,1996664,1996665,0,1,1,completed,1
29840,Rigid,1996664,1996664,1996671,0,7,7,completed,2
29841,Rigid,1996664,1996664,1996683,0,19,19,completed,2
29842,Rigid,1996664,1996664,1996683,0,19,19,completed,2
29843,Rigid,1996665,1996665,1996670,0,5,5,completed,2
29844,Rigid,1996665,1996666,1996672,1,6,7,completed,2
29845,Rigid,1996665,1996666,1996671,1,5,6,completed,2
29846,Rigid,1996665,1996666,1996667,1,1,2,completed,1
29847,Rigid,1996666,1996666,1996671,0,5,5,completed,2
29848,Rigid,1996666,1996666,1996673,0,7,7,completed,2
29849,Rigid,1996666,1996666,1996672,0,6,6,completed,2
29850,Rigid,1996666,1996666,1996668,0,2,2,completed,1
29851,Rigid,1996666,1996666,1996673,0,7,7,completed,2
29852,Rigid,1996666,1996666,1996684,0,18,18,completed,2
29853,Rigid,1996666,1996666,1996685,0,19,19,completed,2
29854,Rigid,1996666,1996666,1996679,0,13,13,completed,2
29855,Rigid,1996667,1996667,1996668,0,1,1,completed,1
29856,Rigid,1996667,1996667,1996687,0,20,20,completed,2
29857,Rigid,1996668,1996668,1996671,0,3,3,completed,1
29858,Rigid,1996668,1996668,1996716,0,48,48,completed,2
29859,Rigid,1996668,1996669,1996679,1,10,11,completed,2
29860,Rigid,1996668,1996669,1996679,1,10,11,completed,2
29861,Rigid,1996668,1996669,1996679,1,10,11,completed,2
29862,Rigid,1996679,1996680,1996686,1,6,7,completed,2
29863,Rigid,1996679,1996680,1996681,1,1,2,completed,1
29864,Rigid,1996679,1996680,1996697,1,17,18,completed,2
29865,Rigid,1996680,1996680,1996685,0,5,5,completed,2
29866,Rigid,1996680,1996680,1996685,0,5,5,completed,2
29867,Rigid,1996680,1996681,1996689,1,8,9,completed,2
29868,Rigid,1996680,1996681,1996687,1,6,7,completed,2
29869,Rigid,1996680,1996681,1996682,1,1,2,completed,1
29870,Rigid,1996680,1996681,1996686,1,5,6,completed,2
29871,Rigid,1996680,1996681,1996700,1,19,20,completed,2
29872,Rigid,1996681,1996681,1996683,0,2,2,completed,1
29873,Rigid,1996681,1996681,1996687,0,6,6,completed,2
29874,Rigid,1996681,1996681,1996687,0,6,6,completed,2
29875,Rigid,1996681,1996681,1996687,0,6,6,completed,2
29876,Rigid,1996681,1996681,1996688,0,7,7,completed,2
29877,Rigid,1996681,1996682,1996683,1,1,2,completed,1
29878,Rigid,1996681,1996682,1996683,1,1,2,completed,1
29879,Rigid,1996681,1996681,1996700,0,19,19,completed,2
29880,Rigid,1996682,1996682,1996687,0,5,5,completed,2
29881,Rigid,1996682,1996682,1996687,0,5,5,completed,2
29882,Rigid,1996682,1996682,1996687,0,5,5,completed,2
29883,Rigid,1996682,1996682,1996688,0,6,6,completed,2
29884,Rigid,1996682,1996682,1996684,0,2,2,completed,1
29885,Rigid,1996682,1996682,1996688,0,6,6,completed,2
29886,Rigid,1996682,1996682,1996700,0,18,18,completed,2
29887,Rigid,1996682,1996682,1996701,0,19,19,completed,2
29888,Rigid,1996682,1996682,1996700,0,18,18,completed,2
29889,Rigid,1996683,1996683,1996688,0,5,5,completed,2
29890,Rigid,1996683,1996684,1996690,1,6,7,completed,2
29891,Rigid,1996683,1996684,1996685,1,1,2,completed,1
29892,Rigid,1996683,1996684,1996685,1,1,2,completed,1
29893,Rigid,1996683,1996684,1996689,1,5,6,completed,2
29894,Rigid,1996683,1996684,1996691,1,7,8,completed,2
29895,Rigid,1996683,1996684,1996689,1,5,6,completed,2
29896,Rigid,1996683,1996684,1996716,1,32,33,completed,2
29897,Rigid,1996683,1996684,1996716,1,32,33,completed,2
29898,Rigid,1996683,1996684,1996716,1,32,33,completed,2
29899,Rigid,1996684,1996684,1996685,0,1,1,completed,1
29900,Rigid,1996684,1996684,1996689,0,5,5,completed,2
29901,Rigid,1996684,1996684,1996689,0,5,5,completed,2
29902,Rigid,1996684,1996684,1996685,0,1,1,completed,1
29903,Rigid,1996684,1996684,1996689,0,5,5,completed,2
29904,Rigid,1996684,1996684,1996689,0,5,5,completed,2
29905,Rigid,1996684,1996685,1996686,1,1,2,completed,1
29906,Rigid,1996684,1996684,1996702,0,18,18,completed,2
29907,Rigid,1996684,1996684,1996702,0,18,18,completed,2
29908,Rigid,1996685,1996685,1996690,0,5,5,completed,2
29909,Rigid,1996685,1996685,1996691,0,6,6,completed,2
29910,Rigid,1996685,1996685,1996691,0,6,6,completed,2
29911,Rigid,1996685,1996685,1996692,0,7,7,completed,2
29912,Rigid,1996685,1996685,1996687,0,2,2,completed,1
29913,Rigid,1996685,1996685,1996691,0,6,6,completed,2
29914,Rigid,1996685,1996685,1996691,0,6,6,completed,2
29915,Rigid,1996685,1996686,1996687,1,1,2,completed,1
29916,Rigid,1996685,1996686,1996691,1,5,6,completed,2
29917,Rigid,1996685,1996685,1996704,0,19,19,completed,2
29918,Rigid,1996686,1996686,1996687,0,1,1,completed,1
29919,Rigid,1996686,1996686,1996692,0,6,6,completed,2
29920,Rigid,1996686,1996686,1996692,0,6,6,completed,2
29921,Rigid,1996686,1996686,1996693,0,7,7,completed,2
29922,Rigid,1996686,1996686,1996687,0,1,1,completed,1
29923,Rigid,1996686,1996687,1996692,1,5,6,completed,2
29924,Rigid,1996686,1996686,1996703,0,17,17,completed,2
29925,Rigid,1996686,1996686,1996704,0,18,18,completed,2
29926,Rigid,1996686,1996686,1996704,0,18,18,completed,2
29927,Rigid,1996687,1996687,1996692,0,5,5,completed,2
29928,Rigid,1996687,1996687,1996694,0,7,7,completed,2
29929,Rigid,1996687,1996687,1996693,0,6,6,completed,2
29930,Rigid,1996687,1996688,1996693,1,5,6,completed,2
29931,Rigid,1996687,1996688,1996693,1,5,6,completed,2
29932,Rigid,1996687,1996688,1996689,1,1,2,completed,1
29933,Rigid,1996687,1996688,1996693,1,5,6,completed,2
29934,Rigid,1996687,1996688,1996716,1,28,29,completed,2
29935,Rigid,1996688,1996688,1996695,0,7,7,completed,2
29936,Rigid,1996688,1996688,1996696,0,8,8,completed,2
29937,Rigid,1996688,1996688,1996693,0,5,5,completed,2
29938,Rigid,1996688,1996688,1996689,0,1,1,completed,1
29939,Rigid,1996688,1996688,1996694,0,6,6,completed,2
29940,Rigid,1996688,1996688,1996693,0,5,5,completed,2
29941,Rigid,1996688,1996688,1996690,0,2,2,completed,1
29942,Rigid,1996688,1996688,1996717,0,29,29,completed,2
29943,Rigid,1996689,1996689,1996690,0,1,1,completed,1
29944,Rigid,1996689,1996689,1996694,0,5,5,completed,2
29945,Rigid,1996689,1996690,1996691,1,1,2,completed,1
29946,Rigid,1996689,1996690,1996695,1,5,6,completed,2
29947,Rigid,1996689,1996690,1996696,1,6,7,completed,2
29948,Rigid,1996689,1996690,1996691,1,1,2,completed,1
29949,Rigid,1996689,1996689,1996706,0,17,17,completed,2
29950,Rigid,1996689,1996689,1996706,0,17,17,completed,2
29951,Rigid,1996689,1996689,1996707,0,18,18,completed,2
29952,Rigid,1996690,1996690,1996695,0,5,5,completed,2
29953,Rigid,1996690,1996690,1996696,0,6,6,completed,2
29954,Rigid,1996690,1996690,1996696,0,6,6,completed,2
29955,Rigid,1996690,1996690,1996698,0,8,8,completed,2
29956,Rigid,1996690,1996690,1996707,0,17,17,completed,2
29957,Rigid,1996700,1996701,1996719,1,18,19,completed,2
29958,Rigid,1996701,1996701,1996702,0,1,1,completed,1
29959,Rigid,1996701,1996701,1996706,0,5,5,completed,2
29960,Rigid,1996701,1996701,1996707,0,6,6,completed,2
29961,Rigid,1996701,1996701,1996707,0,6,6,completed,2
29962,Rigid,1996701,1996701,1996703,0,2,2,completed,1
29963,Rigid,1996701,1996701,1996708,0,7,7,completed,2
29964,Rigid,1996701,1996701,1996707,0,6,6,completed,2
29965,Rigid,1996701,1996701,1996719,0,18,18,completed,2
29966,Rigid,1996701,1996701,1996718,0,17,17,completed,2
29967,Rigid,1996702,1996702,1996704,0,2,2,completed,1
29968,Rigid,1996702,1996702,1996709,0,7,7,completed,2
29969,Rigid,1996702,1996702,1996708,0,6,6,completed,2
29970,Rigid,1996702,1996702,1996710,0,8,8,completed,2
29971,Rigid,1996702,1996702,1996704,0,2,2,completed,1
29972,Rigid,1996702,1996703,1996710,1,7,8,completed,2
29973,Rigid,1996702,1996703,1996704,1,1,2,completed,1
29974,Rigid,1996702,1996703,1996709,1,6,7,completed,2
29975,Rigid,1996702,1996703,1996721,1,18,19,completed,2
29976,Rigid,1996702,1996703,1996722,1,19,20,completed,2
29977,Rigid,1996703,1996703,1996709,0,6,6,completed,2
29978,Rigid,1996703,1996703,1996705,0,2,2,completed,1
29979,Rigid,1996703,1996704,1996710,1,6,7,completed,2
29980,Rigid,1996703,1996704,1996705,1,1,2,completed,1
29981,Rigid,1996703,1996704,1996710,1,6,7,completed,2
29982,Rigid,1996703,1996704,1996710,1,6,7,completed,2
29983,Rigid,1996703,1996704,1996710,1,6,7,completed,2
29984,Rigid,1996703,1996703,1996721,0,18,18,completed,2
29985,Rigid,1996703,1996703,1996721,0,18,18,completed,2
29986,Rigid,1996704,1996705,1996710,1,5,6,completed,2
29987,Rigid,1996704,1996705,1996710,1,5,6,completed,2
29988,Rigid,1996704,1996705,1996706,1,1,2,completed,1
29989,Rigid,1996704,1996705,1996706,1,1,2,completed,1
29990,Rigid,1996704,1996705,1996710,1,5,6,completed,2
29991,Rigid,1996704,1996704,1996723,0,19,19,completed,2
29992,Rigid,1996704,1996705,1996724,1,19,20,completed,2
29993,Rigid,1996705,1996705,1996711,0,6,6,completed,2
29994,Rigid,1996705,1996705,1996706,0,1,1,completed,1
29995,Rigid,1996705,1996705,1996710,0,5,5,completed,2
29996,Rigid,1996705,1996705,1996706,0,1,1,completed,1
29997,Rigid,1996705,1996706,1996711,1,5,6,completed,2
29998,Rigid,1996705,1996705,1996723,0,18,18,completed,2
29999,Rigid,1996705,1996705,1996724,0,19,19,completed,2
30000,Rigid,1996705,1996706,1996724,1,18,19,completed,2
30001,Rigid,1996706,1996706,1996711,0,5,5,completed,2
30002,Rigid,1996706,1996706,1996707,0,1,1,completed,1
30003,Rigid,1996706,1996706,1996713,0,7,7,completed,2
30004,Rigid,1996706,1996706,1996711,0,5,5,completed,2
30005,Rigid,1996706,1996706,1996707,0,1,1,completed,1
30006,Rigid,1996706,1996706,1996713,0,7,7,completed,2
30007,Rigid,1996706,1996707,1996709,1,2,3,completed,1
30008,Rigid,1996706,1996707,1996713,1,6,7,completed,2
30009,Rigid,1996706,1996706,1996724,0,18,18,completed,2
30010,Rigid,1996706,1996707,1996726,1,19,20,completed,2
30011,Rigid,1996707,1996707,1996709,0,2,2,completed,1
30012,Rigid,1996707,1996707,1996713,0,6,6,completed,2
30013,Rigid,1996707,1996707,1996713,0,6,6,completed,2
30014,Rigid,1996707,1996707,1996709,0,2,2,completed,1
30015,Rigid,1996707,1996707,1996713,0,6,6,completed,2
30016,Rigid,1996707,1996707,1996714,0,7,7,completed,2
30017,Rigid,1996707,1996708,1996713,1,5,6,completed,2
30018,Rigid,1996707,1996707,1996726,0,19,19,completed,2
30019,Rigid,1996707,1996708,1996727,1,19,20,completed,2
30020,Rigid,1996707,1996708,1996726,1,18,19,completed,2
30021,Rigid,1996708,1996709,1996712,1,3,4,completed,1
30022,Rigid,1996708,1996709,1996712,1,3,4,completed,1
30023,Rigid,1996708,1996709,1996716,1,7,8,completed,2
30024,Rigid,1996709,1996709,1996716,0,7,7,completed,2
30025,Rigid,1996709,1996709,1996717,0,8,8,completed,2
30026,Rigid,1996709,1996710,1996729,1,19,20,completed,2
30027,Rigid,1996709,1996709,1996728,0,19,19,completed,2
30028,Rigid,1996710,1996710,1996712,0,2,2,completed,1
30029,Rigid,1996710,1996710,1996712,0,2,2,completed,1
30030,Rigid,1996710,1996712,1996719,2,7,9,completed,2
30031,Rigid,1996711,1996712,1996719,1,7,8,completed,2
30032,Rigid,1996711,1996712,1996719,1,7,8,completed,2
30033,Rigid,1996711,1996712,1996719,1,7,8,completed,2
30034,Rigid,1996711,1996712,1996718,1,6,7,completed,2
30035,Rigid,1996711,1996712,1996714,1,2,3,completed,1
30036,Rigid,1996711,1996712,1996731,1,19,20,completed,2
30037,Rigid,1996712,1996712,1996717,0,5,5,completed,2
30038,Rigid,1996712,1996712,1996731,0,19,19,completed,2
30039,Rigid,1996713,1996713,1996714,0,1,1,completed,1
30040,Rigid,1996713,1996713,1996719,0,6,6,completed,2
30041,Rigid,1996713,1996713,1996719,0,6,6,completed,2
30042,Rigid,1996713,1996713,1996720,0,7,7,completed,2
30043,Rigid,1996713,1996713,1996715,0,2,2,completed,1
30044,Rigid,1996713,1996713,1996720,0,7,7,completed,2
30045,Rigid,1996713,1996714,1996720,1,6,7,completed,2
30046,Rigid,1996713,1996714,1996719,1,5,6,completed,2
30047,Rigid,1996713,1996713,1996729,0,16,16,completed,2
30048,Rigid,1996713,1996713,1996730,0,17,17,completed,2
30049,Rigid,1996714,1996714,1996715,0,1,1,completed,1
30050,Rigid,1996724,1996724,1996730,0,6,6,completed,2
30051,Rigid,1996724,1996725,1996727,1,2,3,completed,1
30052,Rigid,1996724,1996725,1996731,1,6,7,completed,2
30053,Rigid,1996724,1996725,1996730,1,5,6,completed,2
30054,Rigid,1996724,1996725,1996732,1,7,8,completed,2
30055,Rigid,1996724,1996724,1996743,0,19,19,completed,2
30056,Rigid,1996724,1996725,1996742,1,17,18,completed,2
30057,Rigid,1996725,1996725,1996730,0,5,5,completed,2
30058,Rigid,1996725,1996725,1996730,0,5,5,completed,2
30059,Rigid,1996725,1996725,1996731,0,6,6,completed,2
30060,Rigid,1996725,1996727,1996733,2,6,8,completed,2
30061,Rigid,1996725,1996727,1996732,2,5,7,completed,2
30062,Rigid,1996725,1996727,1996733,2,6,8,completed,2
30063,Rigid,1996725,1996727,1996729,2,2,4,completed,1
30064,Rigid,1996725,1996727,1996734,2,7,9,completed,2
30065,Rigid,1996725,1996727,1996745,2,18,20,completed,2
30066,Rigid,1996726,1996727,1996732,1,5,6,completed,2
30067,Rigid,1996726,1996727,1996733,1,6,7,completed,2
30068,Rigid,1996726,1996727,1996733,1,6,7,completed,2
30069,Rigid,1996726,1996727,1996728,1,1,2,completed,1
30070,Rigid,1996726,1996727,1996734,1,7,8,completed,2
30071,Rigid,1996726,1996727,1996728,1,1,2,completed,1
30072,Rigid,1996726,1996727,1996734,1,7,8,completed,2
30073,Rigid,1996726,1996727,1996728,1,1,2,completed,1
30074,Rigid,1996726,1996727,1996746,1,19,20,completed,2
30075,Rigid,1996726,1996727,1996745,1,18,19,completed,2
30076,Rigid,1996727,1996727,1996733,0,6,6,completed,2
30077,Rigid,1996727,1996727,1996733,0,6,6,completed,2
30078,Rigid,1996727,1996727,1996746,0,19,19,completed,2
30079,Rigid,1996728,1996728,1996733,0,5,5,completed,2
30080,Rigid,1996728,1996728,1996734,0,6,6,completed,2
30081,Rigid,1996728,1996728,1996730,0,2,2,completed,1
30082,Rigid,1996728,1996728,1996746,0,18,18,completed,2
30083,Rigid,1996729,1996730,1996735,1,5,6,completed,2
30084,Rigid,1996729,1996730,1996735,1,5,6,completed,2
30085,Rigid,1996729,1996730,1996735,1,5,6,completed,2
30086,Rigid,1996729,1996730,1996731,1,1,2,completed,1
30087,Rigid,1996730,1996730,1996737,0,7,7,completed,2
30088,Rigid,1996730,1996730,1996736,0,6,6,completed,2
30089,Rigid,1996730,1996730,1996737,0,7,7,completed,2
30090,Rigid,1996730,1996730,1996737,0,7,7,completed,2
30091,Rigid,1996730,1996730,1996737,0,7,7,completed,2
30092,Rigid,1996730,1996730,1996732,0,2,2,completed,1
30093,Rigid,1996730,1996731,1996736,1,5,6,completed,2
30094,Rigid,1996730,1996730,1996748,0,18,18,completed,2
30095,Rigid,1996730,1996730,1996748,0,18,18,completed,2
30096,Rigid,1996731,1996731,1996749,0,18,18,completed,2
30097,Rigid,1996732,1996732,1996733,0,1,1,completed,1
30098,Rigid,1996732,1996732,1996733,0,1,1,completed,1
30099,Rigid,1996732,1996732,1996739,0,7,7,completed,2
30100,Rigid,1996732,1996732,1996739,0,7,7,completed,2
30101,Rigid,1996732,1996732,1996733,0,1,1,completed,1
30102,Rigid,1996732,1996732,1996737,0,5,5,completed,2
30103,Rigid,1996732,1996732,1996737,0,5,5,completed,2
30104,Rigid,1996732,1996732,1996737,0,5,5,completed,2
30105,Rigid,1996732,1996732,1996750,0,18,18,completed,2
30106,Rigid,1996733,1996733,1996738,0,5,5,completed,2
30107,Rigid,1996733,1996733,1996734,0,1,1,completed,1
30108,Rigid,1996733,1996733,1996739,0,6,6,completed,2
30109,Rigid,1996733,1996733,1996739,0,6,6,completed,2
30110,Rigid,1996733,1996733,1996740,0,7,7,completed,2
30111,Rigid,1996733,1996733,1996734,0,1,1,completed,1
30112,Rigid,1996733,1996733,1996739,0,6,6,completed,2
30113,Rigid,1996733,1996734,1996740,1,6,7,completed,2
30114,Rigid,1996733,1996733,1996750,0,17,17,completed,2
30115,Rigid,1996733,1996733,1996751,0,18,18,completed,2
30116,Rigid,1996734,1996734,1996740,0,6,6,completed,2
30117,Rigid,1996734,1996734,1996735,0,1,1,completed,1
30118,Rigid,1996734,1996734,1996735,0,1,1,completed,1
30119,Rigid,1996734,1996734,1996742,0,8,8,completed,2
30120,Rigid,1996734,1996734,1996742,0,8,8,completed,2
30121,Rigid,1996734,1996734,1996740,0,6,6,completed,2
30122,Rigid,1996734,1996734,1996736,0,2,2,completed,1
30123,Rigid,1996734,1996734,1996751,0,17,17,completed,2
30124,Rigid,1996734,1996734,1996752,0,18,18,completed,2
30125,Rigid,1996734,1996734,1996752,0,18,18,completed,2
30126,Rigid,1996735,1996735,1996740,0,5,5,completed,2
30127,Rigid,1996736,1996736,1996742,0,6,6,completed,2
30128,Rigid,1996736,1996736,1996738,0,2,2,completed,1
30129,Rigid,1996736,1996736,1996742,0,6,6,completed,2
30130,Rigid,1996736,1996736,1996743,0,7,7,completed,2
30131,Rigid,1996736,1996736,1996742,0,6,6,completed,2
30132,Rigid,1996736,1996736,1996743,0,7,7,completed,2
30133,Rigid,1996736,1996736,1996753,0,17,17,completed,2
30134,Rigid,1996736,1996736,1996754,0,18,18,completed,2
30135,Rigid,1996736,1996736,1996755,0,19,19,completed,2
30136,Rigid,1996736,1996736,1996754,0,18,18,completed,2
30137,Rigid,1996737,1996737,1996739,0,2,2,completed,1
30138,Rigid,1996737,1996737,1996739,0,2,2,completed,1
30139,Rigid,1996737,1996737,1996742,0,5,5,completed,2
30140,Rigid,1996737,1996737,1996739,0,2,2,completed,1
30141,Rigid,1996737,1996737,1996742,0,5,5,completed,2
30142,Rigid,1996737,1996737,1996755,0,18,18,completed,2
30143,Rigid,1996738,1996738,1996744,0,6,6,completed,2
30144,Rigid,1996738,1996738,1996740,0,2,2,completed,1
30145,Rigid,1996738,1996738,1996744,0,6,6,completed,2
30146,Rigid,1996738,1996738,1996745,0,7,7,completed,2
30147,Rigid,1996739,1996739,1996740,0,1,1,completed,1
30148,Rigid,1996739,1996739,1996756,0,17,17,completed,2
30149,Rigid,1996749,1996749,1996755,0,6,6,completed,2
30150,Rigid,1996749,1996749,1996755,0,6,6,completed,2
30151,Rigid,1996749,1996749,1996750,0,1,1,completed,1
30152,Rigid,1996749,1996749,1996756,0,7,7,completed,2
30153,Rigid,1996749,1996749,1996751,0,2,2,completed,1
30154,Rigid,1996749,1996749,1996755,0,6,6,completed,2
30155,Rigid,1996749,1996749,1996756,0,7,7,completed,2
30156,Rigid,1996749,1996749,1996767,0,18,18,completed,2
30157,Rigid,1996749,1996749,1996767,0,18,18,completed,2
30158,Rigid,1996749,1996749,1996768,0,19,19,completed,2
30159,Rigid,1996750,1996750,1996751,0,1,1,completed,1
30160,Rigid,1996750,1996750,1996756,0,6,6,completed,2
30161,Rigid,1996750,1996751,1996756,1,5,6,completed,2
30162,Rigid,1996750,1996751,1996752,1,1,2,completed,1
30163,Rigid,1996750,1996751,1996757,1,6,7,completed,2
30164,Rigid,1996750,1996751,1996757,1,6,7,completed,2
30165,Rigid,1996750,1996750,1996768,0,18,18,completed,2
30166,Rigid,1996750,1996751,1996769,1,18,19,completed,2
30167,Rigid,1996751,1996751,1996752,0,1,1,completed,1
30168,Rigid,1996751,1996751,1996756,0,5,5,completed,2
30169,Rigid,1996751,1996752,1996757,1,5,6,completed,2
30170,Rigid,1996751,1996752,1996758,1,6,7,completed,2
30171,Rigid,1996751,1996752,1996753,1,1,2,completed,1
30172,Rigid,1996751,1996752,1996757,1,5,6,completed,2
30173,Rigid,1996751,1996751,1996769,0,18,18,completed,2
30174,Rigid,1996751,1996752,1996769,1,17,18,completed,2
30175,Rigid,1996751,1996752,1996769,1,17,18,completed,2
30176,Rigid,1996752,1996752,1996758,0,6,6,completed,2
30177,Rigid,1996752,1996752,1996753,0,1,1,completed,1
30178,Rigid,1996752,1996752,1996757,0,5,5,completed,2
30179,Rigid,1996752,1996752,1996757,0,5,5,completed,2
30180,Rigid,1996752,1996752,1996754,0,2,2,completed,1
30181,Rigid,1996752,1996752,1996758,0,6,6,completed,2
30182,Rigid,1996752,1996752,1996758,0,6,6,completed,2
30183,Rigid,1996752,1996752,1996759,0,7,7,completed,2
30184,Rigid,1996752,1996753,1996758,1,5,6,completed,2
30185,Rigid,1996752,1996752,1996770,0,18,18,completed,2
30186,Rigid,1996753,1996753,1996759,0,6,6,completed,2
30187,Rigid,1996753,1996753,1996754,0,1,1,completed,1
30188,Rigid,1996754,1996754,1996760,0,6,6,completed,2
30189,Rigid,1996754,1996754,1996761,0,7,7,completed,2
30190,Rigid,1996754,1996754,1996759,0,5,5,completed,2
30191,Rigid,1996754,1996754,1996756,0,2,2,completed,1
30192,Rigid,1996754,1996754,1996760,0,6,6,completed,2
30193,Rigid,1996754,1996755,1996756,1,1,2,completed,1
30194,Rigid,1996754,1996755,1996760,1,5,6,completed,2
30195,Rigid,1996754,1996754,1996771,0,17,17,completed,2
30196,Rigid,1996754,1996754,1996772,0,18,18,completed,2
30197,Rigid,1996754,1996755,1996773,1,18,19,completed,2
30198,Rigid,1996755,1996755,1996760,0,5,5,completed,2
30199,Rigid,1996755,1996755,1996757,0,2,2,completed,1
30200,Rigid,1996755,1996755,1996762,0,7,7,completed,2
30201,Rigid,1996755,1996755,1996762,0,7,7,completed,2
30202,Rigid,1996755,1996755,1996761,0,6,6,completed,2
30203,Rigid,1996755,1996755,1996757,0,2,2,completed,1
30204,Rigid,1996755,1996755,1996761,0,6,6,completed,2
30205,Rigid,1996755,1996755,1996762,0,7,7,completed,2
30206,Rigid,1996755,1996755,1996774,0,19,19,completed,2
30207,Rigid,1996755,1996755,1996773,0,18,18,completed,2
30208,Rigid,1996756,1996756,1996757,0,1,1,completed,1
30209,Rigid,1996756,1996757,1996763,1,6,7,completed,2
30210,Rigid,1996756,1996757,1996763,1,6,7,completed,2
30211,Rigid,1996756,1996757,1996758,1,1,2,completed,1
30212,Rigid,1996756,1996757,1996762,1,5,6,completed,2
30213,Rigid,1996756,1996757,1996774,1,17,18,completed,2
30214,Rigid,1996757,1996757,1996763,0,6,6,completed,2
30215,Rigid,1996757,1996757,1996763,0,6,6,completed,2
30216,Rigid,1996757,1996757,1996763,0,6,6,completed,2
30217,Rigid,1996757,1996757,1996759,0,2,2,completed,1
30218,Rigid,1996757,1996757,1996764,0,7,7,completed,2
30219,Rigid,1996757,1996758,1996764,1,6,7,completed,2
30220,Rigid,1996757,1996757,1996774,0,17,17,completed,2
30221,Rigid,1996757,1996757,1996775,0,18,18,completed,2
30222,Rigid,1996757,1996757,1996776,0,19,19,completed,2
30223,Rigid,1996758,1996758,1996759,0,1,1,completed,1
30224,Rigid,1996758,1996759,1996760,1,1,2,completed,1
30225,Rigid,1996758,1996758,1996776,0,18,18,completed,2
30226,Rigid,1996758,1996759,1996776,1,17,18,completed,2
30227,Rigid,1996759,1996759,1996764,0,5,5,completed,2
30228,Rigid,1996759,1996759,1996764,0,5,5,completed,2
30229,Rigid,1996759,1996759,1996765,0,6,6,completed,2
30230,Rigid,1996759,1996759,1996760,0,1,1,completed,1
30231,Rigid,1996759,1996759,1996760,0,1,1,completed,1
30232,Rigid,1996759,1996759,1996764,0,5,5,completed,2
30233,Rigid,1996759,1996759,1996776,0,17,17,completed,2
30234,Rigid,1996760,1996760,1996761,0,1,1,completed,1
30235,Rigid,1996760,1996760,1996765,0,5,5,completed,2
30236,Rigid,1996760,1996760,1996761,0,1,1,completed,1
30237,Rigid,1996760,1996760,1996765,0,5,5,completed,2
30238,Rigid,1996760,1996760,1996765,0,5,5,completed,2
30239,Rigid,1996760,1996760,1996762,0,2,2,completed,1
30240,Rigid,1996760,1996760,1996766,0,6,6,completed,2
30241,Rigid,1996760,1996760,1996765,0,5,5,completed,2
30242,Rigid,1996760,1996760,1996778,0,18,18,completed,2
30243,Rigid,1996760,1996760,1996778,0,18,18,completed,2
30244,Rigid,1996760,2011683,2144690,14923,133007,147930,completed,108
30245,Rigid,1996761,1996761,1996766,0,5,5,completed,2
30246,Rigid,1996761,1996761,1996766,0,5,5,completed,2
30247,Rigid,1996761,1996761,1996766,0,5,5,completed,2
30248,Rigid,1996761,1996761,1996767,0,6,6,completed,2
30249,Rigid,1996761,1996761,1996778,0,17,17,completed,2
30250,Rigid,1996770,1996771,1996776,1,5,6,completed,2
30251,Rigid,1996770,1996771,1996777,1,6,7,completed,2
30252,Rigid,1996771,1996771,1996779,0,8,8,completed,2
30253,Rigid,1996771,1996771,1996778,0,7,7,completed,2
30254,Rigid,1996771,1996771,1996778,0,7,7,completed,2
30255,Rigid,1996771,1996771,1996773,0,2,2,completed,1
30256,Rigid,1996771,1996771,1996778,0,7,7,completed,2
30257,Rigid,1996771,1996771,1996778,0,7,7,completed,2
30258,Rigid,1996771,1996772,1996779,1,7,8,completed,2
30259,Rigid,1996771,1996772,1996775,1,3,4,completed,1
30260,Rigid,1996771,1996771,1996789,0,18,18,completed,2
30261,Rigid,1996771,1996772,1996790,1,18,19,completed,2
30262,Rigid,1996773,1996773,1996779,0,6,6,completed,2
30263,Rigid,1996774,1996775,1996782,1,7,8,completed,2
30264,Rigid,1996774,1996775,1996776,1,1,2,completed,1
30265,Rigid,1996774,1996775,1996780,1,5,6,completed,2
30266,Rigid,1996774,1996775,1996782,1,7,8,completed,2
30267,Rigid,1996774,1996775,1996782,1,7,8,completed,2
30268,Rigid,1996774,1996775,1996793,1,18,19,completed,2
30269,Rigid,1996775,1996775,1996780,0,5,5,completed,2
30270,Rigid,1996775,1996775,1996782,0,7,7,completed,2
30271,Rigid,1996775,1996775,1996781,0,6,6,completed,2
30272,Rigid,1996775,1996775,1996777,0,2,2,completed,1
30273,Rigid,1996775,1996775,1996777,0,2,2,completed,1
30274,Rigid,1996775,1996775,1996782,0,7,7,completed,2
30275,Rigid,1996775,1996775,1996793,0,18,18,completed,2
30276,Rigid,1996775,1996775,1996793,0,18,18,completed,2
30277,Rigid,1996775,1996775,1996794,0,19,19,completed,2
30278,Rigid,1996776,1996776,1996777,0,1,1,completed,1
30279,Rigid,1996776,1996776,1996782,0,6,6,completed,2
30280,Rigid,1996776,1996776,1996782,0,6,6,completed,2
30281,Rigid,1996776,1996776,1996783,0,7,7,completed,2
30282,Rigid,1996776,1996776,1996782,0,6,6,completed,2
30283,Rigid,1996776,1996776,1996782,0,6,6,completed,2
30284,Rigid,1996776,1996776,1996778,0,2,2,completed,1
30285,Rigid,1996776,1996776,1996778,0,2,2,completed,1
30286,Rigid,1996776,1996776,1996778,0,2,2,completed,1
30287,Rigid,1996776,1996776,1996793,0,17,17,completed,2
30288,Rigid,1996777,1996777,1996783,0,6,6,completed,2
30289,Rigid,1996777,1996777,1996778,0,1,1,completed,1
30290,Rigid,1996777,1996777,1996782,0,5,5,completed,2
30291,Rigid,1996777,1996777,1996782,0,5,5,completed,2
30292,Rigid,1996777,1996777,1996783,0,6,6,completed,2
30293,Rigid,1996777,1996777,1996782,0,5,5,completed,2
30294,Rigid,1996777,1996777,1996783,0,6,6,completed,2
30295,Rigid,1996777,1996777,1996794,0,17,17,completed,2
30296,Rigid,1996777,1996777,1996795,0,18,18,completed,2
30297,Rigid,1996777,1996777,1996795,0,18,18,completed,2
30298,Rigid,1996778,1996778,1996783,0,5,5,completed,2
30299,Rigid,1996778,1996778,1996783,0,5,5,completed,2
30300,Rigid,1996778,1996778,1996784,0,6,6,completed,2
30301,Rigid,1996778,1996778,1996783,0,5,5,completed,2
30302,Rigid,1996778,1996778,1996779,0,1,1,completed,1
30303,Rigid,1996778,1996778,1996780,0,2,2,completed,1
30304,Rigid,1996778,1996778,1996784,0,6,6,completed,2
30305,Rigid,1996778,1996778,1996796,0,18,18,completed,2
30306,Rigid,1996778,1996778,1996796,0,18,18,completed,2
30307,Rigid,1996778,1996778,1996797,0,19,19,completed,2
30308,Rigid,1996779,1996779,1996780,0,1,1,completed,1
30309,Rigid,1996779,1996779,1996785,0,6,6,completed,2
30310,Rigid,1996779,1996779,1996785,0,6,6,completed,2
30311,Rigid,1996779,1996779,1996781,0,2,2,completed,1
30312,Rigid,1996779,1996779,1996781,0,2,2,completed,1
30313,Rigid,1996779,1996779,1996786,0,7,7,completed,2
30314,Rigid,1996779,1996780,1996786,1,6,7,completed,2
30315,Rigid,1996779,1996780,1996786,1,6,7,completed,2
30316,Rigid,1996779,1996779,1996797,0,18,18,completed,2
30317,Rigid,1996779,1996779,1996796,0,17,17,completed,2
30318,Rigid,1996780,1996780,1996782,0,2,2,completed,1
30319,Rigid,1996780,1996780,1996787,0,7,7,completed,2
30320,Rigid,1996780,1996781,1996782,1,1,2,completed,1
30321,Rigid,1996780,1996781,1996782,1,1,2,completed,1
30322,Rigid,1996780,1996781,1996786,1,5,6,completed,2
30323,Rigid,1996780,1996780,1996798,0,18,18,completed,2
30324,Rigid,1996780,1996781,1996799,1,18,19,completed,2
30325,Rigid,1996780,1996781,1996798,1,17,18,completed,2
30326,Rigid,1996781,1996781,1996787,0,6,6,completed,2
30327,Rigid,1996781,1996782,1996783,1,1,2,completed,1
30328,Rigid,1996781,1996781,1996799,0,18,18,completed,2
30329,Rigid,1996782,1996782,1996788,0,6,6,completed,2
30330,Rigid,1996782,1996782,1996783,0,1,1,completed,1
30331,Rigid,1996782,1996782,1996783,0,1,1,completed,1
30332,Rigid,1996782,1996782,1996788,0,6,6,completed,2
30333,Rigid,1996782,1996782,1996783,0,1,1,completed,1
30334,Rigid,1996782,1996782,1996787,0,5,5,completed,2
30335,Rigid,1996782,1996782,1996788,0,6,6,completed,2
30336,Rigid,1996782,1996782,1996800,0,18,18,completed,2
30337,Rigid,1996782,1996782,1996800,0,18,18,completed,2
30338,Rigid,1996782,1996782,1996800,0,18,18,completed,2
30339,Rigid,1996783,1996783,1996788,0,5,5,completed,2
30340,Rigid,1996783,1996783,1996784,0,1,1,completed,1
30341,Rigid,1996783,1996783,1996784,0,1,1,completed,1
30342,Rigid,1996783,1996783,1996789,0,6,6,completed,2
30343,Rigid,1996783,1996783,1996789,0,6,6,completed,2
30344,Rigid,1996783,1996783,1996788,0,5,5,completed,2
30345,Rigid,1996783,1996783,1996788,0,5,5,completed,2
30346,Rigid,1996783,1996783,1996788,0,5,5,completed,2
30347,Rigid,1996783,1996783,1996800,0,17,17,completed,2
30348,Rigid,1996783,1996783,1996800,0,17,17,completed,2
30349,Rigid,1996784,1996784,1996790,0,6,6,completed,2
30350,Rigid,1996793,1996794,1996800,1,6,7,completed,2
30351,Rigid,1996793,1996794,1996800,1,6,7,completed,2
30352,Rigid,1996793,1996794,1996801,1,7,8,completed,2
30353,Rigid,1996794,1996794,1996800,0,6,6,completed,2
30354,Rigid,1996794,1996794,1996796,0,2,2,completed,1
30355,Rigid,1996794,1996794,1996800,0,6,6,completed,2
30356,Rigid,1996794,1996794,1996800,0,6,6,completed,2
30357,Rigid,1996794,1996794,1996799,0,5,5,completed,2
30358,Rigid,1996794,1996794,1996796,0,2,2,completed,1
30359,Rigid,1996794,1996794,1996812,0,18,18,completed,2
30360,Rigid,1996795,1996795,1996801,0,6,6,completed,2
30361,Rigid,1996795,1996796,1996802,1,6,7,completed,2
30362,Rigid,1996795,1996796,1996797,1,1,2,completed,1
30363,Rigid,1996795,1996796,1996801,1,5,6,completed,2
30364,Rigid,1996795,1996796,1996802,1,6,7,completed,2
30365,Rigid,1996795,1996796,1996801,1,5,6,completed,2
30366,Rigid,1996795,1996796,1996797,1,1,2,completed,1
30367,Rigid,1996795,1996795,1996812,0,17,17,completed,2
30368,Rigid,1996795,1996796,1996813,1,17,18,completed,2
30369,Rigid,1996795,1996796,1996813,1,17,18,completed,2
30370,Rigid,1996796,1996797,1996799,1,2,3,completed,1
30371,Rigid,1996796,1996797,1996803,1,6,7,completed,2
30372,Rigid,1996796,1996797,1996805,1,8,9,completed,2
30373,Rigid,1996796,1996797,1996803,1,6,7,completed,2
30374,Rigid,1996796,1996797,1996803,1,6,7,completed,2
30375,Rigid,1996796,1996797,1996805,1,8,9,completed,2
30376,Rigid,1996796,1996797,1996799,1,2,3,completed,1
30377,Rigid,1996796,1996797,1996805,1,8,9,completed,2
30378,Rigid,1996796,1996796,1996813,0,17,17,completed,2
30379,Rigid,1996796,1996797,1996814,1,17,18,completed,2
30380,Rigid,1996797,1996797,1996799,0,2,2,completed,1
30381,Rigid,1996797,1996797,1996805,0,8,8,completed,2
30382,Rigid,1996797,1996797,1996803,0,6,6,completed,2
30383,Rigid,1996797,1996797,1996805,0,8,8,completed,2
30384,Rigid,1996797,1996797,1996799,0,2,2,completed,1
30385,Rigid,1996797,1996797,1996803,0,6,6,completed,2
30386,Rigid,1996797,1996797,1996803,0,6,6,completed,2
30387,Rigid,1996797,1996798,1996803,1,5,6,completed,2
30388,Rigid,1996797,1996797,1996815,0,18,18,completed,2
30389,Rigid,1996797,1996797,1996815,0,18,18,completed,2
30390,Rigid,1996798,1996798,1996799,0,1,1,completed,1
30391,Rigid,1996798,1996799,1996805,1,6,7,completed,2
30392,Rigid,1996798,1996799,1996805,1,6,7,completed,2
30393,Rigid,1996798,1996799,1996805,1,6,7,completed,2
30394,Rigid,1996798,1996799,1996805,1,6,7,completed,2
30395,Rigid,1996798,1996799,1996805,1,6,7,completed,2
30396,Rigid,1996798,1996799,1996800,1,1,2,completed,1
30397,Rigid,1996798,1996799,1996815,1,16,17,completed,2
30398,Rigid,1996799,1996799,1996805,0,6,6,completed,2
30399,Rigid,1996799,1996800,1996805,1,5,6,completed,2
30400,Rigid,1996799,1996800,1996805,1,5,6,completed,2
30401,Rigid,1996799,1996800,1996801,1,1,2,completed,1
30402,Rigid,1996799,1996800,1996801,1,1,2,completed,1
30403,Rigid,1996799,1996800,1996805,1,5,6,completed,2
30404,Rigid,1996799,1996800,1996805,1,5,6,completed,2
30405,Rigid,1996799,1996799,1996815,0,16,16,completed,2
30406,Rigid,1996799,1996800,1996817,1,17,18,completed,2
30407,Rigid,1996800,1996800,1996801,0,1,1,completed,1
30408,Rigid,1996800,1996800,1996806,0,6,6,completed,2
30409,Rigid,1996800,1996800,1996806,0,6,6,completed,2
30410,Rigid,1996800,1996800,1996806,0,6,6,completed,2
30411,Rigid,1996800,1996801,1996807,1,6,7,completed,2
30412,Rigid,1996800,1996801,1996806,1,5,6,completed,2
30413,Rigid,1996800,1996800,1996818,0,18,18,completed,2
30414,Rigid,1996800,1996800,1996818,0,18,18,completed,2
30415,Rigid,1996800,1996801,1996819,1,18,19,completed,2
30416,Rigid,1996801,1996801,1996806,0,5,5,completed,2
30417,Rigid,1996801,1996801,1996802,0,1,1,completed,1
30418,Rigid,1996801,1996801,1996806,0,5,5,completed,2
30419,Rigid,1996801,1996801,1996803,0,2,2,completed,1
30420,Rigid,1996801,1996801,1996803,0,2,2,completed,1
30421,Rigid,1996801,1996801,1996807,0,6,6,completed,2
30422,Rigid,1996801,1996801,1996819,0,18,18,completed,2
30423,Rigid,1996802,1996802,1996808,0,6,6,completed,2
30424,Rigid,1996802,1996802,1996805,0,3,3,completed,1
30425,Rigid,1996802,1996802,1996809,0,7,7,completed,2
30426,Rigid,1996802,1996802,1996809,0,7,7,completed,2
30427,Rigid,1996802,1996802,1996809,0,7,7,completed,2
30428,Rigid,1996802,1996802,1996810,0,8,8,completed,2
30429,Rigid,1996802,1996802,1996809,0,7,7,completed,2
30430,Rigid,1996802,1996802,1996820,0,18,18,completed,2
30431,Rigid,1996802,1996802,1996820,0,18,18,completed,2
30432,Rigid,1996803,1996803,1996811,0,8,8,completed,2
30433,Rigid,1996803,1996803,1996805,0,2,2,completed,1
30434,Rigid,1996803,1996803,1996809,0,6,6,completed,2
30435,Rigid,1996803,1996803,1996810,0,7,7,completed,2
30436,Rigid,1996803,1996805,1996806,2,1,3,completed,1
30437,Rigid,1996803,1996805,1996811,2,6,8,completed,2
30438,Rigid,1996803,1996805,1996806,2,1,3,completed,1
30439,Rigid,1996803,1996805,1996811,2,6,8,completed,2
30440,Rigid,1996803,1996803,1996820,0,17,17,completed,2
30441,Rigid,1996803,1996803,1996822,0,19,19,completed,2
30442,Rigid,1996805,1996805,1996806,0,1,1,completed,1
30443,Rigid,1996805,1996805,1996811,0,6,6,completed,2
30444,Rigid,1996805,1996805,1996807,0,2,2,completed,1
30445,Rigid,1996805,1996806,1996808,1,2,3,completed,1
30446,Rigid,1996805,1996805,1996822,0,17,17,completed,2
30447,Rigid,1996805,1996805,1996823,0,18,18,completed,2
30448,Rigid,1996805,1996806,1996824,1,18,19,completed,2
30449,Rigid,1996806,1996806,1996812,0,6,6,completed,2
30450,Rigid,1996814,1996814,1996820,0,6,6,completed,2
30451,Rigid,1996814,1996814,1996817,0,3,3,completed,1
30452,Rigid,1996814,1996814,1996820,0,6,6,completed,2
30453,Rigid,1996814,1996814,1996820,0,6,6,completed,2
30454,Rigid,1996814,1996814,1996820,0,6,6,completed,2
30455,Rigid,1996814,1996814,1996816,0,2,2,completed,1
30456,Rigid,1996814,1996815,1996820,1,5,6,completed,2
30457,Rigid,1996814,1996814,1996833,0,19,19,completed,2
30458,Rigid,1996814,1996814,1996833,0,19,19,completed,2
30459,Rigid,1996814,1996814,1996833,0,19,19,completed,2
30460,Rigid,1996815,1996816,1996817,1,1,2,completed,1
30461,Rigid,1996815,1996816,1996822,1,6,7,completed,2
30462,Rigid,1996815,1996816,1996817,1,1,2,completed,1
30463,Rigid,1996815,1996816,1996822,1,6,7,completed,2
30464,Rigid,1996815,1996816,1996817,1,1,2,completed,1
30465,Rigid,1996815,1996816,1996817,1,1,2,completed,1
30466,Rigid,1996815,1996816,1996834,1,18,19,completed,2
30467,Rigid,1996815,1996816,1996834,1,18,19,completed,2
30468,Rigid,1996815,1996816,1996834,1,18,19,completed,2
30469,Rigid,1996815,1996816,1996834,1,18,19,completed,2
30470,Rigid,1996816,1996816,1996823,0,7,7,completed,2
30471,Rigid,1996816,1996816,1996822,0,6,6,completed,2
30472,Rigid,1996816,1996817,1996818,1,1,2,completed,1
30473,Rigid,1996816,1996817,1996822,1,5,6,completed,2
30474,Rigid,1996817,1996817,1996823,0,6,6,completed,2
30475,Rigid,1996817,1996817,1996822,0,5,5,completed,2
30476,Rigid,1996817,1996817,1996818,0,1,1,completed,1
30477,Rigid,1996817,1996818,1996820,1,2,3,completed,1
30478,Rigid,1996817,1996818,1996820,1,2,3,completed,1
30479,Rigid,1996817,1996818,1996823,1,5,6,completed,2
30480,Rigid,1996817,1996817,1996835,0,18,18,completed,2
30481,Rigid,1996817,1996817,1996835,0,18,18,completed,2
30482,Rigid,1996817,1996817,1996835,0,18,18,completed,2
30483,Rigid,1996817,1996818,1996836,1,18,19,completed,2
30484,Rigid,1996818,1996818,1996823,0,5,5,completed,2
30485,Rigid,1996818,1996818,1996823,0,5,5,completed,2
30486,Rigid,1996818,1996818,1996823,0,5,5,completed,2
30487,Rigid,1996818,1996818,1996823,0,5,5,completed,2
30488,Rigid,1996818,1996818,1996819,0,1,1,completed,1
30489,Rigid,1996818,1996819,1996820,1,1,2,completed,1
30490,Rigid,1996818,1996818,1996836,0,18,18,completed,2
30491,Rigid,1996819,1996819,1996825,0,6,6,completed,2
30492,Rigid,1996819,1996819,1996820,0,1,1,completed,1
30493,Rigid,1996819,1996819,1996825,0,6,6,completed,2
30494,Rigid,1996819,1996819,1996825,0,6,6,completed,2
30495,Rigid,1996819,1996820,1996821,1,1,2,completed,1
30496,Rigid,1996819,1996820,1996821,1,1,2,completed,1
30497,Rigid,1996819,1996819,1996838,0,19,19,completed,2
30498,Rigid,1996819,1996819,1996837,0,18,18,completed,2
30499,Rigid,1996819,1996819,1996837,0,18,18,completed,2
30500,Rigid,1996820,1996820,1996826,0,6,6,completed,2
30501,Rigid,1996820,1996820,1996821,0,1,1,completed,1
30502,Rigid,1996820,1996820,1996825,0,5,5,completed,2
30503,Rigid,1996820,1996820,1996825,0,5,5,completed,2
30504,Rigid,1996820,1996820,1996828,0,8,8,completed,2
30505,Rigid,1996820,1996821,1996822,1,1,2,completed,1
30506,Rigid,1996820,1996820,1996838,0,18,18,completed,2
30507,Rigid,1996820,1996820,1996838,0,18,18,completed,2
30508,Rigid,1996820,1996820,1996838,0,18,18,completed,2
30509,Rigid,1996821,1996821,1996826,0,5,5,completed,2
30510,Rigid,1996821,1996821,1996822,0,1,1,completed,1
30511,Rigid,1996821,1996821,1996826,0,5,5,completed,2
30512,Rigid,1996821,1996821,1996826,0,5,5,completed,2
30513,Rigid,1996821,1996821,1996822,0,1,1,completed,1
30514,Rigid,1996821,1996821,1996826,0,5,5,completed,2
30515,Rigid,1996821,1996821,1996822,0,1,1,completed,1
30516,Rigid,1996821,1996821,1996839,0,18,18,completed,2
30517,Rigid,1996821,1996821,1996837,0,16,16,completed,2
30518,Rigid,1996822,1996822,1996823,0,1,1,completed,1
30519,Rigid,1996822,1996822,1996828,0,6,6,completed,2
30520,Rigid,1996822,1996822,1996828,0,6,6,completed,2
30521,Rigid,1996822,1996822,1996824,0,2,2,completed,1
30522,Rigid,1996822,1996822,1996828,0,6,6,completed,2
30523,Rigid,1996822,1996822,1996824,0,2,2,completed,1
30524,Rigid,1996822,1996822,1996840,0,18,18,completed,2
30525,Rigid,1996822,1996822,1996841,0,19,19,completed,2
30526,Rigid,1996822,1996822,1996840,0,18,18,completed,2
30527,Rigid,1996822,1996822,1996840,0,18,18,completed,2
30528,Rigid,1996823,1996823,1996828,0,5,5,completed,2
30529,Rigid,1996823,1996823,1996839,0,16,16,completed,2
30530,Rigid,1996824,1996824,1996825,0,1,1,completed,1
30531,Rigid,1996824,1996824,1996830,0,6,6,completed,2
30532,Rigid,1996824,1996824,1996825,0,1,1,completed,1
30533,Rigid,1996824,1996824,1996829,0,5,5,completed,2
30534,Rigid,1996824,1996824,1996830,0,6,6,completed,2
30535,Rigid,1996824,1996824,1996831,0,7,7,completed,2
30536,Rigid,1996824,1996824,1996826,0,2,2,completed,1
30537,Rigid,1996824,1996824,1996842,0,18,18,completed,2
30538,Rigid,1996824,1996824,1996843,0,19,19,completed,2
30539,Rigid,1996824,1996824,1996843,0,19,19,completed,2
30540,Rigid,1996825,1996825,1996830,0,5,5,completed,2
30541,Rigid,1996825,1996825,1996826,0,1,1,completed,1
30542,Rigid,1996825,1996825,1996826,0,1,1,completed,1
30543,Rigid,1996825,1996825,1996831,0,6,6,completed,2
30544,Rigid,1996825,1996825,1996843,0,18,18,completed,2
30545,Rigid,1996826,1996826,1996833,0,7,7,completed,2
30546,Rigid,1996826,1996826,1996827,0,1,1,completed,1
30547,Rigid,1996826,1996826,1996833,0,7,7,completed,2
30548,Rigid,1996826,1996826,1996828,0,2,2,completed,1
30549,Rigid,1996826,1996826,1996844,0,18,18,completed,2
30550,Rigid,1996837,1996838,1996843,1,5,6,completed,2
30551,Rigid,1996837,1996838,1996856,1,18,19,completed,2
30552,Rigid,1996837,1996838,1996856,1,18,19,completed,2
30553,Rigid,1996838,1996838,1996840,0,2,2,completed,1
30554,Rigid,1996838,1996839,1996840,1,1,2,completed,1
30555,Rigid,1996838,1996839,1996845,1,6,7,completed,2
30556,Rigid,1996838,1996839,1996844,1,5,6,completed,2
30557,Rigid,1996838,1996839,1996840,1,1,2,completed,1
30558,Rigid,1996838,1996838,1996857,0,19,19,completed,2
30559,Rigid,1996838,1996839,1996855,1,16,17,completed,2
30560,Rigid,1996839,1996839,1996840,0,1,1,completed,1
30561,Rigid,1996839,1996839,1996844,0,5,5,completed,2
30562,Rigid,1996839,1996839,1996845,0,6,6,completed,2
30563,Rigid,1996839,1996839,1996845,0,6,6,completed,2
30564,Rigid,1996839,1996840,1996841,1,1,2,completed,1
30565,Rigid,1996839,1996840,1996841,1,1,2,completed,1
30566,Rigid,1996839,1996839,1996856,0,17,17,completed,2
30567,Rigid,1996839,1996840,1996857,1,17,18,completed,2
30568,Rigid,1996839,1996840,1996858,1,18,19,completed,2
30569,Rigid,1996840,1996840,1996846,0,6,6,completed,2
30570,Rigid,1996840,1996840,1996846,0,6,6,completed,2
30571,Rigid,1996840,1996840,1996846,0,6,6,completed,2
30572,Rigid,1996840,1996840,1996858,0,18,18,completed,2
30573,Rigid,1996841,1996841,1996843,0,2,2,completed,1
30574,Rigid,1996841,1996841,1996842,0,1,1,completed,1
30575,Rigid,1996841,1996841,1996848,0,7,7,completed,2
30576,Rigid,1996841,1996841,1996848,0,7,7,completed,2
30577,Rigid,1996841,1996841,1996843,0,2,2,completed,1
30578,Rigid,1996841,1996841,1996848,0,7,7,completed,2
30579,Rigid,1996841,1996841,1996842,0,1,1,completed,1
30580,Rigid,1996841,1996841,1996846,0,5,5,completed,2
30581,Rigid,1996841,1996841,1996860,0,19,19,completed,2
30582,Rigid,1996841,1996841,1996860,0,19,19,completed,2
30583,Rigid,1996842,1996842,1996844,0,2,2,completed,1
30584,Rigid,1996842,1996842,1996844,0,2,2,completed,1
30585,Rigid,1996842,1996842,1996848,0,6,6,completed,2
30586,Rigid,1996842,1996842,1996849,0,7,7,completed,2
30587,Rigid,1996842,1996842,1996848,0,6,6,completed,2
30588,Rigid,1996842,1996842,1996843,0,1,1,completed,1
30589,Rigid,1996842,1996842,1996847,0,5,5,completed,2
30590,Rigid,1996842,1996842,1996860,0,18,18,completed,2
30591,Rigid,1996842,1996842,1996860,0,18,18,completed,2
30592,Rigid,1996842,1996842,1996860,0,18,18,completed,2
30593,Rigid,1996843,1996843,1996845,0,2,2,completed,1
30594,Rigid,1996843,1996843,1996850,0,7,7,completed,2
30595,Rigid,1996843,1996843,1996844,0,1,1,completed,1
30596,Rigid,1996843,1996843,1996851,0,8,8,completed,2
30597,Rigid,1996843,1996843,1996844,0,1,1,completed,1
30598,Rigid,1996843,1996844,1996849,1,5,6,completed,2
30599,Rigid,1996843,1996844,1996849,1,5,6,completed,2
30600,Rigid,1996843,1996843,1996861,0,18,18,completed,2
30601,Rigid,1996843,1996843,1996861,0,18,18,completed,2
30602,Rigid,1996843,1996843,1996863,0,20,20,completed,2
30603,Rigid,1996844,1996844,1996849,0,5,5,completed,2
30604,Rigid,1996844,1996844,1996850,0,6,6,completed,2
30605,Rigid,1996844,1996844,1996849,0,5,5,completed,2
30606,Rigid,1996844,1996844,1996845,0,1,1,completed,1
30607,Rigid,1996844,1996844,1996846,0,2,2,completed,1
30608,Rigid,1996844,1996844,1996845,0,1,1,completed,1
30609,Rigid,1996844,1996844,1996850,0,6,6,completed,2
30610,Rigid,1996844,1996844,1996860,0,16,16,completed,2
30611,Rigid,1996844,1996844,1996863,0,19,19,completed,2
30612,Rigid,1996844,1996844,1996863,0,19,19,completed,2
30613,Rigid,1996845,1996845,1996851,0,6,6,completed,2
30614,Rigid,1996845,1996845,1996851,0,6,6,completed,2
30615,Rigid,1996845,1996845,1996846,0,1,1,completed,1
30616,Rigid,1996845,1996846,1996847,1,1,2,completed,1
30617,Rigid,1996845,1996846,1996852,1,6,7,completed,2
30618,Rigid,1996845,1996846,1996849,1,3,4,completed,1
30619,Rigid,1996845,1996846,1996852,1,6,7,completed,2
30620,Rigid,1996845,1996845,1996863,0,18,18,completed,2
30621,Rigid,1996845,1996845,1996863,0,18,18,completed,2
30622,Rigid,1996845,1996846,1996864,1,18,19,completed,2
30623,Rigid,1996846,1996846,1996849,0,3,3,completed,1
30624,Rigid,1996846,1996846,1996864,0,18,18,completed,2
30625,Rigid,1996848,1996848,1996855,0,7,7,completed,2
30626,Rigid,1996848,1996848,1996854,0,6,6,completed,2
30627,Rigid,1996848,1996848,1996854,0,6,6,completed,2
30628,Rigid,1996848,1996848,1996854,0,6,6,completed,2
30629,Rigid,1996848,1996848,1996850,0,2,2,completed,1
30630,Rigid,1996848,1996848,1996854,0,6,6,completed,2
30631,Rigid,1996848,1996848,1996850,0,2,2,completed,1
30632,Rigid,1996848,1996849,1996850,1,1,2,completed,1
30633,Rigid,1996848,1996848,1996868,0,20,20,completed,2
30634,Rigid,1996848,1996848,1996868,0,20,20,completed,2
30635,Rigid,1996849,1996849,1996856,0,7,7,completed,2
30636,Rigid,1996849,1996849,1996855,0,6,6,completed,2
30637,Rigid,1996849,1996849,1996854,0,5,5,completed,2
30638,Rigid,1996849,1996849,1996855,0,6,6,completed,2
30639,Rigid,1996849,1996849,1996851,0,2,2,completed,1
30640,Rigid,1996849,1996850,1996851,1,1,2,completed,1
30641,Rigid,1996849,1996849,1996868,0,19,19,completed,2
30642,Rigid,1996849,1996849,1996868,0,19,19,completed,2
30643,Rigid,1996849,1996849,1996866,0,17,17,completed,2
30644,Rigid,1996849,1996850,1996868,1,18,19,completed,2
30645,Rigid,1996850,1996850,1996855,0,5,5,completed,2
30646,Rigid,1996850,1996850,1996855,0,5,5,completed,2
30647,Rigid,1996850,1996850,1996851,0,1,1,completed,1
30648,Rigid,1996850,1996850,1996855,0,5,5,completed,2
30649,Rigid,1996850,1996850,1996868,0,18,18,completed,2
30650,Rigid,1996859,1996859,1996860,0,1,1,completed,1
30651,Rigid,1996859,1996859,1996865,0,6,6,completed,2
30652,Rigid,1996859,1996861,1996866,2,5,7,completed,2
30653,Rigid,1996859,1996861,1996878,2,17,19,completed,2
30654,Rigid,1996859,1996861,1996878,2,17,19,completed,2
30655,Rigid,1996860,1996861,1996862,1,1,2,completed,1
30656,Rigid,1996860,1996861,1996868,1,7,8,completed,2
30657,Rigid,1996860,1996861,1996862,1,1,2,completed,1
30658,Rigid,1996860,1996861,1996879,1,18,19,completed,2
30659,Rigid,1996860,1996861,1996879,1,18,19,completed,2
30660,Rigid,1996861,1996861,1996868,0,7,7,completed,2
30661,Rigid,1996861,1996861,1996868,0,7,7,completed,2
30662,Rigid,1996861,1996861,1996866,0,5,5,completed,2
30663,Rigid,1996861,1996861,1996862,0,1,1,completed,1
30664,Rigid,1996861,1996861,1996863,0,2,2,completed,1
30665,Rigid,1996861,1996861,1996862,0,1,1,completed,1
30666,Rigid,1996861,1996861,1996868,0,7,7,completed,2
30667,Rigid,1996861,1996861,1996879,0,18,18,completed,2
30668,Rigid,1996861,1996861,1996879,0,18,18,completed,2
30669,Rigid,1996861,1996861,1996879,0,18,18,completed,2
30670,Rigid,1996862,1996862,1996869,0,7,7,completed,2
30671,Rigid,1996862,1996862,1996864,0,2,2,completed,1
30672,Rigid,1996862,1996862,1996864,0,2,2,completed,1
30673,Rigid,1996862,1996862,1996868,0,6,6,completed,2
30674,Rigid,1996862,1996862,1996864,0,2,2,completed,1
30675,Rigid,1996862,1996862,1996868,0,6,6,completed,2
30676,Rigid,1996862,1996862,1996868,0,6,6,completed,2
30677,Rigid,1996862,1996862,1996864,0,2,2,completed,1
30678,Rigid,1996862,1996862,1996881,0,19,19,completed,2
30679,Rigid,1996862,1996862,1996881,0,19,19,completed,2
30680,Rigid,1996863,1996864,1996865,1,1,2,completed,1
30681,Rigid,1996863,1996864,1996869,1,5,6,completed,2
30682,Rigid,1996863,1996864,1996870,1,6,7,completed,2
30683,Rigid,1996863,1996864,1996865,1,1,2,completed,1
30684,Rigid,1996863,1996864,1996869,1,5,6,completed,2
30685,Rigid,1996863,1996864,1996869,1,5,6,completed,2
30686,Rigid,1996863,1996864,1996865,1,1,2,completed,1
30687,Rigid,1996863,1996863,1996881,0,18,18,completed,2
30688,Rigid,1996863,1996864,1996881,1,17,18,completed,2
30689,Rigid,1996863,1996864,1996881,1,17,18,completed,2
30690,Rigid,1996864,1996864,1996866,0,2,2,completed,1
30691,Rigid,1996864,1996864,1996871,0,7,7,completed,2
30692,Rigid,1996864,1996865,1996868,1,3,4,completed,1
30693,Rigid,1996864,1996865,1996872,1,7,8,completed,2
30694,Rigid,1996864,1996865,1996871,1,6,7,completed,2
30695,Rigid,1996864,1996864,1996882,0,18,18,completed,2
30696,Rigid,1996864,1996865,1996884,1,19,20,completed,2
30697,Rigid,1996864,1996865,1996884,1,19,20,completed,2
30698,Rigid,1996864,1996865,1996883,1,18,19,completed,2
30699,Rigid,1996865,1996865,1996866,0,1,1,completed,1
30700,Rigid,1996865,1996865,1996872,0,7,7,completed,2
30701,Rigid,1996865,1996865,1996868,0,3,3,completed,1
30702,Rigid,1996865,1996866,1996869,1,3,4,completed,1
30703,Rigid,1996865,1996865,1996882,0,17,17,completed,2
30704,Rigid,1996865,1996865,1996883,0,18,18,completed,2
30705,Rigid,1996865,1996866,1996885,1,19,20,completed,2
30706,Rigid,1996866,1996866,1996873,0,7,7,completed,2
30707,Rigid,1996866,1996866,1996873,0,7,7,completed,2
30708,Rigid,1996866,1996866,1996869,0,3,3,completed,1
30709,Rigid,1996866,1996866,1996869,0,3,3,completed,1
30710,Rigid,1996866,1996866,1996885,0,19,19,completed,2
30711,Rigid,1996868,1996868,1996873,0,5,5,completed,2
30712,Rigid,1996868,1996868,1996869,0,1,1,completed,1
30713,Rigid,1996868,1996869,1996875,1,6,7,completed,2
30714,Rigid,1996868,1996869,1996874,1,5,6,completed,2
30715,Rigid,1996868,1996869,1996870,1,1,2,completed,1
30716,Rigid,1996868,1996869,1996874,1,5,6,completed,2
30717,Rigid,1996868,1996869,1996870,1,1,2,completed,1
30718,Rigid,1996868,1996869,1996886,1,17,18,completed,2
30719,Rigid,1996868,1996869,1996886,1,17,18,completed,2
30720,Rigid,1996868,1996869,1996886,1,17,18,completed,2
30721,Rigid,1996869,1996869,1996874,0,5,5,completed,2
30722,Rigid,1996869,1996869,1996874,0,5,5,completed,2
30723,Rigid,1996869,1996869,1996870,0,1,1,completed,1
30724,Rigid,1996869,1996869,1996870,0,1,1,completed,1
30725,Rigid,1996869,1996869,1996871,0,2,2,completed,1
30726,Rigid,1996869,1996869,1996876,0,7,7,completed,2
30727,Rigid,1996869,1996869,1996875,0,6,6,completed,2
30728,Rigid,1996869,1996869,1996886,0,17,17,completed,2
30729,Rigid,1996869,1996869,1996887,0,18,18,completed,2
30730,Rigid,1996870,1996870,1996876,0,6,6,completed,2
30731,Rigid,1996870,1996870,1996876,0,6,6,completed,2
30732,Rigid,1996870,1996870,1996876,0,6,6,completed,2
30733,Rigid,1996870,1996870,1996872,0,2,2,completed,1
30734,Rigid,1996870,1996870,1996876,0,6,6,completed,2
30735,Rigid,1996870,1996870,1996877,0,7,7,completed,2
30736,Rigid,1996870,1996870,1996872,0,2,2,completed,1
30737,Rigid,1996870,1996870,1996887,0,17,17,completed,2
30738,Rigid,1996870,1996870,1996888,0,18,18,completed,2
30739,Rigid,1996870,1996870,1996888,0,18,18,completed,2
30740,Rigid,1996871,1996871,1996872,0,1,1,completed,1
30741,Rigid,1996871,1996871,1996873,0,2,2,completed,1
30742,Rigid,1996871,1996871,1996877,0,6,6,completed,2
30743,Rigid,1996871,1996871,1996873,0,2,2,completed,1
30744,Rigid,1996871,1996871,1996878,0,7,7,completed,2
30745,Rigid,1996871,1996871,1996873,0,2,2,completed,1
30746,Rigid,1996871,1996871,1996889,0,18,18,completed,2
30747,Rigid,1996871,1996871,1996889,0,18,18,completed,2
30748,Rigid,1996871,1996871,1996889,0,18,18,completed,2
30749,Rigid,1996871,1996871,1996889,0,18,18,completed,2
30750,Rigid,1996882,1996882,1996887,0,5,5,completed,2
30751,Rigid,1996882,1996882,1996883,0,1,1,completed,1
30752,Rigid,1996882,1996882,1996887,0,5,5,completed,2
30753,Rigid,1996882,1996882,1996887,0,5,5,completed,2
30754,Rigid,1996882,1996882,1996883,0,1,1,completed,1
30755,Rigid,1996882,1996882,1996887,0,5,5,completed,2
30756,Rigid,1996882,1996882,1996883,0,1,1,completed,1
30757,Rigid,1996882,1996882,1996899,0,17,17,completed,2
30758,Rigid,1996882,1996882,1996899,0,17,17,completed,2
30759,Rigid,1996882,1996882,1996900,0,18,18,completed,2
30760,Rigid,1996883,1996884,1996891,1,7,8,completed,2
30761,Rigid,1996884,1996885,1996886,1,1,2,completed,1
30762,Rigid,1996884,1996885,1996891,1,6,7,completed,2
30763,Rigid,1996884,1996885,1996891,1,6,7,completed,2
30764,Rigid,1996884,1996885,1996891,1,6,7,completed,2
30765,Rigid,1996884,1996885,1996886,1,1,2,completed,1
30766,Rigid,1996884,1996885,1996890,1,5,6,completed,2
30767,Rigid,1996884,1996885,1996886,1,1,2,completed,1
30768,Rigid,1996884,1996884,1996901,0,17,17,completed,2
30769,Rigid,1996884,1996885,1996902,1,17,18,completed,2
30770,Rigid,1996884,1996885,1996902,1,17,18,completed,2
30771,Rigid,1996885,1996885,1996890,0,5,5,completed,2
30772,Rigid,1996885,1996885,1996886,0,1,1,completed,1
30773,Rigid,1996886,1996886,1996887,0,1,1,completed,1
30774,Rigid,1996886,1996886,1996891,0,5,5,completed,2
30775,Rigid,1996886,1996886,1996890,0,4,4,completed,2
30776,Rigid,1996886,1996887,1996888,1,1,2,completed,1
30777,Rigid,1996886,1996887,1996892,1,5,6,completed,2
30778,Rigid,1996886,1996887,1996888,1,1,2,completed,1
30779,Rigid,1996886,1996887,1996892,1,5,6,completed,2
30780,Rigid,1996886,1996886,1996904,0,18,18,completed,2
30781,Rigid,1996886,1996886,1996904,0,18,18,completed,2
30782,Rigid,1996886,1996886,1996903,0,17,17,completed,2
30783,Rigid,1996887,1996887,1996888,0,1,1,completed,1
30784,Rigid,1996887,1996887,1996892,0,5,5,completed,2
30785,Rigid,1996887,1996887,1996892,0,5,5,completed,2
30786,Rigid,1996887,1996887,1996888,0,1,1,completed,1
30787,Rigid,1996887,1996887,1996888,0,1,1,completed,1
30788,Rigid,1996887,1996887,1996892,0,5,5,completed,2
30789,Rigid,1996887,1996887,1996905,0,18,18,completed,2
30790,Rigid,1996887,1996887,1996904,0,17,17,completed,2
30791,Rigid,1996887,1996887,1996905,0,18,18,completed,2
30792,Rigid,1996887,1996887,1996905,0,18,18,completed,2
30793,Rigid,1996888,1996888,1996894,0,6,6,completed,2
30794,Rigid,1996888,1996888,1996895,0,7,7,completed,2
30795,Rigid,1996888,1996888,1996891,0,3,3,completed,1
30796,Rigid,1996888,1996888,1996895,0,7,7,completed,2
30797,Rigid,1996888,1996888,1996891,0,3,3,completed,1
30798,Rigid,1996888,1996888,1996906,0,18,18,completed,2
30799,Rigid,1996888,1996888,1996906,0,18,18,completed,2
30800,Rigid,1997119,1997120,2001663,1,4543,4544,completed,9
30801,Rigid,1997132,1997150,2100472,18,103322,103340,completed,24
30802,Rigid,1997344,1997374,2100680,30,103306,103336,completed,24
30803,Rigid,1997619,1997627,2144920,8,147293,147301,completed,24
30804,Rigid,1997630,1997659,2144930,29,147271,147300,completed,24
30805,Rigid,2000256,2000256,2001261,0,1005,1005,completed,2
30806,Rigid,2000732,2000732,2001861,0,1129,1129,completed,2
30807,Rigid,2001273,2001273,2001457,0,184,184,completed,2
30808,Rigid,2001463,2001464,2001476,1,12,13,completed,2
30809,Rigid,2001667,2001668,2002695,1,1027,1028,completed,2
30810,Rigid,2001872,2001872,2002048,0,176,176,completed,2
30811,Rigid,2002049,2002050,2002060,1,10,11,completed,2
30812,Rigid,2002700,2002700,2002854,0,154,154,completed,2
30813,Rigid,2002861,2002861,2002869,0,8,8,completed,2
30814,Rigid,2005990,2006019,2006045,29,26,55,completed,36
30815,Rigid,2006038,2006049,2006058,11,9,20,completed,36
30816,Rigid,2006270,2006291,2006311,21,20,41,completed,36
30817,Rigid,2006523,2006533,2006549,10,16,26,completed,36
30818,Rigid,2008357,2008357,2008369,0,12,12,completed,72
30819,Rigid,2008438,2008439,2013074,1,4635,4636,completed,72
30820,Rigid,2009947,2010602,2010710,655,108,763,completed,144
30821,Rigid,2009947,2010712,2010839,765,127,892,completed,144
30822,Rigid,2009947,2010725,2010852,778,127,905,completed,144
30823,Rigid,2009947,2010840,2010954,893,114,1007,completed,144
30824,Rigid,2009947,2010853,2010969,906,116,1022,completed,144
30825,Rigid,2009947,2010955,2011066,1008,111,1119,completed,144
30826,Rigid,2009948,2011674,2011679,1726,5,1731,completed,144
30827,Rigid,2009948,2010970,2011084,1022,114,1136,completed,144
30828,Rigid,2009948,2011068,2011190,1120,122,1242,completed,144
30829,Rigid,2009948,2011085,2011206,1137,121,1258,completed,144
30830,Rigid,2009948,2011192,2011327,1244,135,1379,completed,144
30831,Rigid,2009948,2011207,2011344,1259,137,1396,completed,144
30832,Rigid,2009948,2011329,2011442,1381,113,1494,completed,144
30833,Rigid,2009948,2011345,2011458,1397,113,1510,completed,144
30834,Rigid,2009948,2011443,2011556,1495,113,1608,completed,144
30835,Rigid,2009948,2011460,2011573,1512,113,1625,completed,144
30836,Rigid,2009948,2011557,2011672,1609,115,1724,completed,144
30837,Rigid,2009948,2011574,2011681,1626,107,1733,completed,144
30838,Rigid,2011706,2011706,2011902,0,196,196,completed,144
30839,Rigid,2011781,2011911,2167841,130,155930,156060,completed,108
30840,Rigid,2015262,2015262,2015504,0,242,242,completed,36
30841,Rigid,2015295,2015295,2091550,0,76255,76255,completed,180
30842,Rigid,2015505,2015505,2016995,0,1490,1490,completed,144
30843,Rigid,2015566,2016085,2016344,519,259,778,completed,144
30844,Rigid,2015967,2071095,2091554,55128,20459,75587,completed,216
30845,Rigid,2015974,2016996,2081391,1022,64395,65417,completed,216
30846,Rigid,2016408,2016408,2016422,0,14,14,completed,144
30847,Rigid,2016441,2016443,2017971,2,1528,1530,completed,144
30848,Rigid,2018142,2018143,2025642,1,7499,7500,completed,144
30849,Rigid,2018306,2019972,2023039,1666,3067,4733,completed,144
30850,Rigid,2020811,2022178,2024634,1367,2456,3823,completed,144
30851,Rigid,2020812,2023040,2025524,2228,2484,4712,completed,144
30852,Rigid,2020812,2024635,2027121,3823,2486,6309,completed,144
30853,Rigid,2020812,2025008,2027454,4196,2446,6642,completed,144
30854,Rigid,2020812,2025525,2028032,4713,2507,7220,completed,144
30855,Rigid,2020812,2025596,2028073,4784,2477,7261,completed,144
30856,Rigid,2020812,2025643,2028143,4831,2500,7331,completed,144
30857,Rigid,2020812,2026423,2028906,5611,2483,8094,completed,144
30858,Rigid,2020812,2027122,2029610,6310,2488,8798,completed,144
30859,Rigid,2020812,2027455,2029992,6643,2537,9180,completed,144
30860,Rigid,2020812,2028033,2030553,7221,2520,9741,completed,144
30861,Rigid,2020812,2028033,2030532,7221,2499,9720,completed,144
30862,Rigid,2020812,2028074,2030601,7262,2527,9789,completed,144
30863,Rigid,2020813,2028145,2030651,7332,2506,9838,completed,144
30864,Rigid,2020813,2028214,2030735,7401,2521,9922,completed,144
30865,Rigid,2020813,2028908,2031431,8095,2523,10618,completed,144
30866,Rigid,2020813,2029611,2032113,8798,2502,11300,completed,144
30867,Rigid,2020813,2029994,2032499,9181,2505,11686,completed,144
30868,Rigid,2020813,2030480,2033013,9667,2533,12200,completed,144
30869,Rigid,2020813,2030533,2033056,9720,2523,12243,completed,144
30870,Rigid,2020813,2030554,2033077,9741,2523,12264,completed,144
30871,Rigid,2020814,2030603,2033088,9789,2485,12274,completed,144
30872,Rigid,2020814,2030652,2033118,9838,2466,12304,completed,144
30873,Rigid,2020814,2030736,2033238,9922,2502,12424,completed,144
30874,Rigid,2020814,2031432,2033911,10618,2479,13097,completed,144
30875,Rigid,2020814,2032093,2034631,11279,2538,13817,completed,144
30876,Rigid,2020814,2032114,2034630,11300,2516,13816,completed,144
30877,Rigid,2020814,2032501,2034961,11687,2460,14147,completed,144
30878,Rigid,2020814,2032870,2035394,12056,2524,14580,completed,144
30879,Rigid,2020814,2032870,2035404,12056,2534,14590,completed,144
30880,Rigid,2020814,2032870,2035410,12056,2540,14596,completed,144
30881,Rigid,2020814,2032870,2035398,12056,2528,14584,completed,144
30882,Rigid,2020814,2033014,2035506,12200,2492,14692,completed,144
30883,Rigid,2020814,2033057,2035567,12243,2510,14753,completed,144
30884,Rigid,2020814,2033078,2035539,12264,2461,14725,completed,144
30885,Rigid,2020814,2033089,2035579,12275,2490,14765,completed,144
30886,Rigid,2025243,2033120,2041561,7877,8441,16318,completed,144
30887,Rigid,2025258,2033240,2038584,7982,5344,13326,completed,144
30888,Rigid,2025277,2033912,2038577,8635,4665,13300,completed,144
30889,Rigid,2025282,2034120,2037254,8838,3134,11972,completed,144
30890,Rigid,2025366,2034120,2047526,8754,13406,22160,completed,144
30891,Rigid,2025439,2034121,2039903,8682,5782,14464,completed,144
30892,Rigid,2025610,2034121,2057740,8511,23619,32130,completed,144
30893,Rigid,2025652,2034121,2041414,8469,7293,15762,completed,144
30894,Rigid,2025729,2034632,2058241,8903,23609,32512,completed,144
30895,Rigid,2025752,2034632,2046365,8880,11733,20613,completed,144
30896,Rigid,2025773,2034962,2133461,9189,98499,107688,completed,144
30897,Rigid,2025790,2035395,2077836,9605,42441,52046,completed,144
30898,Rigid,2025810,2035399,2042723,9589,7324,16913,completed,144
30899,Rigid,2025824,2035405,2039788,9581,4383,13964,completed,144
30900,Rigid,2025840,2035412,2047979,9572,12567,22139,completed,144
30901,Rigid,2025857,2035508,2045421,9651,9913,19564,completed,144
30902,Rigid,2025896,2035540,2059286,9644,23746,33390,completed,144
30903,Rigid,2025911,2035568,2047243,9657,11675,21332,completed,144
30904,Rigid,2025930,2035581,2135424,9651,99843,109494,completed,144
30905,Rigid,2025947,2037255,2079288,11308,42033,53341,completed,144
30906,Rigid,2026098,2038579,2045576,12481,6997,19478,completed,144
30907,Rigid,2026111,2038586,2043146,12475,4560,17035,completed,144
30908,Rigid,2026130,2038665,2051091,12535,12426,24961,completed,144
30909,Rigid,2026148,2039790,2049377,13642,9587,23229,completed,144
30910,Rigid,2027300,2039866,2063553,12566,23687,36253,completed,144
30911,Rigid,2027320,2039905,2051442,12585,11537,24122,completed,144
30912,Rigid,2027344,2041415,2141086,14071,99671,113742,completed,144
30913,Rigid,2027360,2041563,2083939,14203,42376,56579,completed,144
30914,Rigid,2027383,2042725,2050035,15342,7310,22652,completed,144
30915,Rigid,2027398,2043147,2047660,15749,4513,20262,completed,144
30916,Rigid,2027414,2043195,2055809,15781,12614,28395,completed,144
30917,Rigid,2027431,2047245,2057118,19814,9873,29687,completed,144
30918,Rigid,2027490,2047528,2070884,20038,23356,43394,completed,144
30919,Rigid,2027543,2047661,2059260,20118,11599,31717,completed,144
30920,Rigid,2027591,2047980,2146273,20389,98293,118682,completed,144
30921,Rigid,2027640,2049379,2091329,21739,41950,63689,completed,144
30922,Rigid,2027726,2050036,2057069,22310,7033,29343,completed,144
30923,Rigid,2027796,2051092,2063666,23296,12574,35870,completed,144
30924,Rigid,2027856,2051443,2060877,23587,9434,33021,completed,144
30925,Rigid,2027912,2052015,2060546,24103,8531,32634,completed,144
30926,Rigid,2027961,2055810,2060998,27849,5188,33037,completed,144
30927,Rigid,2028017,2058243,2082006,30226,23763,53989,completed,144
30928,Rigid,2028064,2059262,2072642,31198,13380,44578,completed,144
30929,Rigid,2028126,2059287,2063944,31161,4657,35818,completed,144
30930,Rigid,2028181,2060548,2067974,32367,7426,39793,completed,144
30931,Rigid,2028231,2060878,2066683,32647,5805,38452,completed,144
30932,Rigid,2055870,2057741,2070400,1871,12659,14530,completed,540
30933,Rigid,2058791,2060999,2061011,2208,12,2220,completed,144
30934,Rigid,2058799,2061013,2061019,2214,6,2220,completed,144
30935,Rigid,2058813,2061021,2063182,2208,2161,4369,completed,144
30936,Rigid,2058825,2063183,2066096,4358,2913,7271,completed,144
30937,Rigid,2058885,2063555,2148191,4670,84636,89306,completed,144
30938,Rigid,2058945,2063667,2150093,4722,86426,91148,completed,144
30939,Rigid,2059047,2063945,2063954,4898,9,4907,completed,144
30940,Rigid,2059062,2063956,2063962,4894,6,4900,completed,144
30941,Rigid,2059091,2063963,2066003,4872,2040,6912,completed,144
30942,Rigid,2059110,2066004,2067830,6894,1826,8720,completed,144
30943,Rigid,2061571,2061571,2063761,0,2190,2190,completed,1
30944,Rigid,2061576,2061577,2066439,1,4862,4863,completed,1
30945,Rigid,2061811,2061812,2065035,1,3223,3224,completed,1
30946,Rigid,2061814,2061816,2066829,2,5013,5015,completed,1
30947,Rigid,2061817,2061820,2064996,3,3176,3179,completed,1
30948,Rigid,2063768,2063768,2063866,0,98,98,completed,36
30949,Rigid,2063994,2063994,2064466,0,472,472,completed,36
30950,Rigid,2064588,2064588,2064604,0,16,16,completed,36
30951,Rigid,2064651,2064652,2064661,1,9,10,completed,36
30952,Rigid,2064765,2064765,2065524,0,759,759,completed,36
30953,Rigid,2065590,2065590,2065618,0,28,28,completed,36
30954,Rigid,2065995,2065996,2066014,1,18,19,completed,36
30955,Rigid,2066352,2066352,2066371,0,19,19,completed,36
30956,Rigid,2067196,2067196,2067214,0,18,18,completed,36
30957,Rigid,2068107,2068108,2068124,1,16,17,completed,36
30958,Rigid,2070454,2070455,2070474,1,19,20,completed,36
30959,Rigid,2070506,2070507,2071006,1,499,500,completed,540
30960,Rigid,2071092,2071092,2085976,0,14884,14884,completed,32
30961,Rigid,2071092,2071092,2084880,0,13788,13788,completed,32
30962,Rigid,2071092,2071092,2095546,0,24454,24454,completed,32
30963,Rigid,2071092,2071092,2090376,0,19284,19284,completed,32
30964,Rigid,2071092,2071092,2089204,0,18112,18112,completed,32
30965,Rigid,2071092,2071095,2095044,3,23949,23952,completed,32
30966,Rigid,2071092,2071095,2086753,3,15658,15661,completed,32
30967,Rigid,2071092,2071095,2084551,3,13456,13459,completed,32
30968,Rigid,2071093,2071095,2080490,2,9395,9397,completed,32
30969,Rigid,2071093,2071095,2080959,2,9864,9866,completed,32
30970,Rigid,2071093,2071095,2077928,2,6833,6835,completed,32
30971,Rigid,2071093,2071095,2080690,2,9595,9597,completed,32
30972,Rigid,2071093,2071095,2105340,2,34245,34247,completed,32
30973,Rigid,2071093,2071095,2104870,2,33775,33777,completed,32
30974,Rigid,2071093,2071095,2088408,2,17313,17315,completed,32
30975,Rigid,2071093,2071095,2094475,2,23380,23382,completed,32
30976,Rigid,2071093,2071095,2089844,2,18749,18751,completed,32
30977,Rigid,2071093,2071095,2088707,2,17612,17614,completed,32
30978,Rigid,2071093,2071095,2088916,2,17821,17823,completed,32
30979,Rigid,2071093,2071095,2082190,2,11095,11097,completed,32
30980,Rigid,2071093,2071095,2102699,2,31604,31606,completed,32
30981,Rigid,2071093,2071095,2101042,2,29947,29949,completed,32
30982,Rigid,2071093,2071095,2082768,2,11673,11675,completed,32
30983,Rigid,2071093,2071095,2081319,2,10224,10226,completed,32
30984,Rigid,2071093,2071095,2087583,2,16488,16490,completed,32
30985,Rigid,2071094,2071095,2085381,1,14286,14287,completed,32
30986,Rigid,2071094,2071095,2101520,1,30425,30426,completed,32
30987,Rigid,2071094,2071095,2084027,1,12932,12933,completed,32
30988,Rigid,2071094,2071095,2093752,1,22657,22658,completed,32
30989,Rigid,2071094,2071095,2094558,1,23463,23464,completed,32
30990,Rigid,2071094,2071095,2098213,1,27118,27119,completed,32
30991,Rigid,2071094,2071095,2103204,1,32109,32110,completed,32
30992,Rigid,2071094,2071095,2094188,1,23093,23094,completed,32
30993,Rigid,2071094,2071095,2090157,1,19062,19063,completed,32
30994,Rigid,2071272,2071273,2085664,1,14391,14392,completed,32
30995,Rigid,2071272,2071273,2088577,1,17304,17305,completed,32
30996,Rigid,2071272,2071273,2094391,1,23118,23119,completed,32
30997,Rigid,2071272,2071273,2090888,1,19615,19616,completed,32
30998,Rigid,2071272,2071273,2088879,1,17606,17607,completed,32
30999,Rigid,2071272,2071273,2093930,1,22657,22658,completed,32
31000,Rigid,2071272,2071273,2087126,1,15853,15854,completed,32
31001,Rigid,2071272,2071273,2083776,1,12503,12504,completed,32
31002,Rigid,2071272,2071273,2106708,1,35435,35436,completed,32
31003,Rigid,2071272,2071273,2103523,1,32250,32251,completed,32
31004,Rigid,2071272,2072644,2091251,1372,18607,19979,completed,32
31005,Rigid,2071272,2072644,2094056,1372,21412,22784,completed,32
31006,Rigid,2071273,2074694,2084479,3421,9785,13206,completed,32
31007,Rigid,2071273,2075537,2085469,4264,9932,14196,completed,32
31008,Rigid,2071273,2075537,2082623,4264,7086,11350,completed,32
31009,Rigid,2071273,2077838,2087494,6565,9656,16221,completed,32
31010,Rigid,2071273,2074694,2094063,3421,19369,22790,completed,32
31011,Rigid,2071273,2074694,2092141,3421,17447,20868,completed,32
31012,Rigid,2071273,2074957,2091202,3684,16245,19929,completed,32
31013,Rigid,2071273,2074957,2086709,3684,11752,15436,completed,32
31014,Rigid,2071273,2074958,2105463,3685,30505,34190,completed,32
31015,Rigid,2071273,2075537,2106637,4264,31100,35364,completed,32
31016,Rigid,2071273,2077838,2089565,6565,11727,18292,completed,32
31017,Rigid,2071273,2077838,2088747,6565,10909,17474,completed,32
31018,Rigid,2071273,2077838,2093529,6565,15691,22256,completed,32
31019,Rigid,2071273,2077929,2090967,6656,13038,19694,completed,32
31020,Rigid,2071273,2078571,2106255,7298,27684,34982,completed,32
31021,Rigid,2071273,2079010,2093230,7737,14220,21957,completed,32
31022,Rigid,2071273,2079010,2100940,7737,21930,29667,completed,32
31023,Rigid,2071273,2079010,2101201,7737,22191,29928,completed,32
31024,Rigid,2071273,2079010,2106161,7737,27151,34888,completed,32
31025,Rigid,2071273,2079010,2114204,7737,35194,42931,completed,32
31026,Rigid,2071273,2079010,2102377,7737,23367,31104,completed,32
31027,Rigid,2071273,2079010,2096178,7737,17168,24905,completed,32
31028,Rigid,2071304,2079011,2088406,7707,9395,17102,completed,32
31029,Rigid,2071304,2079010,2089985,7706,10975,18681,completed,32
31030,Rigid,2071304,2079011,2095498,7707,16487,24194,completed,32
31031,Rigid,2071304,2079011,2094468,7707,15457,23164,completed,32
31032,Rigid,2071304,2079011,2092171,7707,13160,20867,completed,32
31033,Rigid,2071305,2079011,2088636,7706,9625,17331,completed,32
31034,Rigid,2071305,2079011,2088939,7706,9928,17634,completed,32
31035,Rigid,2071305,2079011,2086382,7706,7371,15077,completed,32
31036,Rigid,2071305,2079289,2087586,7984,8297,16281,completed,32
31037,Rigid,2071305,2080262,2089773,8957,9511,18468,completed,32
31038,Rigid,2071305,2080491,2086679,9186,6188,15374,completed,32
31039,Rigid,2071305,2080960,2090227,9655,9267,18922,completed,32
31040,Rigid,2071305,2081398,2090926,10093,9528,19621,completed,32
31041,Rigid,2071305,2079011,2096553,7706,17542,25248,completed,32
31042,Rigid,2071305,2079011,2101109,7706,22098,29804,completed,32
31043,Rigid,2071305,2079011,2105685,7706,26674,34380,completed,32
31044,Rigid,2071305,2079011,2092047,7706,13036,20742,completed,32
31045,Rigid,2071305,2079011,2097907,7706,18896,26602,completed,32
31046,Rigid,2071305,2079011,2092279,7706,13268,20974,completed,32
31047,Rigid,2071305,2079289,2093093,7984,13804,21788,completed,32
31048,Rigid,2071305,2079289,2092282,7984,12993,20977,completed,32
31049,Rigid,2071305,2079290,2099279,7985,19989,27974,completed,32
31050,Rigid,2071305,2080691,2100045,9386,19354,28740,completed,32
31051,Rigid,2071305,2081320,2091496,10015,10176,20191,completed,32
31052,Rigid,2071305,2081380,2093418,10075,12038,22113,completed,32
31053,Rigid,2071305,2082191,2095521,10886,13330,24216,completed,32
31054,Rigid,2071305,2082623,2108127,11318,25504,36822,completed,32
31055,Rigid,2071305,2082769,2094241,11464,11472,22936,completed,32
31056,Rigid,2071305,2083777,2101524,12472,17747,30219,completed,32
31057,Rigid,2071305,2084028,2103823,12723,19795,32518,completed,32
31058,Rigid,2071305,2084481,2104575,13176,20094,33270,completed,32
31059,Rigid,2071305,2084552,2104333,13247,19781,33028,completed,32
31060,Rigid,2071306,2084881,2099282,13575,14401,27976,completed,32
31061,Rigid,2071306,2085382,2098869,14076,13487,27563,completed,32
31062,Rigid,2071326,2085664,2094411,14338,8747,23085,completed,32
31063,Rigid,2071326,2085470,2095591,14144,10121,24265,completed,32
31064,Rigid,2071326,2085978,2101083,14652,15105,29757,completed,32
31065,Rigid,2071327,2086754,2095720,15427,8966,24393,completed,32
31066,Rigid,2071327,2087128,2096169,15801,9041,24842,completed,32
31067,Rigid,2071327,2088578,2095400,17251,6822,24073,completed,32
31068,Rigid,2071327,2088748,2096675,17421,7927,25348,completed,32
31069,Rigid,2071327,2088917,2097709,17590,8792,26382,completed,32
31070,Rigid,2071327,2088941,2094714,17614,5773,23387,completed,32
31071,Rigid,2071327,2089566,2098020,18239,8454,26693,completed,32
31072,Rigid,2071327,2089774,2099200,18447,9426,27873,completed,32
31073,Rigid,2071327,2089986,2098813,18659,8827,27486,completed,32
31074,Rigid,2071327,2086384,2100339,15057,13955,29012,completed,32
31075,Rigid,2071327,2086680,2098633,15353,11953,27306,completed,32
31076,Rigid,2071327,2086710,2103093,15383,16383,31766,completed,32
31077,Rigid,2071327,2087495,2107496,16168,20001,36169,completed,32
31078,Rigid,2071327,2087584,2111786,16257,24202,40459,completed,32
31079,Rigid,2071327,2087587,2099413,16260,11826,28086,completed,32
31080,Rigid,2071327,2088407,2105958,17080,17551,34631,completed,32
31081,Rigid,2071327,2088409,2100666,17082,12257,29339,completed,32
31082,Rigid,2071327,2088637,2101767,17310,13130,30440,completed,32
31083,Rigid,2071327,2088708,2100764,17381,12056,29437,completed,32
31084,Rigid,2071327,2088880,2107177,17553,18297,35850,completed,32
31085,Rigid,2071327,2089205,2106961,17878,17756,35634,completed,32
31086,Rigid,2071327,2089846,2100891,18519,11045,29564,completed,32
31087,Rigid,2071327,2090158,2102398,18831,12240,31071,completed,32
31088,Rigid,2071327,2090229,2113429,18902,23200,42102,completed,32
31089,Rigid,2071327,2090377,2101071,19050,10694,29744,completed,32
31090,Rigid,2071327,2090889,2107181,19562,16292,35854,completed,32
31091,Rigid,2071327,2090927,2108947,19600,18020,37620,completed,32
31092,Rigid,2071327,2090968,2108691,19641,17723,37364,completed,32
31093,Rigid,2071327,2091203,2109093,19876,17890,37766,completed,32
31094,Rigid,2071328,2091252,2104458,19924,13206,33130,completed,32
31095,Rigid,2071328,2091497,2104111,20169,12614,32783,completed,32
31096,Rigid,2071645,2072644,2083883,999,11239,12238,completed,72
31097,Rigid,2072089,2081399,2085017,9310,3618,12928,completed,36
31098,Rigid,2072137,2081399,2085017,9262,3618,12880,completed,36
31099,Rigid,2072573,2086447,2104731,13874,18284,32158,completed,540
31100,Rigid,2074583,2082210,2255039,7627,172829,180456,completed,24
31101,Rigid,2074959,2082029,2083527,7070,1498,8568,completed,144
31102,Rigid,2075014,2083531,2085063,8517,1532,10049,completed,144
31103,Rigid,2075051,2083891,2085406,8840,1515,10355,completed,144
31104,Rigid,2075088,2083951,2085326,8863,1375,10238,completed,144
31105,Rigid,2075574,2083801,2226874,8227,143073,151300,completed,22
31106,Rigid,2075936,2091536,2092714,15600,1178,16778,completed,540
31107,Rigid,2082725,2082725,2082728,0,3,3,completed,36
31108,Rigid,2082959,2092716,2497300,9757,404584,414341,completed,216
31109,Rigid,2083762,2083763,2083766,1,3,4,completed,36
31110,Rigid,2084386,2084386,2084390,0,4,4,completed,36
31111,Rigid,2085199,2089210,2093554,4011,4344,8355,completed,72
31112,Rigid,2085204,2091343,2093712,6139,2369,8508,completed,72
31113,Rigid,2085206,2091343,2093786,6137,2443,8580,completed,72
31114,Rigid,2085210,2091551,2093876,6341,2325,8666,completed,72
31115,Rigid,2085212,2091551,2093573,6339,2022,8361,completed,72
31116,Rigid,2085214,2091551,2093675,6337,2124,8461,completed,72
31117,Rigid,2085216,2091551,2093978,6335,2427,8762,completed,72
31118,Rigid,2085218,2091551,2093769,6333,2218,8551,completed,72
31119,Rigid,2085220,2091556,2093694,6336,2138,8474,completed,72
31120,Rigid,2085223,2091556,2093939,6333,2383,8716,completed,72
31121,Rigid,2085226,2091556,2093957,6330,2401,8731,completed,72
31122,Rigid,2085228,2092049,2093730,6821,1681,8502,completed,72
31123,Rigid,2085230,2092172,2093601,6942,1429,8371,completed,72
31124,Rigid,2085232,2092283,2093515,7051,1232,8283,completed,72
31125,Rigid,2085235,2085239,2085242,4,3,7,completed,36
31126,Rigid,2085244,2092716,2093753,7472,1037,8509,completed,72
31127,Rigid,2085296,2092716,2093848,7420,1132,8552,completed,72
31128,Rigid,2085317,2085318,2085321,1,3,4,completed,36
31129,Rigid,2085396,2085397,2085402,1,5,6,completed,36
31130,Rigid,2085505,2085507,2085511,2,4,6,completed,36
31131,Rigid,2085741,2085742,2085746,1,4,5,completed,36
31132,Rigid,2085825,2085825,2085828,0,3,3,completed,36
31133,Rigid,2086045,2086047,2086050,2,3,5,completed,36
31134,Rigid,2090114,2092716,2153353,2602,60637,63239,completed,36
31135,Rigid,2090137,2092716,2153592,2579,60876,63455,completed,36
31136,Rigid,2090169,2092716,2092738,2547,22,2569,completed,36
31137,Rigid,2091791,2091793,2091816,2,23,25,completed,36
31138,Rigid,2096129,2096130,2139350,1,43220,43221,completed,36
31139,Rigid,2096451,2242478,2384915,146027,142437,288464,completed,756
31140,Rigid,2098801,2098802,2098805,1,3,4,completed,36
31141,Rigid,2099662,2099662,2184944,0,85282,85282,completed,144
31142,Rigid,2099882,2099883,2185309,1,85426,85427,completed,108
31143,Rigid,2100155,2100156,2226666,1,126510,126511,completed,108
31144,Rigid,2100278,2100278,2226761,0,126483,126483,completed,108
31145,Rigid,2100410,2100411,2273220,1,172809,172810,completed,108
31146,Rigid,2100529,2100529,2273340,0,172811,172811,completed,24
31147,Rigid,2100546,2100547,2100555,1,8,9,completed,24
31148,Rigid,2100606,2100606,2100665,0,59,59,completed,36
31149,Rigid,2100702,2100702,2273520,0,172818,172818,completed,24
31150,Rigid,2101574,2101574,2102514,0,940,940,completed,2
31151,Rigid,2101579,2101579,2102540,0,961,961,completed,2
31152,Rigid,2101580,2101583,2102008,3,425,428,completed,2
31153,Rigid,2101582,2101583,2101592,1,9,10,completed,2
31154,Rigid,2101582,2101583,2101593,1,10,11,completed,2
31155,Rigid,2101583,2101583,2102309,0,726,726,completed,2
31156,Rigid,2101583,2101583,2101983,0,400,400,completed,2
31157,Rigid,2101584,2101586,2102011,2,425,427,completed,2
31158,Rigid,2101587,2101590,2101602,3,12,15,completed,2
31159,Rigid,2102316,2102317,2184781,1,82464,82465,completed,144
31160,Rigid,2104230,2104231,2104302,1,71,72,completed,72
31161,Rigid,2104831,2104832,2105510,1,678,679,completed,540
31162,Rigid,2105268,2105268,2129336,0,24068,24068,completed,72
31163,Rigid,2106413,2106416,2106709,3,293,296,completed,144
31164,Rigid,2106414,2106416,2106422,2,6,8,completed,1
31165,Rigid,2106414,2106416,2106419,2,3,5,completed,1
31166,Rigid,2106414,2106416,2106419,2,3,5,completed,1
31167,Rigid,2106414,2106416,2106709,2,293,295,completed,144
31168,Rigid,2106415,2106416,2106419,1,3,4,completed,1
31169,Rigid,2106415,2106416,2106418,1,2,3,completed,1
31170,Rigid,2106417,2106419,2106422,2,3,5,completed,1
31171,Rigid,2106417,2106419,2106763,2,344,346,completed,216
31172,Rigid,2106418,2106419,2106422,1,3,4,completed,1
31173,Rigid,2106418,2106419,2106422,1,3,4,completed,1
31174,Rigid,2106419,2106419,2106421,0,2,2,completed,1
31175,Rigid,2106419,2106420,2106422,1,2,3,completed,2
31176,Rigid,2106419,2106419,2106438,0,19,19,completed,36
31177,Rigid,2106419,2106420,2106439,1,19,20,completed,36
31178,Rigid,2106420,2106420,2106422,0,2,2,completed,2
31179,Rigid,2106421,2106423,2106427,2,4,6,completed,1
31180,Rigid,2106421,2106423,2106426,2,3,5,completed,1
31181,Rigid,2106421,2106423,2106426,2,3,5,completed,1
31182,Rigid,2106423,2106424,2106425,1,1,2,completed,1
31183,Rigid,2106424,2106427,2106429,3,2,5,completed,1
31184,Rigid,2106424,2106427,2106429,3,2,5,completed,1
31185,Rigid,2106425,2106427,2106429,2,2,4,completed,1
31186,Rigid,2106425,2106427,2106430,2,3,5,completed,1
31187,Rigid,2106425,2106427,2106429,2,2,4,completed,1
31188,Rigid,2106426,2106427,2106429,1,2,3,completed,1
31189,Rigid,2106426,2106427,2106429,1,2,3,completed,1
31190,Rigid,2106427,2106428,2106430,1,2,3,completed,1
31191,Rigid,2106427,2106428,2106430,1,2,3,completed,1
31192,Rigid,2106427,2106428,2106430,1,2,3,completed,36
31193,Rigid,2106427,2106428,2106447,1,19,20,completed,36
31194,Rigid,2106428,2106429,2106431,1,2,3,completed,2
31195,Rigid,2106428,2106428,2106433,0,5,5,completed,36
31196,Rigid,2106428,2106429,2106431,1,2,3,completed,18
31197,Rigid,2106428,2106429,2106449,1,20,21,completed,36
31198,Rigid,2106429,2106430,2106773,1,343,344,completed,216
31199,Rigid,2106430,2106431,2106433,1,2,3,completed,1
31200,Rigid,2106431,2106431,2106432,0,1,1,completed,1
31201,Rigid,2106431,2106431,2106433,0,2,2,completed,18
31202,Rigid,2106432,2106432,2106434,0,2,2,completed,1
31203,Rigid,2106433,2106433,2106436,0,3,3,completed,1
31204,Rigid,2106433,2106433,2106435,0,2,2,completed,1
31205,Rigid,2106433,2106433,2106436,0,3,3,completed,1
31206,Rigid,2106434,2106434,2106436,0,2,2,completed,36
31207,Rigid,2106434,2106435,2106438,1,3,4,completed,36
31208,Rigid,2106434,2106435,2106436,1,1,2,completed,18
31209,Rigid,2122706,2122707,2122715,1,8,9,completed,144
31210,Rigid,2122736,2122736,2122744,0,8,8,completed,144
31211,Rigid,2123019,2123019,2123027,0,8,8,completed,144
31212,Rigid,2123060,2123060,2123068,0,8,8,completed,144
31213,Rigid,2123714,2123715,2123723,1,8,9,completed,144
31214,Rigid,2123975,2123975,2123983,0,8,8,completed,144
31215,Rigid,2124504,2124505,2124513,1,8,9,completed,144
31216,Rigid,2125518,2125519,2125527,1,8,9,completed,144
31217,Rigid,2125865,2125866,2125874,1,8,9,completed,144
31218,Rigid,2143528,2143528,2186754,0,43226,43226,completed,36
31219,Rigid,2144338,2144338,2144409,0,71,71,completed,72
31220,Rigid,2144758,2144758,2227014,0,82256,82256,completed,108
31221,Rigid,2144848,2144848,2227099,0,82251,82251,completed,108
31222,Rigid,2145024,2145025,2274785,1,129760,129761,completed,24
31223,Rigid,2145098,2145099,2317921,1,172822,172823,completed,24
31224,Rigid,2145349,2145350,2166469,1,21119,21120,completed,72
31225,Rigid,2147931,2147931,2227250,0,79319,79319,completed,24
31226,Rigid,2148087,2148087,2227265,0,79178,79178,completed,24
31227,Rigid,2148426,2148427,2318723,1,170296,170297,completed,22
31228,Rigid,2151043,2151044,2167682,1,16638,16639,completed,72
31229,Rigid,2151045,2151048,2167681,3,16633,16636,completed,72
31230,Rigid,2151048,2151052,2167678,4,16626,16630,completed,72
31231,Rigid,2151050,2151052,2167677,2,16625,16627,completed,72
31232,Rigid,2151052,2151056,2167675,4,16619,16623,completed,72
31233,Rigid,2151055,2151056,2167673,1,16617,16618,completed,72
31234,Rigid,2151058,2151060,2167671,2,16611,16613,completed,72
31235,Rigid,2151060,2151060,2167669,0,16609,16609,completed,72
31236,Rigid,2151063,2151064,2167667,1,16603,16604,completed,72
31237,Rigid,2151067,2151068,2167665,1,16597,16598,completed,72
31238,Rigid,2151070,2151072,2167663,2,16591,16593,completed,72
31239,Rigid,2151073,2151076,2167658,3,16582,16585,completed,72
31240,Rigid,2151075,2151076,2167694,1,16618,16619,completed,72
31241,Rigid,2151078,2151080,2167652,2,16572,16574,completed,72
31242,Rigid,2151080,2151080,2167655,0,16575,16575,completed,72
31243,Rigid,2151082,2151084,2167648,2,16564,16566,completed,72
31244,Rigid,2151784,2151784,2151793,0,9,9,completed,144
31245,Rigid,2152034,2152034,2152042,0,8,8,completed,144
31246,Rigid,2152372,2152372,2152380,0,8,8,completed,144
31247,Rigid,2152581,2152581,2152589,0,8,8,completed,144
31248,Rigid,2152846,2152847,2152855,1,8,9,completed,144
31249,Rigid,2153599,2153600,2153608,1,8,9,completed,144
31250,Rigid,2154421,2154422,2241353,1,86931,86932,completed,144
31251,Rigid,2154514,2154514,2241312,0,86798,86798,completed,288
31252,Rigid,2155373,2155374,2160903,1,5529,5530,completed,1
31253,Rigid,2155409,2155411,2159782,2,4371,4373,completed,1
31254,Rigid,2166121,2166122,2166134,1,12,13,completed,2
31255,Rigid,2166122,2166122,2166134,0,12,12,completed,2
31256,Rigid,2166123,2166123,2166134,0,11,11,completed,2
31257,Rigid,2166504,2166504,2166840,0,336,336,completed,2
31258,Rigid,2166504,2166504,2166858,0,354,354,completed,2
31259,Rigid,2166504,2166504,2166824,0,320,320,completed,2
31260,Rigid,2166834,2166835,2167112,1,277,278,completed,2
31261,Rigid,2166844,2166844,2167128,0,284,284,completed,2
31262,Rigid,2166864,2166864,2167141,0,277,277,completed,2
31263,Rigid,2167759,2167760,2167829,1,69,70,completed,72
31264,Rigid,2167807,2167848,2180412,41,12564,12605,completed,108
31265,Rigid,2168530,2168531,2189625,1,21094,21095,completed,72
31266,Rigid,2173526,2173526,2173611,0,85,85,completed,72
31267,Rigid,2173630,2173630,2173979,0,349,349,completed,72
31268,Rigid,2174685,2174686,2198916,1,24230,24231,completed,648
31269,Rigid,2174709,2174710,2189365,1,14655,14656,completed,648
31270,Rigid,2174725,2189366,2215680,14641,26314,40955,completed,648
31271,Rigid,2174743,2198917,2208227,24174,9310,33484,completed,648
31272,Rigid,2174854,2174854,2318772,0,143918,143918,completed,144
31273,Rigid,2177249,2177249,2263649,0,86400,86400,completed,1080
31274,Rigid,2177612,2177614,2183703,2,6089,6091,completed,72
31275,Rigid,2179184,2179184,2179196,0,12,12,completed,36
31276,Rigid,2179413,2179414,2179420,1,6,7,completed,36
31277,Rigid,2179542,2179542,2179548,0,6,6,completed,36
31278,Rigid,2179737,2179738,2179744,1,6,7,completed,36
31279,Rigid,2179909,2179909,2179917,0,8,8,completed,36
31280,Rigid,2180062,2180063,2180068,1,5,6,completed,36
31281,Rigid,2180253,2180254,2180260,1,6,7,completed,36
31282,Rigid,2180382,2180383,2180392,1,9,10,completed,36
31283,Rigid,2180447,2180448,2180456,1,8,9,completed,144
31284,Rigid,2180474,2180475,2180482,1,7,8,completed,144
31285,Rigid,2180543,2180543,2180554,0,11,11,completed,144
31286,Rigid,2180595,2180596,2180604,1,8,9,completed,144
31287,Rigid,2180599,2180600,2180611,1,11,12,completed,144
31288,Rigid,2180673,2180674,2180682,1,8,9,completed,144
31289,Rigid,2180693,2180694,2180705,1,11,12,completed,144
31290,Rigid,2180750,2180751,2180762,1,11,12,completed,144
31291,Rigid,2180850,2180850,2180860,0,10,10,completed,288
31292,Rigid,2180865,2180865,2180873,0,8,8,completed,144
31293,Rigid,2180929,2180930,2180937,1,7,8,completed,144
31294,Rigid,2180968,2180968,2180975,0,7,7,completed,144
31295,Rigid,2181006,2181006,2181013,0,7,7,completed,144
31296,Rigid,2181037,2181037,2181044,0,7,7,completed,144
31297,Rigid,2181066,2181067,2181073,1,6,7,completed,144
31298,Rigid,2181105,2181106,2181111,1,5,6,completed,144
31299,Rigid,2181165,2181166,2181171,1,5,6,completed,144
31300,Rigid,2181203,2181204,2181209,1,5,6,completed,144
31301,Rigid,2181239,2181239,2181244,0,5,5,completed,144
31302,Rigid,2181295,2181295,2181301,0,6,6,completed,144
31303,Rigid,2181315,2181315,2181320,0,5,5,completed,144
31304,Rigid,2181336,2181337,2181341,1,4,5,completed,144
31305,Rigid,2181362,2181363,2181367,1,4,5,completed,144
31306,Rigid,2181385,2181385,2181389,0,4,4,completed,144
31307,Rigid,2181402,2181403,2181407,1,4,5,completed,144
31308,Rigid,2181429,2181430,2181434,1,4,5,completed,144
31309,Rigid,2181447,2181448,2181452,1,4,5,completed,144
31310,Rigid,2181455,2181456,2181466,1,10,11,completed,288
31311,Rigid,2181468,2181469,2181473,1,4,5,completed,144
31312,Rigid,2181510,2181514,2181517,4,3,7,completed,144
31313,Rigid,2181536,2181537,2181540,1,3,4,completed,144
31314,Rigid,2181536,2181537,2181547,1,10,11,completed,288
31315,Rigid,2181565,2181566,2181569,1,3,4,completed,144
31316,Rigid,2181583,2181584,2181587,1,3,4,completed,144
31317,Rigid,2181602,2181603,2181606,1,3,4,completed,144
31318,Rigid,2181624,2181624,2181627,0,3,3,completed,144
31319,Rigid,2181642,2181642,2181645,0,3,3,completed,144
31320,Rigid,2181659,2181660,2181663,1,3,4,completed,144
31321,Rigid,2181678,2181678,2181708,0,30,30,completed,144
31322,Rigid,2181728,2181729,2181756,1,27,28,completed,144
31323,Rigid,2181772,2181772,2181793,0,21,21,completed,144
31324,Rigid,2181808,2181808,2181811,0,3,3,completed,144
31325,Rigid,2181808,2181808,2181816,0,8,8,completed,288
31326,Rigid,2181941,2181941,2253440,0,71499,71499,completed,144
31327,Rigid,2182028,2182029,2253440,1,71411,71412,completed,144
31328,Rigid,2182060,2182061,2183450,1,1389,1390,completed,144
31329,Rigid,2182116,2182116,2317611,0,135495,135495,completed,108
31330,Rigid,2182131,2182131,2253440,0,71309,71309,completed,144
31331,Rigid,2182168,2182168,3177875,0,995707,995707,completed,216
31332,Rigid,2182204,2182204,2253440,0,71236,71236,completed,144
31333,Rigid,2182412,2742376,2892711,559964,150335,710299,completed,756
31334,Rigid,2182578,2182578,2182593,0,15,15,completed,144
31335,Rigid,2182657,2182657,2182667,0,10,10,completed,144
31336,Rigid,2182662,2182662,2182767,0,105,105,completed,72
31337,Rigid,2182759,2182759,2182790,0,31,31,completed,144
31338,Rigid,2182812,2182813,2182834,1,21,22,completed,144
31339,Rigid,2182881,2182882,2182896,1,14,15,completed,144
31340,Rigid,2182984,2182985,2182995,1,10,11,completed,144
31341,Rigid,2183033,2183033,2183065,0,32,32,completed,144
31342,Rigid,2183079,2183080,2183101,1,21,22,completed,144
31343,Rigid,2183153,2183154,2183164,1,10,11,completed,144
31344,Rigid,2183213,2183214,2183223,1,9,10,completed,144
31345,Rigid,2183281,2183282,2183297,1,15,16,completed,144
31346,Rigid,2183333,2183333,2183345,0,12,12,completed,144
31347,Rigid,2183414,2183414,2183429,0,15,15,completed,144
31348,Rigid,2183459,2183459,2183470,0,11,11,completed,144
31349,Rigid,2183507,2183509,2183540,2,31,33,completed,144
31350,Rigid,2183557,2183558,2183579,1,21,22,completed,144
31351,Rigid,2183598,2183599,2183663,1,64,65,completed,1
31352,Rigid,2183609,2183609,2183623,0,14,14,completed,144
31353,Rigid,2183659,2183660,2183670,1,10,11,completed,144
31354,Rigid,2183709,2183710,2183740,1,30,31,completed,144
31355,Rigid,2183751,2183752,2183773,1,21,22,completed,144
31356,Rigid,2183758,2183759,2184096,1,337,338,completed,1
31357,Rigid,2183821,2183822,2183832,1,10,11,completed,144
31358,Rigid,2183871,2183872,2183880,1,8,9,completed,144
31359,Rigid,2183920,2183920,2183935,0,15,15,completed,144
31360,Rigid,2183969,2183970,2183982,1,12,13,completed,144
31361,Rigid,2184131,2184131,2184217,0,86,86,completed,1
31362,Rigid,2184227,2184228,2184315,1,87,88,completed,72
31363,Rigid,2184284,2184285,2184432,1,147,148,completed,36
31364,Rigid,2184803,2184804,2184892,1,88,89,completed,72
31365,Rigid,2184804,2184804,2316979,0,132175,132175,completed,144
31366,Rigid,2184811,2184814,2184830,3,16,19,completed,28
31367,Rigid,2184811,2184814,2184829,3,15,18,completed,28
31368,Rigid,2184811,2184814,2185492,3,678,681,completed,32
31369,Rigid,2184811,2184814,2185589,3,775,778,completed,32
31370,Rigid,2184812,2184814,2184830,2,16,18,completed,28
31371,Rigid,2184812,2184814,2185638,2,824,826,completed,32
31372,Rigid,2184812,2184814,2185002,2,188,190,completed,32
31373,Rigid,2184812,2184814,2185004,2,190,192,completed,32
31374,Rigid,2184812,2184814,2185009,2,195,197,completed,32
31375,Rigid,2184935,2184935,2185008,0,73,73,completed,36
31376,Rigid,2184962,2184962,2314800,0,129838,129838,completed,144
31377,Rigid,2185012,2185012,2185067,0,55,55,completed,9
31378,Rigid,2185012,2185012,2185070,0,58,58,completed,9
31379,Rigid,2185012,2185012,2185070,0,58,58,completed,9
31380,Rigid,2185044,2185044,2186155,0,1111,1111,completed,36
31381,Rigid,2185046,2185048,2185067,2,19,21,completed,1
31382,Rigid,2185046,2185048,2185067,2,19,21,completed,1
31383,Rigid,2185072,2185073,2185093,1,20,21,completed,2
31384,Rigid,2185072,2185073,2185093,1,20,21,completed,2
31385,Rigid,2185072,2185073,2185092,1,19,20,completed,2
31386,Rigid,2185341,2185341,2317056,0,131715,131715,completed,108
31387,Rigid,2185377,2185377,2185666,0,289,289,completed,2
31388,Rigid,2185377,2185377,2185657,0,280,280,completed,2
31389,Rigid,2185377,2185381,2185644,4,263,267,completed,2
31390,Rigid,2185502,2185502,2185771,0,269,269,completed,9
31391,Rigid,2185592,2185594,2185885,2,291,293,completed,9
31392,Rigid,2185643,2185644,2185960,1,316,317,completed,9
31393,Rigid,2185773,2185774,2185846,1,72,73,completed,2
31394,Rigid,2185893,2185894,2185976,1,82,83,completed,2
31395,Rigid,2185947,2185947,2186089,0,142,142,completed,16
31396,Rigid,2185947,2185947,2186082,0,135,135,completed,16
31397,Rigid,2185947,2185947,2186081,0,134,134,completed,16
31398,Rigid,2185963,2185963,2186058,0,95,95,completed,2
31399,Rigid,2186018,2186018,2186021,0,3,3,completed,18
31400,Rigid,2186164,2186164,2186167,0,3,3,completed,36
31401,Rigid,2186211,2186211,2186220,0,9,9,completed,2
31402,Rigid,2186211,2186211,2186220,0,9,9,completed,2
31403,Rigid,2186211,2186211,2186220,0,9,9,completed,2
31404,Rigid,2186231,2186231,2187385,0,1154,1154,completed,36
31405,Rigid,2186243,2186243,2186246,0,3,3,completed,36
31406,Rigid,2186295,2186295,2186298,0,3,3,completed,36
31407,Rigid,2186387,2186388,2186400,1,12,13,completed,18
31408,Rigid,2187043,2187044,2187108,1,64,65,completed,9
31409,Rigid,2187043,2187044,2187105,1,61,62,completed,9
31410,Rigid,2187043,2187044,2187106,1,62,63,completed,9
31411,Rigid,2187113,2187114,2187132,1,18,19,completed,2
31412,Rigid,2187114,2187114,2187131,0,17,17,completed,2
31413,Rigid,2187114,2187114,2187131,0,17,17,completed,2
31414,Rigid,2187354,2187355,2187367,1,12,13,completed,18
31415,Rigid,2187567,2187567,2188613,0,1046,1046,completed,72
31416,Rigid,2187821,2187821,2189435,0,1614,1614,completed,18
31417,Rigid,2189108,2189108,2189113,0,5,5,completed,36
31418,Rigid,2189232,2189233,2190474,1,1241,1242,completed,36
31419,Rigid,2189723,2189723,2189794,0,71,71,completed,72
31420,Rigid,2190183,2190184,2214394,1,24210,24211,completed,72
31421,Rigid,2191959,2191960,2227663,1,35703,35704,completed,1080
31422,Rigid,2192605,2192606,2193863,1,1257,1258,completed,72
31423,Rigid,2195753,2195753,2196912,0,1159,1159,completed,72
31424,Rigid,2221924,2221924,2221994,0,70,70,completed,72
31425,Rigid,2224116,2224117,2306557,1,82440,82441,completed,36
31426,Rigid,2224116,2224117,2306294,1,82177,82178,completed,36
31427,Rigid,2224116,2224117,2296880,1,72763,72764,completed,36
31428,Rigid,2224279,2224280,2364802,1,140522,140523,completed,36
31429,Rigid,2224279,2224280,2354314,1,130034,130035,completed,36
31430,Rigid,2224279,2224280,2361684,1,137404,137405,completed,36
31431,Rigid,2225361,2225362,2282599,1,57237,57238,completed,36
31432,Rigid,2225361,2225362,2295658,1,70296,70297,completed,36
31433,Rigid,2225361,2225362,2312777,1,87415,87416,completed,36
31434,Rigid,2225390,2225390,2333032,0,107642,107642,completed,36
31435,Rigid,2225390,2225390,2318297,0,92907,92907,completed,36
31436,Rigid,2225390,2225390,2398192,0,172802,172802,completed,36
31437,Rigid,2225416,2225416,2359538,0,134122,134122,completed,36
31438,Rigid,2225416,2225416,2351039,0,125623,125623,completed,36
31439,Rigid,2225416,2225416,2371762,0,146346,146346,completed,36
31440,Rigid,2225442,2225442,2310148,0,84706,84706,completed,36
31441,Rigid,2225442,2225442,2287291,0,61849,61849,completed,36
31442,Rigid,2225442,2225442,2324418,0,98976,98976,completed,36
31443,Rigid,2225473,2225474,2310292,1,84818,84819,completed,36
31444,Rigid,2225473,2225474,2337352,1,111878,111879,completed,36
31445,Rigid,2225473,2225474,2342625,1,117151,117152,completed,36
31446,Rigid,2225554,2225555,2325519,1,99964,99965,completed,36
31447,Rigid,2225554,2225555,2265314,1,39759,39760,completed,36
31448,Rigid,2225554,2225555,2334880,1,109325,109326,completed,36
31449,Rigid,2225591,2225591,2286109,0,60518,60518,completed,36
31450,Rigid,2225591,2225591,2316154,0,90563,90563,completed,36
31451,Rigid,2225591,2225591,2309321,0,83730,83730,completed,36
31452,Rigid,2225621,2225621,2291901,0,66280,66280,completed,36
31453,Rigid,2225621,2225621,2297694,0,72073,72073,completed,36
31454,Rigid,2225621,2225621,2313746,0,88125,88125,completed,36
31455,Rigid,2225722,2225722,2283551,0,57829,57829,completed,36
31456,Rigid,2225722,2225722,2317669,0,91947,91947,completed,36
31457,Rigid,2225722,2225722,2280606,0,54884,54884,completed,36
31458,Rigid,2225757,2225758,2348305,1,122547,122548,completed,36
31459,Rigid,2225757,2225758,2290554,1,64796,64797,completed,36
31460,Rigid,2225757,2225758,2349846,1,124088,124089,completed,36
31461,Rigid,2225836,2225837,2272786,1,46949,46950,completed,36
31462,Rigid,2225836,2225837,2265085,1,39248,39249,completed,36
31463,Rigid,2225836,2225837,2259522,1,33685,33686,completed,36
31464,Rigid,2225867,2225867,2346617,0,120750,120750,completed,36
31465,Rigid,2225867,2225867,2349811,0,123944,123944,completed,36
31466,Rigid,2225867,2225867,2322620,0,96753,96753,completed,36
31467,Rigid,2225904,2225904,2341707,0,115803,115803,completed,36
31468,Rigid,2225904,2225904,2344997,0,119093,119093,completed,36
31469,Rigid,2225904,2225904,2281861,0,55957,55957,completed,36
31470,Rigid,2225947,2225950,2485175,3,259225,259228,completed,36
31471,Rigid,2225947,2225950,2485175,3,259225,259228,completed,36
31472,Rigid,2225947,2225950,2485175,3,259225,259228,completed,36
31473,Rigid,2225949,2225950,2226042,1,92,93,completed,36
31474,Rigid,2225949,2225950,2226042,1,92,93,completed,36
31475,Rigid,2225949,2225950,2226042,1,92,93,completed,36
31476,Rigid,2225952,2225954,2485175,2,259221,259223,completed,36
31477,Rigid,2225952,2225954,2485175,2,259221,259223,completed,36
31478,Rigid,2225952,2225954,2255706,2,29752,29754,completed,36
31479,Rigid,2225954,2225954,2485175,0,259221,259221,completed,36
31480,Rigid,2225954,2225954,2226042,0,88,88,completed,36
31481,Rigid,2225954,2225954,2485175,0,259221,259221,completed,36
31482,Rigid,2225960,2225961,2485175,1,259214,259215,completed,36
31483,Rigid,2225960,2225961,2485175,1,259214,259215,completed,36
31484,Rigid,2225960,2225961,2285263,1,59302,59303,completed,36
31485,Rigid,2225963,2225965,2226042,2,77,79,completed,36
31486,Rigid,2225963,2225965,2226042,2,77,79,completed,36
31487,Rigid,2225963,2225965,2226042,2,77,79,completed,36
31488,Rigid,2226085,2226086,2226118,1,32,33,completed,36
31489,Rigid,2226543,2226544,2226799,1,255,256,completed,36
31490,Rigid,2226698,2226699,2399512,1,172813,172814,completed,108
31491,Rigid,2226701,2226703,2226714,2,11,13,completed,36
31492,Rigid,2226792,2226793,2399602,1,172809,172810,completed,108
31493,Rigid,2226830,2226830,2226845,0,15,15,completed,36
31494,Rigid,2226843,2226844,2270070,1,43226,43227,completed,36
31495,Rigid,2226909,2226909,2227129,0,220,220,completed,36
31496,Rigid,2226912,2226913,2399722,1,172809,172810,completed,22
31497,Rigid,2226925,2226925,2226945,0,20,20,completed,36
31498,Rigid,2227053,2227055,2233092,2,6037,6039,completed,108
31499,Rigid,2227140,2227141,2399962,1,172821,172822,completed,108
31500,Rigid,2227222,2227222,2227347,0,125,125,completed,36
31501,Rigid,2227304,2227305,2400112,1,172807,172808,completed,24
31502,Rigid,2227382,2227383,2400202,1,172819,172820,completed,24
31503,Rigid,2227396,2227396,2227436,0,40,40,completed,36
31504,Rigid,2227406,2227407,2229339,1,1932,1933,completed,72
31505,Rigid,2227463,2227464,2227473,1,9,10,completed,36
31506,Rigid,2227685,2227686,2232848,1,5162,5163,completed,36
31507,Rigid,2227685,2227686,2230975,1,3289,3290,completed,36
31508,Rigid,2227685,2227686,2230592,1,2906,2907,completed,36
31509,Rigid,2227734,2227735,2400562,1,172827,172828,completed,36
31510,Rigid,2227734,2227735,2400562,1,172827,172828,completed,36
31511,Rigid,2227734,2227735,2400562,1,172827,172828,completed,36
31512,Rigid,2227747,2227747,2227749,0,2,2,completed,36
31513,Rigid,2227831,2227831,2238657,0,10826,10826,completed,36
31514,Rigid,2227831,2227831,2238657,0,10826,10826,completed,36
31515,Rigid,2227831,2227831,2238657,0,10826,10826,completed,36
31516,Rigid,2227831,2227831,2227962,0,131,131,completed,36
31517,Rigid,2227949,2227949,2400772,0,172823,172823,completed,36
31518,Rigid,2227949,2227949,2400772,0,172823,172823,completed,36
31519,Rigid,2227949,2227950,2400772,1,172822,172823,completed,36
31520,Rigid,2228411,2228411,2228514,0,103,103,completed,36
31521,Rigid,2228454,2228455,2228463,1,8,9,completed,144
31522,Rigid,2228585,2228585,2228588,0,3,3,completed,144
31523,Rigid,2228626,2228626,2231510,0,2884,2884,completed,36
31524,Rigid,2228640,2228640,2228644,0,4,4,completed,144
31525,Rigid,2228922,2228923,2338666,1,109743,109744,completed,36
31526,Rigid,2228922,2228923,2358524,1,129601,129602,completed,36
31527,Rigid,2229038,2229038,2401852,0,172814,172814,completed,36
31528,Rigid,2229038,2229038,2401852,0,172814,172814,completed,36
31529,Rigid,2229038,2229038,2401852,0,172814,172814,completed,36
31530,Rigid,2229038,2229038,2229041,0,3,3,completed,144
31531,Rigid,2229058,2229059,2229065,1,6,7,completed,144
31532,Rigid,2229122,2229122,2229181,0,59,59,completed,36
31533,Rigid,2229911,2229912,2231569,1,1657,1658,completed,72
31534,Rigid,2230098,2230099,2402902,1,172803,172804,completed,36
31535,Rigid,2230098,2230099,2402902,1,172803,172804,completed,36
31536,Rigid,2230098,2230099,2402902,1,172803,172804,completed,36
31537,Rigid,2230276,2230276,2403082,0,172806,172806,completed,36
31538,Rigid,2230276,2230276,2403082,0,172806,172806,completed,36
31539,Rigid,2230276,2230276,2403082,0,172806,172806,completed,36
31540,Rigid,2230481,2230481,2230744,0,263,263,completed,1
31541,Rigid,2230558,2230558,2230560,0,2,2,completed,36
31542,Rigid,2230755,2230755,2233603,0,2848,2848,completed,144
31543,Rigid,2230864,2230865,2231127,1,262,263,completed,1
31544,Rigid,2231849,2231850,2237690,1,5840,5841,completed,36
31545,Rigid,2232116,2232116,2238678,0,6562,6562,completed,72
31546,Rigid,2232258,2232259,2232282,1,23,24,completed,1
31547,Rigid,2232298,2232299,2238072,1,5773,5774,completed,9
31548,Rigid,2232298,2232299,2237272,1,4973,4974,completed,9
31549,Rigid,2232705,2232705,2239847,0,7142,7142,completed,36
31550,Rigid,2232758,2232759,2232906,1,147,148,completed,36
31551,Rigid,2232861,2232861,2238738,0,5877,5877,completed,72
31552,Rigid,2232864,2232866,2238727,2,5861,5863,completed,72
31553,Rigid,2232866,2232870,2236393,4,3523,3527,completed,72
31554,Rigid,2232868,2232870,2243455,2,10585,10587,completed,72
31555,Rigid,2232874,2232875,2236341,1,3466,3467,completed,72
31556,Rigid,2232876,2232879,2236357,3,3478,3481,completed,72
31557,Rigid,2232879,2232879,2236419,0,3540,3540,completed,72
31558,Rigid,2232881,2232883,2238712,2,5829,5831,completed,72
31559,Rigid,2232884,2232887,2236315,3,3428,3431,completed,72
31560,Rigid,2232887,2232887,2236370,0,3483,3483,completed,72
31561,Rigid,2232890,2232890,2238773,0,5883,5883,completed,72
31562,Rigid,2232892,2232895,2241056,3,8161,8164,completed,72
31563,Rigid,2232894,2232895,2236328,1,3433,3434,completed,72
31564,Rigid,2232896,2232899,2236438,3,3539,3542,completed,72
31565,Rigid,2232899,2232899,2238753,0,5854,5854,completed,72
31566,Rigid,2232901,2232903,2236300,2,3397,3399,completed,72
31567,Rigid,2233020,2233020,2233198,0,178,178,completed,36
31568,Rigid,2233021,2233024,2233285,3,261,264,completed,1
31569,Rigid,2233021,2233024,2233199,3,175,178,completed,36
31570,Rigid,2233021,2233024,2233199,3,175,178,completed,36
31571,Rigid,2233022,2233024,2233199,2,175,177,completed,36
31572,Rigid,2233023,2233024,2233206,1,182,183,completed,36
31573,Rigid,2233024,2233024,2233199,0,175,175,completed,36
31574,Rigid,2233024,2233028,2233205,4,177,181,completed,36
31575,Rigid,2233025,2233028,2233202,3,174,177,completed,36
31576,Rigid,2233026,2233028,2233204,2,176,178,completed,36
31577,Rigid,2233027,2233028,2233208,1,180,181,completed,36
31578,Rigid,2233028,2233028,2233204,0,176,176,completed,36
31579,Rigid,2233028,2233032,2233207,4,175,179,completed,36
31580,Rigid,2233029,2233032,2233208,3,176,179,completed,36
31581,Rigid,2233030,2233032,2233207,2,175,177,completed,36
31582,Rigid,2233031,2233032,2233208,1,176,177,completed,36
31583,Rigid,2233032,2233032,2233212,0,180,180,completed,36
31584,Rigid,2233033,2233036,2233210,3,174,177,completed,36
31585,Rigid,2233033,2233098,2233274,65,176,241,completed,36
31586,Rigid,2233034,2233098,2233275,64,177,241,completed,36
31587,Rigid,2233035,2233098,2233273,63,175,238,completed,36
31588,Rigid,2233036,2233199,2233375,163,176,339,completed,36
31589,Rigid,2233037,2233200,2233378,163,178,341,completed,36
31590,Rigid,2233038,2233200,2233381,162,181,343,completed,36
31591,Rigid,2233039,2233201,2233382,162,181,343,completed,36
31592,Rigid,2233039,2233201,2233382,162,181,343,completed,36
31593,Rigid,2233040,2233203,2233380,163,177,340,completed,36
31594,Rigid,2233041,2233205,2233381,164,176,340,completed,36
31595,Rigid,2233042,2233205,2233382,163,177,340,completed,36
31596,Rigid,2233043,2233207,2233391,164,184,348,completed,36
31597,Rigid,2233044,2233207,2233384,163,177,340,completed,36
31598,Rigid,2233046,2233208,2233385,162,177,339,completed,36
31599,Rigid,2233046,2233208,2233387,162,179,341,completed,36
31600,Rigid,2233047,2233209,2233387,162,178,340,completed,36
31601,Rigid,2233048,2233209,2233386,161,177,338,completed,36
31602,Rigid,2233049,2233209,2233385,160,176,336,completed,36
31603,Rigid,2233050,2233211,2233389,161,178,339,completed,36
31604,Rigid,2233148,2233379,2402505,231,169126,169357,completed,108
31605,Rigid,2233240,2233275,2233629,35,354,389,completed,144
31606,Rigid,2233428,2233428,2233692,0,264,264,completed,1
31607,Rigid,2233761,2233762,2240742,1,6980,6981,completed,144
31608,Rigid,2233803,2233803,2236792,0,2989,2989,completed,144
31609,Rigid,2234949,2234950,2235065,1,115,116,completed,1152
31610,Rigid,2235348,2235349,2235512,1,163,164,completed,1
31611,Rigid,2235491,2235492,2236034,1,542,543,completed,144
31612,Rigid,2235551,2235552,2235716,1,164,165,completed,1
31613,Rigid,2235640,2235640,2236220,0,580,580,completed,36
31614,Rigid,2235640,2235644,2236225,4,581,585,completed,36
31615,Rigid,2235641,2235644,2236526,3,882,885,completed,36
31616,Rigid,2235642,2235644,2236234,2,590,592,completed,36
31617,Rigid,2235642,2235644,2236224,2,580,582,completed,36
31618,Rigid,2235643,2235644,2236226,1,582,583,completed,36
31619,Rigid,2235644,2235644,2236224,0,580,580,completed,36
31620,Rigid,2235644,2235648,2236230,4,582,586,completed,36
31621,Rigid,2235645,2235648,2236228,3,580,583,completed,36
31622,Rigid,2235646,2235648,2236227,2,579,581,completed,36
31623,Rigid,2235647,2235648,2236228,1,580,581,completed,36
31624,Rigid,2235647,2235648,2236229,1,581,582,completed,36
31625,Rigid,2235648,2235648,2236232,0,584,584,completed,36
31626,Rigid,2235649,2235651,2236231,2,580,582,completed,36
31627,Rigid,2235650,2235651,2236231,1,580,581,completed,36
31628,Rigid,2235650,2235651,2236232,1,581,582,completed,36
31629,Rigid,2235652,2235652,2236232,0,580,580,completed,36
31630,Rigid,2235653,2235656,2236235,3,579,582,completed,36
31631,Rigid,2235653,2235656,2236236,3,580,583,completed,36
31632,Rigid,2235654,2235656,2236238,2,582,584,completed,36
31633,Rigid,2235655,2235656,2236234,1,578,579,completed,36
31634,Rigid,2235656,2235656,2236237,0,581,581,completed,36
31635,Rigid,2235657,2235660,2236241,3,581,584,completed,36
31636,Rigid,2235657,2235660,2236237,3,577,580,completed,36
31637,Rigid,2235658,2235660,2236242,2,582,584,completed,36
31638,Rigid,2235659,2235660,2236241,1,581,582,completed,36
31639,Rigid,2235660,2235660,2236241,0,581,581,completed,36
31640,Rigid,2235661,2235664,2236249,3,585,588,completed,36
31641,Rigid,2235662,2235664,2236246,2,582,584,completed,36
31642,Rigid,2235663,2235664,2236243,1,579,580,completed,36
31643,Rigid,2235663,2235664,2236245,1,581,582,completed,36
31644,Rigid,2235664,2235664,2236243,0,579,579,completed,36
31645,Rigid,2235665,2235668,2236246,3,578,581,completed,36
31646,Rigid,2235666,2235668,2236246,2,578,580,completed,36
31647,Rigid,2235667,2235668,2236247,1,579,580,completed,36
31648,Rigid,2235668,2235668,2236246,0,578,578,completed,36
31649,Rigid,2235807,2235808,2236027,1,219,220,completed,1
31650,Rigid,2236011,2236011,2236102,0,91,91,completed,1
31651,Rigid,2236117,2236118,2236123,1,5,6,completed,1
31652,Rigid,2236284,2236285,2237169,1,884,885,completed,36
31653,Rigid,2236334,2236334,2236338,0,4,4,completed,1
31654,Rigid,2236372,2236372,2236679,0,307,307,completed,36
31655,Rigid,2236386,2236386,2236389,0,3,3,completed,144
31656,Rigid,2236386,2236390,2236431,4,41,45,completed,144
31657,Rigid,2236386,2236390,2239272,4,2882,2886,completed,144
31658,Rigid,2236386,2236390,2239264,4,2874,2878,completed,144
31659,Rigid,2236387,2236390,2236394,3,4,7,completed,144
31660,Rigid,2236410,2236410,2236414,0,4,4,completed,1
31661,Rigid,2236447,2236447,2237158,0,711,711,completed,144
31662,Rigid,2236533,2236536,2236782,3,246,249,completed,36
31663,Rigid,2236745,2236746,2236750,1,4,5,completed,1
31664,Rigid,2236745,2236768,2236770,23,2,25,completed,1
31665,Rigid,2236756,2236757,2240312,1,3555,3556,completed,36
31666,Rigid,2236905,2236906,2236910,1,4,5,completed,1
31667,Rigid,2236907,2236910,2236915,3,5,8,completed,1
31668,Rigid,2237188,2237189,2243578,1,6389,6390,completed,36
31669,Rigid,2237229,2237230,2237239,1,9,10,completed,36
31670,Rigid,2237229,2237230,2237239,1,9,10,completed,36
31671,Rigid,2237229,2237230,2237239,1,9,10,completed,36
31672,Rigid,2237246,2237247,2240997,1,3750,3751,completed,36
31673,Rigid,2237531,2237532,2237637,1,105,106,completed,1152
31674,Rigid,2237728,2237728,2237917,0,189,189,completed,1080
31675,Rigid,2237802,2237918,2238019,116,101,217,completed,1152
31676,Rigid,2237879,2237879,2238125,0,246,246,completed,36
31677,Rigid,2238179,2238180,2238277,1,97,98,completed,1152
31678,Rigid,2238374,2238374,2238471,0,97,97,completed,1152
31679,Rigid,2238548,2238548,2238629,0,81,81,completed,1152
31680,Rigid,2238553,2238630,2315252,77,76622,76699,completed,1080
31681,Rigid,2238670,2238670,2238755,0,85,85,completed,1152
31682,Rigid,2238846,2238847,2238930,1,83,84,completed,1152
31683,Rigid,2239111,2239112,2239202,1,90,91,completed,1152
31684,Rigid,2239363,2239363,2239459,0,96,96,completed,1152
31685,Rigid,2239795,2239795,2239800,0,5,5,completed,1
31686,Rigid,2239795,2239818,2239821,23,3,26,completed,1
31687,Rigid,2239837,2239837,2239840,0,3,3,completed,1
31688,Rigid,2239837,2239867,2239871,30,4,34,completed,1
31689,Rigid,2239949,2239950,2240044,1,94,95,completed,1152
31690,Rigid,2240075,2240076,2240152,1,76,77,completed,1152
31691,Rigid,2241320,2241321,2243531,1,2210,2211,completed,36
31692,Rigid,2241320,2241321,2243560,1,2239,2240,completed,36
31693,Rigid,2241320,2241321,2243527,1,2206,2207,completed,36
31694,Rigid,2241320,2241321,2414028,1,172707,172708,completed,108
31695,Rigid,2241320,2241321,2414122,1,172801,172802,completed,108
31696,Rigid,2241320,2241321,2406148,1,164827,164828,completed,108
31697,Rigid,2242377,2242377,2242389,0,12,12,completed,288
31698,Rigid,2242520,2242521,2242532,1,11,12,completed,288
31699,Rigid,2242650,2242650,2251099,0,8449,8449,completed,144
31700,Rigid,2242650,2242650,2251107,0,8457,8457,completed,144
31701,Rigid,2242650,2242650,2252729,0,10079,10079,completed,144
31702,Rigid,2242810,2242811,2246169,1,3358,3359,completed,144
31703,Rigid,2243017,2243018,2243031,1,13,14,completed,288
31704,Rigid,2243193,2243194,2245821,1,2627,2628,completed,288
31705,Rigid,2243297,2243298,2458096,1,214798,214799,completed,576
31706,Rigid,2243354,2243355,2243363,1,8,9,completed,288
31707,Rigid,2243369,2243370,2460179,1,216809,216810,completed,576
31708,Rigid,2244083,2244084,2244106,1,22,23,completed,36
31709,Rigid,2244373,2244374,2244389,1,15,16,completed,36
31710,Rigid,2244772,2244772,2244790,0,18,18,completed,36
31711,Rigid,2245048,2245049,2245053,1,4,5,completed,1
31712,Rigid,2245049,2245072,2245074,23,2,25,completed,1
31713,Rigid,2245228,2245228,2245231,0,3,3,completed,1
31714,Rigid,2245229,2245250,2245253,21,3,24,completed,1
31715,Rigid,2245244,2245244,2245247,0,3,3,completed,1
31716,Rigid,2245244,2245259,2245262,15,3,18,completed,1
31717,Rigid,2245295,2245298,2248196,3,2898,2901,completed,144
31718,Rigid,2245295,2245298,2248209,3,2911,2914,completed,144
31719,Rigid,2245295,2245298,2248179,3,2881,2884,completed,144
31720,Rigid,2245492,2245492,2247613,0,2121,2121,completed,36
31721,Rigid,2245495,2245822,2416446,327,170624,170951,completed,108
31722,Rigid,2246052,2246170,2246186,118,16,134,completed,288
31723,Rigid,2246208,2246209,2246842,1,633,634,completed,144
31724,Rigid,2246208,2246209,2246842,1,633,634,completed,144
31725,Rigid,2246208,2246843,2247469,635,626,1261,completed,144
31726,Rigid,2246208,2246844,2247468,636,624,1260,completed,144
31727,Rigid,2246209,2247614,2247657,1405,43,1448,completed,144
31728,Rigid,2246209,2247664,2247682,1455,18,1473,completed,144
31729,Rigid,2246209,2247469,2247655,1260,186,1446,completed,144
31730,Rigid,2246209,2247470,2247656,1261,186,1447,completed,144
31731,Rigid,2246716,2247665,2250419,949,2754,3703,completed,144
31732,Rigid,2247352,2247355,2247357,3,2,5,completed,1
31733,Rigid,2247405,2247405,2247491,0,86,86,completed,2
31734,Rigid,2247405,2247405,2247427,0,22,22,completed,2
31735,Rigid,2247405,2247405,2247426,0,21,21,completed,2
31736,Rigid,2247405,2247405,2247426,0,21,21,completed,2
31737,Rigid,2247405,2247405,2247485,0,80,80,completed,2
31738,Rigid,2247405,2247405,2247428,0,23,23,completed,2
31739,Rigid,2247405,2247405,2247427,0,22,22,completed,2
31740,Rigid,2247405,2247405,2247426,0,21,21,completed,2
31741,Rigid,2247405,2247409,2247480,4,71,75,completed,2
31742,Rigid,2247811,2247812,2251938,1,4126,4127,completed,2
31743,Rigid,2247812,2247812,2252119,0,4307,4307,completed,2
31744,Rigid,2247812,2247812,2249170,0,1358,1358,completed,2
31745,Rigid,2247812,2247812,2249415,0,1603,1603,completed,2
31746,Rigid,2247812,2247812,2249520,0,1708,1708,completed,2
31747,Rigid,2247812,2247812,2250983,0,3171,3171,completed,2
31748,Rigid,2247812,2247812,2249140,0,1328,1328,completed,2
31749,Rigid,2247812,2247812,2249122,0,1310,1310,completed,2
31750,Rigid,2247812,2247812,2249431,0,1619,1619,completed,2
31751,Rigid,2248358,2248359,2249671,1,1312,1313,completed,72
31752,Rigid,2248637,2248638,2248922,1,284,285,completed,36
31753,Rigid,2249753,2249756,2249806,3,50,53,completed,144
31754,Rigid,2249753,2249756,2249789,3,33,36,completed,144
31755,Rigid,2249753,2249753,2259784,0,10031,10031,completed,144
31756,Rigid,2249754,2249756,2249773,2,17,19,completed,144
31757,Rigid,2249754,2249756,2259870,2,10114,10116,completed,144
31758,Rigid,2249754,2249780,2259888,26,10108,10134,completed,144
31759,Rigid,2250551,2250552,2250563,1,11,12,completed,144
31760,Rigid,2250713,2250713,2250942,0,229,229,completed,144
31761,Rigid,2251087,2251087,2252870,0,1783,1783,completed,144
31762,Rigid,2252357,2252358,2338785,1,86427,86428,completed,32
31763,Rigid,2252464,2252465,2306092,1,53627,53628,completed,32
31764,Rigid,2252464,2252465,2313091,1,60626,60627,completed,32
31765,Rigid,2252464,2252465,2311753,1,59288,59289,completed,32
31766,Rigid,2252464,2252464,2266298,0,13834,13834,completed,32
31767,Rigid,2252464,2252465,2299570,1,47105,47106,completed,32
31768,Rigid,2252464,2252465,2312409,1,59944,59945,completed,32
31769,Rigid,2252464,2252465,2265365,1,12900,12901,completed,32
31770,Rigid,2252464,2252465,2298504,1,46039,46040,completed,32
31771,Rigid,2252464,2252465,2297861,1,45396,45397,completed,32
31772,Rigid,2252464,2252465,2316793,1,64328,64329,completed,32
31773,Rigid,2252464,2252465,2312618,1,60153,60154,completed,32
31774,Rigid,2252464,2252465,2304839,1,52374,52375,completed,32
31775,Rigid,2252537,2252879,2307840,342,54961,55303,completed,32
31776,Rigid,2252537,2252879,2311651,342,58772,59114,completed,32
31777,Rigid,2252537,2253444,2325756,907,72312,73219,completed,32
31778,Rigid,2252537,2252538,2305310,1,52772,52773,completed,32
31779,Rigid,2252537,2252538,2314186,1,61648,61649,completed,32
31780,Rigid,2252537,2252538,2305155,1,52617,52618,completed,32
31781,Rigid,2252537,2252730,2313671,193,60941,61134,completed,32
31782,Rigid,2252537,2252730,2313420,193,60690,60883,completed,32
31783,Rigid,2252537,2252730,2263298,193,10568,10761,completed,32
31784,Rigid,2252537,2252730,2317605,193,64875,65068,completed,32
31785,Rigid,2252537,2252878,2313138,341,60260,60601,completed,32
31786,Rigid,2252537,2252878,2307608,341,54730,55071,completed,32
31787,Rigid,2252569,2253450,2327170,881,73720,74601,completed,32
31788,Rigid,2252569,2253451,2326579,882,73128,74010,completed,32
31789,Rigid,2252569,2253451,2332341,882,78890,79772,completed,32
31790,Rigid,2252569,2253444,2327606,875,74162,75037,completed,32
31791,Rigid,2252569,2253444,2265009,875,11565,12440,completed,32
31792,Rigid,2252569,2253444,2328333,875,74889,75764,completed,32
31793,Rigid,2252569,2253444,2313324,875,59880,60755,completed,32
31794,Rigid,2252569,2253444,2312115,875,58671,59546,completed,32
31795,Rigid,2252569,2253444,2316176,875,62732,63607,completed,32
31796,Rigid,2252569,2253444,2333898,875,80454,81329,completed,32
31797,Rigid,2252569,2253444,2321496,875,68052,68927,completed,32
31798,Rigid,2252569,2253444,2331723,875,78279,79154,completed,32
31799,Rigid,2253305,2253450,2253452,145,2,147,completed,36
31800,Rigid,2253530,2259523,2259549,5993,26,6019,completed,144
31801,Rigid,2253537,2253538,2258656,1,5118,5119,completed,1
31802,Rigid,2253733,2255044,2588478,1311,333434,334745,completed,144
31803,Rigid,2253766,2258171,2591149,4405,332978,337383,completed,144
31804,Rigid,2254001,2254001,2254142,0,141,141,completed,36
31805,Rigid,2254208,2254209,2254299,1,90,91,completed,36
31806,Rigid,2254380,2254380,2254659,0,279,279,completed,36
31807,Rigid,2254764,2254764,2254936,0,172,172,completed,36
31808,Rigid,2258994,2258994,2259671,0,677,677,completed,36
31809,Rigid,2260932,2260932,2260934,0,2,2,completed,36
31810,Rigid,2260959,2260959,2260963,0,4,4,completed,36
31811,Rigid,2261003,2261004,2261007,1,3,4,completed,36
31812,Rigid,2261106,2261107,2261110,1,3,4,completed,36
31813,Rigid,2261627,2261628,2261636,1,8,9,completed,18
31814,Rigid,2261810,2261810,2263550,0,1740,1740,completed,18
31815,Rigid,2262372,2262372,2262397,0,25,25,completed,144
31816,Rigid,2262473,2262473,2262958,0,485,485,completed,144
31817,Rigid,2262990,2262991,2263487,1,496,497,completed,144
31818,Rigid,2263500,2263500,2263514,0,14,14,completed,144
31819,Rigid,2263542,2263542,2264027,0,485,485,completed,144
31820,Rigid,2264116,2264117,2264288,1,171,172,completed,144
31821,Rigid,2264294,2264294,2266130,0,1836,1836,completed,144
31822,Rigid,2264516,2264516,2850325,0,585809,585809,completed,216
31823,Rigid,2264849,2264851,2264928,2,77,79,completed,18
31824,Rigid,2264974,2264974,2264981,0,7,7,completed,36
31825,Rigid,2265041,2265041,2265045,0,4,4,completed,36
31826,Rigid,2265043,2265045,2610654,2,345609,345611,completed,216
31827,Rigid,2265069,2265069,2610684,0,345615,345615,completed,180
31828,Rigid,2265145,2265145,2265152,0,7,7,completed,36
31829,Rigid,2265296,2265296,2610900,0,345604,345604,completed,180
31830,Rigid,2265483,2265484,2267221,1,1737,1738,completed,18
31831,Rigid,2266306,2266307,2284768,1,18461,18462,completed,144
31832,Rigid,2267269,2267269,2582220,0,314951,314951,completed,216
31833,Rigid,2268222,2268223,2269909,1,1686,1687,completed,18
31834,Rigid,2268402,2268403,2268437,1,34,35,completed,36
31835,Rigid,2268497,2268498,2268521,1,23,24,completed,36
31836,Rigid,2268623,2268623,2270309,0,1686,1686,completed,18
31837,Rigid,2268855,2268856,2269559,1,703,704,completed,144
31838,Rigid,2268855,2268856,2269560,1,704,705,completed,144
31839,Rigid,2268855,2268856,2269557,1,701,702,completed,144
31840,Rigid,2268855,2268856,2269561,1,705,706,completed,144
31841,Rigid,2268855,2268856,2269558,1,702,703,completed,144
31842,Rigid,2268855,2269559,2270247,704,688,1392,completed,144
31843,Rigid,2268855,2269559,2270246,704,687,1391,completed,144
31844,Rigid,2268855,2269561,2270246,706,685,1391,completed,144
31845,Rigid,2268855,2269561,2270246,706,685,1391,completed,144
31846,Rigid,2268856,2269562,2270247,706,685,1391,completed,144
31847,Rigid,2268856,2270247,2270948,1391,701,2092,completed,144
31848,Rigid,2268856,2270248,2270955,1392,707,2099,completed,144
31849,Rigid,2268856,2270248,2270946,1392,698,2090,completed,144
31850,Rigid,2268856,2270248,2270946,1392,698,2090,completed,144
31851,Rigid,2268856,2270248,2270946,1392,698,2090,completed,144
31852,Rigid,2268856,2270947,2271649,2091,702,2793,completed,144
31853,Rigid,2268856,2270947,2271642,2091,695,2786,completed,144
31854,Rigid,2268856,2270948,2271642,2092,694,2786,completed,144
31855,Rigid,2268856,2270949,2271638,2093,689,2782,completed,144
31856,Rigid,2268856,2270957,2271648,2101,691,2792,completed,144
31857,Rigid,2268856,2271639,2272319,2783,680,3463,completed,144
31858,Rigid,2268856,2271643,2272317,2787,674,3461,completed,144
31859,Rigid,2268856,2271643,2272321,2787,678,3465,completed,144
31860,Rigid,2268856,2271649,2272322,2793,673,3466,completed,144
31861,Rigid,2268856,2271650,2272325,2794,675,3469,completed,144
31862,Rigid,2268856,2272319,2272990,3463,671,4134,completed,144
31863,Rigid,2268857,2272320,2272989,3463,669,4132,completed,144
31864,Rigid,2268857,2272323,2272988,3466,665,4131,completed,144
31865,Rigid,2268857,2272324,2272992,3467,668,4135,completed,144
31866,Rigid,2268857,2272326,2272991,3469,665,4134,completed,144
31867,Rigid,2268857,2272787,2273447,3930,660,4590,completed,144
31868,Rigid,2268857,2272989,2273657,4132,668,4800,completed,144
31869,Rigid,2268857,2272990,2273655,4133,665,4798,completed,144
31870,Rigid,2268857,2272992,2273655,4135,663,4798,completed,144
31871,Rigid,2268857,2272993,2273656,4136,663,4799,completed,144
31872,Rigid,2268857,2272993,2273657,4136,664,4800,completed,144
31873,Rigid,2269173,2269174,2271110,1,1936,1937,completed,18
31874,Rigid,2269754,2269775,2271793,21,2018,2039,completed,18
31875,Rigid,2270796,2270796,2270823,0,27,27,completed,36
31876,Rigid,2270975,2270977,2272762,2,1785,1787,completed,18
31877,Rigid,2274028,2274029,2274216,1,187,188,completed,36
31878,Rigid,2274028,2274029,2274216,1,187,188,completed,36
31879,Rigid,2274029,2274033,2274221,4,188,192,completed,36
31880,Rigid,2274030,2274033,2274220,3,187,190,completed,36
31881,Rigid,2274031,2274033,2274219,2,186,188,completed,36
31882,Rigid,2274031,2274033,2274221,2,188,190,completed,36
31883,Rigid,2274032,2274033,2274221,1,188,189,completed,36
31884,Rigid,2274033,2274034,2274219,1,185,186,completed,36
31885,Rigid,2274033,2274034,2274222,1,188,189,completed,36
31886,Rigid,2274034,2274038,2274224,4,186,190,completed,36
31887,Rigid,2274035,2274038,2274224,3,186,189,completed,36
31888,Rigid,2274035,2274038,2274224,3,186,189,completed,36
31889,Rigid,2274036,2274038,2274226,2,188,190,completed,36
31890,Rigid,2274037,2274038,2274225,1,187,188,completed,36
31891,Rigid,2274038,2274038,2274226,0,188,188,completed,36
31892,Rigid,2274039,2274042,2274229,3,187,190,completed,36
31893,Rigid,2274040,2274042,2274228,2,186,188,completed,36
31894,Rigid,2274040,2274042,2274229,2,187,189,completed,36
31895,Rigid,2274041,2274042,2274227,1,185,186,completed,36
31896,Rigid,2274042,2274046,2274233,4,187,191,completed,36
31897,Rigid,2274043,2274046,2274232,3,186,189,completed,36
31898,Rigid,2274043,2274046,2274232,3,186,189,completed,36
31899,Rigid,2274044,2274046,2274231,2,185,187,completed,36
31900,Rigid,2274045,2274046,2274232,1,186,187,completed,36
31901,Rigid,2274046,2274050,2274236,4,186,190,completed,36
31902,Rigid,2274047,2274050,2274235,3,185,188,completed,36
31903,Rigid,2274047,2274050,2274236,3,186,189,completed,36
31904,Rigid,2274048,2274050,2274236,2,186,188,completed,36
31905,Rigid,2274049,2274108,2274292,59,184,243,completed,36
31906,Rigid,2274050,2274217,2274403,167,186,353,completed,36
31907,Rigid,2274051,2274217,2274404,166,187,353,completed,36
31908,Rigid,2274051,2274220,2274406,169,186,355,completed,36
31909,Rigid,2274052,2274221,2274408,169,187,356,completed,36
31910,Rigid,2274054,2274222,2274409,168,187,355,completed,36
31911,Rigid,2274054,2274222,2274407,168,185,353,completed,36
31912,Rigid,2274055,2274222,2274408,167,186,353,completed,36
31913,Rigid,2274637,2274638,2447449,1,172811,172812,completed,24
31914,Rigid,2274737,2274738,2367399,1,92661,92662,completed,24
31915,Rigid,2274835,2274836,2363725,1,88889,88890,completed,24
31916,Rigid,2275414,2275414,2275714,0,300,300,completed,36
31917,Rigid,2275417,2275418,2278607,1,3189,3190,completed,36
31918,Rigid,2277761,2290555,2376981,12794,86426,99220,completed,1080
31919,Rigid,2278472,2278480,2278995,8,515,523,completed,360
31920,Rigid,2278525,2279021,2279145,496,124,620,completed,360
31921,Rigid,2279014,2279261,2307774,247,28513,28760,completed,360
31922,Rigid,2279193,2279193,2279203,0,10,10,completed,36
31923,Rigid,2279518,2279519,2279532,1,13,14,completed,36
31924,Rigid,2307978,2307979,2316505,1,8526,8527,completed,144
31925,Rigid,2310164,2310164,2405071,0,94907,94907,completed,36
31926,Rigid,2310164,2310164,2382209,0,72045,72045,completed,36
31927,Rigid,2310164,2310164,2374508,0,64344,64344,completed,36
31928,Rigid,2311518,2311518,2311926,0,408,408,completed,36
31929,Rigid,2312060,2312060,2315013,0,2953,2953,completed,144
31930,Rigid,2312060,2312060,2315015,0,2955,2955,completed,144
31931,Rigid,2312203,2312203,2312654,0,451,451,completed,36
31932,Rigid,2312984,2312985,2314135,1,1150,1151,completed,36
31933,Rigid,2313244,2313245,2313423,1,178,179,completed,36
31934,Rigid,2313347,2313347,2427486,0,114139,114139,completed,36
31935,Rigid,2313347,2313347,2430082,0,116735,116735,completed,36
31936,Rigid,2313347,2313347,2435855,0,122508,122508,completed,36
31937,Rigid,2313649,2313650,2313838,1,188,189,completed,36
31938,Rigid,2313733,2313734,2313919,1,185,186,completed,36
31939,Rigid,2313885,2313885,2363672,0,49787,49787,completed,36
31940,Rigid,2313885,2313885,2385492,0,71607,71607,completed,36
31941,Rigid,2313885,2313885,2450853,0,136968,136968,completed,36
31942,Rigid,2313949,2313950,2314127,1,177,178,completed,36
31943,Rigid,2313984,2313985,2317186,1,3201,3202,completed,144
31944,Rigid,2313984,2313985,2317222,1,3237,3238,completed,144
31945,Rigid,2313984,2313985,2317230,1,3245,3246,completed,144
31946,Rigid,2313984,2313985,2317239,1,3254,3255,completed,144
31947,Rigid,2313985,2313985,2317273,0,3288,3288,completed,144
31948,Rigid,2313985,2313985,2317234,0,3249,3249,completed,144
31949,Rigid,2313985,2313985,2317223,0,3238,3238,completed,144
31950,Rigid,2313985,2314128,2317384,143,3256,3399,completed,144
31951,Rigid,2313985,2314425,2317676,440,3251,3691,completed,144
31952,Rigid,2313985,2314808,2318060,823,3252,4075,completed,144
31953,Rigid,2313985,2315014,2318280,1029,3266,4295,completed,144
31954,Rigid,2313985,2315016,2318218,1031,3202,4233,completed,144
31955,Rigid,2313985,2315253,2318489,1268,3236,4504,completed,144
31956,Rigid,2314051,2315253,2320365,1202,5112,6314,completed,144
31957,Rigid,2314163,2314164,2314167,1,3,4,completed,36
31958,Rigid,2314308,2315253,2316468,945,1215,2160,completed,36
31959,Rigid,2314590,2314591,2314593,1,2,3,completed,72
31960,Rigid,2314708,2315253,2342462,545,27209,27754,completed,360
31961,Rigid,2314787,2315253,2342383,466,27130,27596,completed,72
31962,Rigid,2314838,2316529,2489351,1691,172822,174513,completed,144
31963,Rigid,2315235,2315253,2325464,18,10211,10229,completed,144
31964,Rigid,2315248,2315253,2325458,5,10205,10210,completed,144
31965,Rigid,2315690,2315691,2316100,1,409,410,completed,36
31966,Rigid,2315782,2317235,2319941,1453,2706,4159,completed,1080
31967,Rigid,2316259,2316260,2316262,1,2,3,completed,36
31968,Rigid,2316467,2317240,2323942,773,6702,7475,completed,144
31969,Rigid,2316515,2316529,2317007,14,478,492,completed,36
31970,Rigid,2316601,2316602,2316604,1,2,3,completed,1
31971,Rigid,2316777,2316799,2576001,22,259202,259224,completed,36
31972,Rigid,2316999,2317274,2490101,275,172827,173102,completed,144
31973,Rigid,2317025,2317025,2317027,0,2,2,completed,1
31974,Rigid,2317550,2317551,2319607,1,2056,2057,completed,36
31975,Rigid,2317600,2317601,2443389,1,125788,125789,completed,36
31976,Rigid,2317600,2317601,2456396,1,138795,138796,completed,36
31977,Rigid,2317600,2317601,2385489,1,67888,67889,completed,36
31978,Rigid,2317639,2317639,2490461,0,172822,172822,completed,108
31979,Rigid,2317729,2317729,2387659,0,69930,69930,completed,36
31980,Rigid,2317729,2317729,2467962,0,150233,150233,completed,36
31981,Rigid,2317729,2317729,2391707,0,73978,73978,completed,36
31982,Rigid,2317876,2317876,2317878,0,2,2,completed,1
31983,Rigid,2318562,2318562,2491365,0,172803,172803,completed,108
31984,Rigid,2318602,2318603,2356437,1,37834,37835,completed,144
31985,Rigid,2318602,2318603,2363931,1,45328,45329,completed,144
31986,Rigid,2318602,2318603,2363049,1,44446,44447,completed,144
31987,Rigid,2318602,2318603,2355480,1,36877,36878,completed,144
31988,Rigid,2318602,2318728,2355380,126,36652,36778,completed,144
31989,Rigid,2318602,2318780,2355443,178,36663,36841,completed,144
31990,Rigid,2318602,2319943,2356337,1341,36394,37735,completed,144
31991,Rigid,2318602,2319943,2356437,1341,36494,37835,completed,144
31992,Rigid,2318602,2319943,2357315,1341,37372,38713,completed,144
31993,Rigid,2318602,2319943,2356510,1341,36567,37908,completed,144
31994,Rigid,2318602,2319943,2356883,1341,36940,38281,completed,144
31995,Rigid,2318602,2319943,2366538,1341,46595,47936,completed,144
31996,Rigid,2318602,2363726,2407591,45124,43865,88989,completed,144
31997,Rigid,2318602,2363769,2400370,45167,36601,81768,completed,144
31998,Rigid,2318602,2363932,2400679,45330,36747,82077,completed,144
31999,Rigid,2318602,2366539,2404752,47937,38213,86150,completed,144
32000,Rigid,2318704,2678879,2721317,360175,42438,402613,completed,216
32001,Rigid,2318707,2729882,2757567,411175,27685,438860,completed,432
32002,Rigid,2318740,2669621,2841778,350881,172157,523038,completed,22
32003,Rigid,2318789,2376988,2563194,58199,186206,244405,completed,144
32004,Rigid,2319188,2319943,2322922,755,2979,3734,completed,144
32005,Rigid,2319364,2376988,2407671,57624,30683,88307,completed,144
32006,Rigid,2319466,2319466,2319697,0,231,231,completed,72
32007,Rigid,2319758,2376988,2450551,57230,73563,130793,completed,144
32008,Rigid,2319950,2319950,2326446,0,6496,6496,completed,32
32009,Rigid,2319950,2319950,2330915,0,10965,10965,completed,32
32010,Rigid,2319950,2319950,2333654,0,13704,13704,completed,32
32011,Rigid,2319950,2320379,2334065,429,13686,14115,completed,32
32012,Rigid,2319951,2321497,2339109,1546,17612,19158,completed,32
32013,Rigid,2319952,2323590,2337785,3638,14195,17833,completed,32
32014,Rigid,2319952,2326164,2345734,6212,19570,25782,completed,32
32015,Rigid,2319952,2326164,2344241,6212,18077,24289,completed,32
32016,Rigid,2319952,2326164,2342020,6212,15856,22068,completed,32
32017,Rigid,2319952,2326447,2366742,6495,40295,46790,completed,32
32018,Rigid,2319952,2326580,2344580,6628,18000,24628,completed,32
32019,Rigid,2319952,2326839,2339912,6887,13073,19960,completed,32
32020,Rigid,2319952,2326839,2367466,6887,40627,47514,completed,32
32021,Rigid,2319952,2326839,2350430,6887,23591,30478,completed,32
32022,Rigid,2319952,2326839,2339059,6887,12220,19107,completed,32
32023,Rigid,2319952,2327171,2339291,7219,12120,19339,completed,32
32024,Rigid,2319953,2328337,2337008,8384,8671,17055,completed,32
32025,Rigid,2319953,2327252,2363390,7299,36138,43437,completed,32
32026,Rigid,2319953,2327252,2367554,7299,40302,47601,completed,32
32027,Rigid,2319953,2327252,2343788,7299,16536,23835,completed,32
32028,Rigid,2319953,2327252,2344061,7299,16809,24108,completed,32
32029,Rigid,2319953,2327402,2341573,7449,14171,21620,completed,32
32030,Rigid,2319953,2327607,2351297,7654,23690,31344,completed,32
32031,Rigid,2319953,2330916,2342635,10963,11719,22682,completed,32
32032,Rigid,2319953,2331620,2349242,11667,17622,29289,completed,32
32033,Rigid,2319953,2331621,2344759,11668,13138,24806,completed,32
32034,Rigid,2319954,2331645,2339656,11691,8011,19702,completed,32
32035,Rigid,2319954,2331621,2352838,11667,21217,32884,completed,32
32036,Rigid,2319954,2331621,2344687,11667,13066,24733,completed,32
32037,Rigid,2319954,2331645,2355356,11691,23711,35402,completed,32
32038,Rigid,2319954,2331645,2345717,11691,14072,25763,completed,32
32039,Rigid,2319954,2331645,2343405,11691,11760,23451,completed,32
32040,Rigid,2319954,2331724,2343972,11770,12248,24018,completed,32
32041,Rigid,2319954,2331984,2349887,12030,17903,29933,completed,32
32042,Rigid,2319955,2333899,2336898,13944,2999,16943,completed,32
32043,Rigid,2319955,2339913,2345464,19958,5551,25509,completed,32
32044,Rigid,2319955,2332038,2342474,12083,10436,22519,completed,32
32045,Rigid,2319955,2332038,2353328,12083,21290,33373,completed,32
32046,Rigid,2319955,2332038,2359194,12083,27156,39239,completed,32
32047,Rigid,2319955,2332038,2359012,12083,26974,39057,completed,32
32048,Rigid,2319955,2332344,2344984,12389,12640,25029,completed,32
32049,Rigid,2319955,2332587,2350664,12632,18077,30709,completed,32
32050,Rigid,2319955,2333033,2350068,13078,17035,30113,completed,32
32051,Rigid,2319955,2333655,2343843,13700,10188,23888,completed,32
32052,Rigid,2319955,2334066,2348222,14111,14156,28267,completed,32
32053,Rigid,2319955,2334882,2347097,14927,12215,27142,completed,32
32054,Rigid,2319955,2336899,2348554,16944,11655,28599,completed,32
32055,Rigid,2319955,2337009,2360823,17054,23814,40868,completed,32
32056,Rigid,2319955,2337353,2377839,17398,40486,57884,completed,32
32057,Rigid,2319955,2337786,2349513,17831,11727,29558,completed,32
32058,Rigid,2319955,2338561,2358846,18606,20285,38891,completed,32
32059,Rigid,2319955,2338668,2359997,18713,21329,40042,completed,32
32060,Rigid,2319955,2338789,2379221,18834,40432,59266,completed,32
32061,Rigid,2319955,2339061,2350078,19106,11017,30123,completed,32
32062,Rigid,2319955,2339110,2349886,19155,10776,29931,completed,32
32063,Rigid,2319955,2339292,2368823,19337,29531,48868,completed,32
32064,Rigid,2319955,2339657,2352792,19702,13135,32837,completed,32
32065,Rigid,2319956,2342465,2350098,22509,7633,30142,completed,32
32066,Rigid,2319956,2342391,2365997,22435,23606,46041,completed,32
32067,Rigid,2319956,2342464,2354670,22508,12206,34714,completed,32
32068,Rigid,2319956,2342464,2358254,22508,15790,38298,completed,32
32069,Rigid,2319956,2342464,2357687,22508,15223,37731,completed,32
32070,Rigid,2319956,2342464,2356633,22508,14169,36677,completed,32
32071,Rigid,2319956,2342464,2354652,22508,12188,34696,completed,32
32072,Rigid,2319956,2342464,2369391,22508,26927,49435,completed,32
32073,Rigid,2319956,2342465,2359778,22509,17313,39822,completed,32
32074,Rigid,2319956,2342465,2366076,22509,23611,46120,completed,32
32075,Rigid,2319956,2342465,2382956,22509,40491,63000,completed,32
32076,Rigid,2319956,2342475,2354548,22519,12073,34592,completed,32
32077,Rigid,2319998,2320375,2323576,377,3201,3578,completed,144
32078,Rigid,2319998,2322923,2326154,2925,3231,6156,completed,144
32079,Rigid,2319998,2323577,2326838,3579,3261,6840,completed,144
32080,Rigid,2319998,2323943,2327250,3945,3307,7252,completed,144
32081,Rigid,2319999,2325459,2328699,5460,3240,8700,completed,144
32082,Rigid,2319999,2325465,2328681,5466,3216,8682,completed,144
32083,Rigid,2320008,2342626,2348801,22618,6175,28793,completed,32
32084,Rigid,2320008,2342637,2352679,22629,10042,32671,completed,32
32085,Rigid,2320008,2343293,2355607,23285,12314,35599,completed,32
32086,Rigid,2320008,2343407,2355739,23399,12332,35731,completed,32
32087,Rigid,2320008,2343789,2359158,23781,15369,39150,completed,32
32088,Rigid,2320008,2343790,2356413,23782,12623,36405,completed,32
32089,Rigid,2320008,2343790,2360639,23782,16849,40631,completed,32
32090,Rigid,2320009,2348224,2356430,28215,8206,36421,completed,32
32091,Rigid,2320009,2349847,2357549,29838,7702,37540,completed,32
32092,Rigid,2320009,2350099,2359798,30090,9699,39789,completed,32
32093,Rigid,2320009,2352839,2362305,32830,9466,42296,completed,32
32094,Rigid,2320009,2353329,2356077,33320,2748,36068,completed,32
32095,Rigid,2320009,2343790,2359770,23781,15980,39761,completed,32
32096,Rigid,2320009,2343845,2358100,23836,14255,38091,completed,32
32097,Rigid,2320009,2343973,2378206,23964,34233,58197,completed,32
32098,Rigid,2320009,2344062,2359952,24053,15890,39943,completed,32
32099,Rigid,2320009,2344242,2356289,24233,12047,36280,completed,32
32100,Rigid,2320009,2344581,2378797,24572,34216,58788,completed,32
32101,Rigid,2320009,2344688,2365003,24679,20315,44994,completed,32
32102,Rigid,2320009,2344760,2356100,24751,11340,36091,completed,32
32103,Rigid,2320009,2344985,2355810,24976,10825,35801,completed,32
32104,Rigid,2320009,2344998,2375700,24989,30702,55691,completed,32
32105,Rigid,2320009,2345465,2379778,25456,34313,59769,completed,32
32106,Rigid,2320009,2345718,2360492,25709,14774,40483,completed,32
32107,Rigid,2320009,2345735,2361047,25726,15312,41038,completed,32
32108,Rigid,2320009,2346618,2359275,26609,12657,39266,completed,32
32109,Rigid,2320009,2347098,2367624,27089,20526,47615,completed,32
32110,Rigid,2320009,2348306,2359224,28297,10918,39215,completed,32
32111,Rigid,2320009,2348555,2363746,28546,15191,43737,completed,32
32112,Rigid,2320009,2348802,2360828,28793,12026,40819,completed,32
32113,Rigid,2320009,2349243,2367634,29234,18391,47625,completed,32
32114,Rigid,2320009,2349514,2361491,29505,11977,41482,completed,32
32115,Rigid,2320009,2349812,2370341,29803,20529,50332,completed,32
32116,Rigid,2320009,2349888,2362580,29879,12692,42571,completed,32
32117,Rigid,2320009,2349889,2360812,29880,10923,40803,completed,32
32118,Rigid,2320009,2350070,2361405,30061,11335,41396,completed,32
32119,Rigid,2320009,2350079,2365943,30070,15864,45934,completed,32
32120,Rigid,2320009,2350431,2368716,30422,18285,48707,completed,32
32121,Rigid,2320009,2350665,2373960,30656,23295,53951,completed,32
32122,Rigid,2320009,2351040,2374373,31031,23333,54364,completed,32
32123,Rigid,2320009,2351299,2362515,31290,11216,42506,completed,32
32124,Rigid,2320009,2352680,2368514,32671,15834,48505,completed,32
32125,Rigid,2320009,2352793,2367941,32784,15148,47932,completed,32
32126,Rigid,2320009,2354316,2367008,34307,12692,46999,completed,32
32127,Rigid,2320009,2354549,2365873,34540,11324,45864,completed,32
32128,Rigid,2320010,2355481,2360908,35471,5427,40898,completed,32
32129,Rigid,2320010,2354654,2365561,34644,10907,45551,completed,32
32130,Rigid,2320010,2354672,2375086,34662,20414,55076,completed,32
32131,Rigid,2320010,2355360,2389725,35350,34365,69715,completed,32
32132,Rigid,2320010,2355381,2366273,35371,10892,46263,completed,32
32133,Rigid,2320010,2355381,2372664,35371,17283,52654,completed,32
32134,Rigid,2320010,2355382,2373734,35372,18352,53724,completed,32
32135,Rigid,2320010,2355382,2389481,35372,34099,69471,completed,32
32136,Rigid,2320010,2355445,2365555,35435,10110,45545,completed,32
32137,Rigid,2320010,2355445,2365470,35435,10025,45460,completed,32
32138,Rigid,2320010,2355445,2380322,35435,24877,60312,completed,32
32139,Rigid,2320010,2355445,2367450,35435,12005,47440,completed,32
32140,Rigid,2320010,2355481,2376033,35471,20552,56023,completed,32
32141,Rigid,2320010,2355481,2366819,35471,11338,46809,completed,32
32142,Rigid,2320010,2355481,2369647,35471,14166,49637,completed,32
32143,Rigid,2320010,2355608,2369016,35598,13408,49006,completed,32
32144,Rigid,2320010,2355740,2368445,35730,12705,48435,completed,32
32145,Rigid,2320010,2355812,2366646,35802,10834,46636,completed,32
32146,Rigid,2320010,2356078,2379341,36068,23263,59331,completed,32
32147,Rigid,2320010,2356101,2371166,36091,15065,51156,completed,32
32148,Rigid,2320011,2356338,2363354,36327,7016,43343,completed,32
32149,Rigid,2320011,2356290,2376826,36279,20536,56815,completed,32
32150,Rigid,2320011,2356338,2390712,36327,34374,70701,completed,32
32151,Rigid,2320011,2356338,2367236,36327,10898,47225,completed,32
32152,Rigid,2320014,2376988,2377008,56974,20,56994,completed,144
32153,Rigid,2320136,2356338,2362675,36202,6337,42539,completed,32
32154,Rigid,2320136,2356414,2367355,36278,10941,47219,completed,32
32155,Rigid,2320136,2356431,2368768,36295,12337,48632,completed,32
32156,Rigid,2320136,2356438,2368768,36302,12330,48632,completed,32
32157,Rigid,2320136,2356438,2373616,36302,17178,53480,completed,32
32158,Rigid,2320137,2356439,2368549,36302,12110,48412,completed,32
32159,Rigid,2320137,2356439,2375842,36302,19403,55705,completed,32
32160,Rigid,2320137,2356439,2374410,36302,17971,54273,completed,32
32161,Rigid,2320137,2356439,2370706,36302,14267,50569,completed,32
32162,Rigid,2320137,2356634,2397055,36497,40421,76918,completed,32
32163,Rigid,2320137,2357550,2375582,37413,18032,55445,completed,32
32164,Rigid,2320137,2357688,2370017,37551,12329,49880,completed,32
32165,Rigid,2320137,2358101,2398242,37964,40141,78105,completed,32
32166,Rigid,2320137,2358255,2379044,38118,20789,58907,completed,32
32167,Rigid,2320137,2358847,2370843,38710,11996,50706,completed,32
32168,Rigid,2320137,2359013,2371263,38876,12250,51126,completed,32
32169,Rigid,2320137,2359195,2395417,39058,36222,75280,completed,32
32170,Rigid,2320137,2359159,2394417,39022,35258,74280,completed,32
32171,Rigid,2320137,2359225,2375973,39088,16748,55836,completed,32
32172,Rigid,2320137,2359277,2373811,39140,14534,53674,completed,32
32173,Rigid,2320137,2359771,2371873,39634,12102,51736,completed,32
32174,Rigid,2320138,2359800,2368104,39662,8304,47966,completed,32
32175,Rigid,2320138,2360829,2368720,40691,7891,48582,completed,32
32176,Rigid,2320138,2359779,2380586,39641,20807,60448,completed,32
32177,Rigid,2320138,2359953,2371045,39815,11092,50907,completed,32
32178,Rigid,2320138,2359998,2377328,39860,17330,57190,completed,32
32179,Rigid,2320138,2360493,2372871,40355,12378,52733,completed,32
32180,Rigid,2320138,2360640,2382215,40502,21575,62077,completed,32
32181,Rigid,2320138,2360813,2373142,40675,12329,53004,completed,32
32182,Rigid,2320138,2360824,2381702,40686,20878,61564,completed,32
32183,Rigid,2320138,2360909,2372951,40771,12042,52813,completed,32
32184,Rigid,2320138,2361048,2372224,40910,11176,52086,completed,32
32185,Rigid,2320138,2361407,2372663,41269,11256,52525,completed,32
32186,Rigid,2320138,2361492,2379572,41354,18080,59434,completed,32
32187,Rigid,2320139,2365003,2374778,44864,9775,54639,completed,32
32188,Rigid,2320139,2365471,2368558,45332,3087,48419,completed,32
32189,Rigid,2320139,2367451,2372464,47312,5013,52325,completed,32
32190,Rigid,2320139,2362306,2372687,42167,10381,52548,completed,32
32191,Rigid,2320139,2362516,2383990,42377,21474,63851,completed,32
32192,Rigid,2320139,2362581,2389309,42442,26728,69170,completed,32
32193,Rigid,2320139,2362677,2389391,42538,26714,69252,completed,32
32194,Rigid,2320139,2363355,2376589,43216,13234,56450,completed,32
32195,Rigid,2320139,2363391,2381460,43252,18069,61321,completed,32
32196,Rigid,2320139,2363748,2380565,43609,16817,60426,completed,32
32197,Rigid,2320139,2365557,2377671,45418,12114,57532,completed,32
32198,Rigid,2320139,2365562,2376817,45423,11255,56678,completed,32
32199,Rigid,2320139,2365874,2376989,45735,11115,56850,completed,32
32200,Rigid,2320139,2365944,2386833,45805,20889,66694,completed,32
32201,Rigid,2320139,2365998,2406053,45859,40055,85914,completed,32
32202,Rigid,2320139,2366077,2377278,45938,11201,57139,completed,32
32203,Rigid,2320139,2366274,2386368,46135,20094,66229,completed,32
32204,Rigid,2320139,2366647,2388019,46508,21372,67880,completed,32
32205,Rigid,2320139,2366743,2406925,46604,40182,86786,completed,32
32206,Rigid,2320139,2366820,2377760,46681,10940,57621,completed,32
32207,Rigid,2320139,2367009,2377431,46870,10422,57292,completed,32
32208,Rigid,2320139,2367237,2394864,47098,27627,74725,completed,32
32209,Rigid,2320139,2367356,2379716,47217,12360,59577,completed,32
32210,Rigid,2320140,2367467,2388258,47327,20791,68118,completed,32
32211,Rigid,2320141,2368717,2376350,48576,7633,56209,completed,32
32212,Rigid,2320141,2367556,2379495,47415,11939,59354,completed,32
32213,Rigid,2320141,2367625,2381831,47484,14206,61690,completed,32
32214,Rigid,2320141,2367635,2383706,47494,16071,63565,completed,32
32215,Rigid,2320141,2367942,2379988,47801,12046,59847,completed,32
32216,Rigid,2320141,2368106,2380441,47965,12335,60300,completed,32
32217,Rigid,2320141,2368446,2395202,48305,26756,75061,completed,32
32218,Rigid,2320141,2368516,2385845,48375,17329,65704,completed,32
32219,Rigid,2320141,2368550,2389463,48409,20913,69322,completed,32
32220,Rigid,2320141,2368559,2403649,48418,35090,83508,completed,32
32221,Rigid,2320141,2368721,2381133,48580,12412,60992,completed,32
32222,Rigid,2320147,2368769,2374743,48622,5974,54596,completed,32
32223,Rigid,2320147,2368769,2378678,48622,9909,58531,completed,32
32224,Rigid,2320147,2368824,2380125,48677,11301,59978,completed,32
32225,Rigid,2320147,2369018,2380293,48871,11275,60146,completed,32
32226,Rigid,2320147,2369393,2384597,49246,15204,64450,completed,32
32227,Rigid,2320147,2369649,2380683,49502,11034,60536,completed,32
32228,Rigid,2320147,2370018,2386818,49871,16800,66671,completed,32
32229,Rigid,2320147,2370342,2386283,50195,15941,66136,completed,32
32230,Rigid,2320147,2370707,2383521,50560,12814,63374,completed,32
32231,Rigid,2320147,2370844,2404114,50697,33270,83967,completed,32
32232,Rigid,2320148,2373617,2381185,53469,7568,61037,completed,32
32233,Rigid,2320148,2374779,2382123,54631,7344,61975,completed,32
32234,Rigid,2320148,2375974,2385635,55826,9661,65487,completed,32
32235,Rigid,2320148,2371046,2386939,50898,15893,66791,completed,32
32236,Rigid,2320148,2371167,2382505,51019,11338,62357,completed,32
32237,Rigid,2320148,2371264,2404790,51116,33526,84642,completed,32
32238,Rigid,2320148,2371874,2389949,51726,18075,69801,completed,32
32239,Rigid,2320148,2372225,2383497,52077,11272,63349,completed,32
32240,Rigid,2320148,2372466,2383445,52318,10979,63297,completed,32
32241,Rigid,2320148,2372663,2403443,52515,30780,83295,completed,32
32242,Rigid,2320148,2372665,2402081,52517,29416,81933,completed,32
32243,Rigid,2320148,2372688,2387669,52540,14981,67521,completed,32
32244,Rigid,2320148,2372872,2385935,52724,13063,65787,completed,32
32245,Rigid,2320148,2372952,2384005,52804,11053,63857,completed,32
32246,Rigid,2320148,2373143,2391016,52995,17873,70868,completed,32
32247,Rigid,2320148,2373735,2383981,53587,10246,63833,completed,32
32248,Rigid,2320148,2373812,2388980,53664,15168,68832,completed,32
32249,Rigid,2320148,2373961,2385276,53813,11315,65128,completed,32
32250,Rigid,2320148,2374374,2393337,54226,18963,73189,completed,32
32251,Rigid,2320148,2374411,2385680,54263,11269,65532,completed,32
32252,Rigid,2320148,2374744,2392713,54596,17969,72565,completed,32
32253,Rigid,2320148,2375087,2386054,54939,10967,65906,completed,32
32254,Rigid,2320148,2375583,2385808,55435,10225,65660,completed,32
32255,Rigid,2320148,2375701,2386352,55553,10651,66204,completed,32
32256,Rigid,2320148,2375843,2391734,55695,15891,71586,completed,32
32257,Rigid,2320148,2376034,2394986,55886,18952,74838,completed,32
32258,Rigid,2320148,2376351,2399300,56203,22949,79152,completed,32
32259,Rigid,2320148,2376590,2399588,56442,22998,79440,completed,32
32260,Rigid,2320148,2376818,2388567,56670,11749,68419,completed,32
32261,Rigid,2320149,2377279,2386071,57130,8792,65922,completed,32
32262,Rigid,2320149,2377330,2380204,57181,2874,60055,completed,32
32263,Rigid,2320149,2379342,2389305,59193,9963,69156,completed,32
32264,Rigid,2320149,2379509,2389025,59360,9516,68876,completed,32
32265,Rigid,2320149,2379779,2384667,59630,4888,64518,completed,32
32266,Rigid,2320149,2376827,2392851,56678,16024,72702,completed,32
32267,Rigid,2320149,2376990,2392036,56841,15046,71887,completed,32
32268,Rigid,2320149,2377433,2388440,57284,11007,68291,completed,32
32269,Rigid,2320149,2377672,2388342,57523,10670,68193,completed,32
32270,Rigid,2320149,2377878,2388128,57729,10250,67979,completed,32
32271,Rigid,2320149,2377878,2395884,57729,18006,75735,completed,32
32272,Rigid,2320149,2378252,2411590,58103,33338,91441,completed,32
32273,Rigid,2320149,2378680,2388914,58531,10234,68765,completed,32
32274,Rigid,2320149,2378798,2395820,58649,17022,75671,completed,32
32275,Rigid,2320149,2379045,2397971,58896,18926,77822,completed,32
32276,Rigid,2320149,2379223,2412469,59074,33246,92320,completed,32
32277,Rigid,2320149,2379573,2402761,59424,23188,82612,completed,32
32278,Rigid,2320149,2379717,2390929,59568,11212,70780,completed,32
32279,Rigid,2320149,2379989,2397921,59840,17932,77772,completed,32
32280,Rigid,2320149,2380126,2391424,59977,11298,71275,completed,32
32281,Rigid,2320149,2380220,2393084,60071,12864,72935,completed,32
32282,Rigid,2320150,2381456,2388519,61306,7063,68369,completed,32
32283,Rigid,2320150,2380294,2394369,60144,14075,74219,completed,32
32284,Rigid,2320150,2380323,2391306,60173,10983,71156,completed,32
32285,Rigid,2320150,2380442,2391485,60292,11043,71335,completed,32
32286,Rigid,2320150,2380566,2403523,60416,22957,83373,completed,32
32287,Rigid,2320150,2380603,2395831,60453,15228,75681,completed,32
32288,Rigid,2320150,2380684,2398582,60534,17898,78432,completed,32
32289,Rigid,2320150,2381186,2410722,61036,29536,90572,completed,32
32290,Rigid,2320150,2381461,2392531,61311,11070,72381,completed,32
32291,Rigid,2320487,2363668,2363678,43181,10,43191,completed,72
32292,Rigid,2320959,2326156,2329126,5197,2970,8167,completed,144
32293,Rigid,2320959,2328682,2331619,7723,2937,10660,completed,144
32294,Rigid,2320959,2328701,2331644,7742,2943,10685,completed,144
32295,Rigid,2320960,2329127,2332036,8167,2909,11076,completed,144
32296,Rigid,2321419,2321434,2321438,15,4,19,completed,4
32297,Rigid,2321531,2321558,2322796,27,1238,1265,completed,1
32298,Rigid,2321870,2376988,2377048,55118,60,55178,completed,144
32299,Rigid,2322492,2322517,2322520,25,3,28,completed,4
32300,Rigid,2322503,2375104,2464780,52601,89676,142277,completed,36
32301,Rigid,2322503,2377037,2636240,54534,259203,313737,completed,36
32302,Rigid,2322503,2381475,2585484,58972,204009,262981,completed,36
32303,Rigid,2322503,2381566,2640776,59063,259210,318273,completed,36
32304,Rigid,2322503,2381717,2461973,59214,80256,139470,completed,36
32305,Rigid,2322503,2382380,2628112,59877,245732,305609,completed,36
32306,Rigid,2322503,2382471,2641682,59968,259211,319179,completed,36
32307,Rigid,2322503,2382471,2641682,59968,259211,319179,completed,36
32308,Rigid,2322503,2382501,2440406,59998,57905,117903,completed,36
32309,Rigid,2322503,2382501,2641712,59998,259211,319209,completed,36
32310,Rigid,2322503,2382501,2641712,59998,259211,319209,completed,36
32311,Rigid,2322503,2383165,2515196,60662,132031,192693,completed,36
32312,Rigid,2322503,2383255,2642462,60752,259207,319959,completed,36
32313,Rigid,2322503,2383255,2458932,60752,75677,136429,completed,36
32314,Rigid,2322503,2383436,2615588,60933,232152,293085,completed,36
32315,Rigid,2322503,2383436,2642642,60933,259206,320139,completed,36
32316,Rigid,2322503,2383436,2642642,60933,259206,320139,completed,36
32317,Rigid,2322503,2383436,2642642,60933,259206,320139,completed,36
32318,Rigid,2322503,2383648,2479783,61145,96135,157280,completed,36
32319,Rigid,2322503,2383768,2642972,61265,259204,320469,completed,36
32320,Rigid,2322503,2383768,2611334,61265,227566,288831,completed,36
32321,Rigid,2322503,2384009,2514429,61506,130420,191926,completed,36
32322,Rigid,2322503,2384009,2643212,61506,259203,320709,completed,36
32323,Rigid,2322503,2384040,2643242,61537,259202,320739,completed,36
32324,Rigid,2322503,2384915,2464245,62412,79330,141742,completed,36
32325,Rigid,2322503,2384917,2471957,62414,87040,149454,completed,36
32326,Rigid,2322503,2384917,2644142,62414,259225,321639,completed,36
32327,Rigid,2322503,2384917,2450346,62414,65429,127843,completed,36
32328,Rigid,2322503,2384917,2644142,62414,259225,321639,completed,36
32329,Rigid,2322503,2384917,2644142,62414,259225,321639,completed,36
32330,Rigid,2322503,2384917,2644142,62414,259225,321639,completed,36
32331,Rigid,2322503,2384917,2390391,62414,5474,67888,completed,36
32332,Rigid,2322503,2384945,2644172,62442,259227,321669,completed,36
32333,Rigid,2322503,2384945,2401394,62442,16449,78891,completed,36
32334,Rigid,2322503,2384945,2644172,62442,259227,321669,completed,36
32335,Rigid,2322503,2384945,2644172,62442,259227,321669,completed,36
32336,Rigid,2322503,2384945,2481990,62442,97045,159487,completed,36
32337,Rigid,2322503,2384945,2417028,62442,32083,94525,completed,36
32338,Rigid,2322503,2384945,2436209,62442,51264,113706,completed,36
32339,Rigid,2322503,2384945,2644172,62442,259227,321669,completed,36
32340,Rigid,2322503,2384945,2644172,62442,259227,321669,completed,36
32341,Rigid,2322503,2384945,2644172,62442,259227,321669,completed,36
32342,Rigid,2322503,2384945,2644172,62442,259227,321669,completed,36
32343,Rigid,2322503,2384945,2644172,62442,259227,321669,completed,36
32344,Rigid,2322503,2384945,2644172,62442,259227,321669,completed,36
32345,Rigid,2322503,2384945,2644172,62442,259227,321669,completed,36
32346,Rigid,2322503,2384945,2644172,62442,259227,321669,completed,36
32347,Rigid,2322503,2384945,2644172,62442,259227,321669,completed,36
32348,Rigid,2322503,2384956,2644172,62453,259216,321669,completed,36
32349,Rigid,2322503,2385277,2644505,62774,259228,322002,completed,36
32350,Rigid,2322503,2385951,2645165,63448,259214,322662,completed,36
32351,Rigid,2322504,2385957,2645165,63453,259208,322661,completed,36
32352,Rigid,2322504,2385960,2614982,63456,229022,292478,completed,36
32353,Rigid,2322504,2386010,2516893,63506,130883,194389,completed,36
32354,Rigid,2322504,2386038,2418767,63534,32729,96263,completed,36
32355,Rigid,2322504,2386353,2569028,63849,182675,246524,completed,36
32356,Rigid,2322504,2386370,2645585,63866,259215,323081,completed,36
32357,Rigid,2322504,2386420,2645645,63916,259225,323141,completed,36
32358,Rigid,2322504,2386434,2645645,63930,259211,323141,completed,36
32359,Rigid,2322504,2386435,2413364,63931,26929,90860,completed,36
32360,Rigid,2322504,2386447,2554378,63943,167931,231874,completed,36
32361,Rigid,2322504,2386447,2645675,63943,259228,323171,completed,36
32362,Rigid,2322504,2386819,2496582,64315,109763,174078,completed,36
32363,Rigid,2322504,2386819,2392985,64315,6166,70481,completed,36
32364,Rigid,2322504,2386819,2646035,64315,259216,323531,completed,36
32365,Rigid,2322504,2386819,2646035,64315,259216,323531,completed,36
32366,Rigid,2322504,2386819,2646035,64315,259216,323531,completed,36
32367,Rigid,2322504,2386835,2646035,64331,259200,323531,completed,36
32368,Rigid,2322504,2386940,2646155,64436,259215,323651,completed,36
32369,Rigid,2322504,2387660,2459839,65156,72179,137335,completed,36
32370,Rigid,2322504,2387670,2646877,65166,259207,324373,completed,36
32371,Rigid,2322504,2388020,2406816,65516,18796,84312,completed,36
32372,Rigid,2322504,2388129,2647357,65625,259228,324853,completed,36
32373,Rigid,2322504,2388259,2647477,65755,259218,324973,completed,36
32374,Rigid,2322504,2388343,2417395,65839,29052,94891,completed,36
32375,Rigid,2322504,2388441,2566713,65937,178272,244209,completed,36
32376,Rigid,2322504,2388521,2647747,66017,259226,325243,completed,36
32377,Rigid,2322504,2388568,2581874,66064,193306,259370,completed,36
32378,Rigid,2322504,2390392,2649608,67888,259216,327104,completed,36
32379,Rigid,2322504,2392987,2522231,70483,129244,199727,completed,36
32380,Rigid,2322504,2403085,2558173,80581,155088,235669,completed,36
32381,Rigid,2322504,2406818,2666024,84314,259206,343520,completed,36
32382,Rigid,2322504,2413365,2628585,90861,215220,306081,completed,36
32383,Rigid,2322504,2417030,2479848,94526,62818,157344,completed,36
32384,Rigid,2322504,2418993,2642001,96489,223008,319497,completed,36
32385,Rigid,2322504,2422104,2637035,99600,214931,314531,completed,36
32386,Rigid,2322504,2440408,2699620,117904,259212,377116,completed,36
32387,Rigid,2322504,2440593,2699801,118089,259208,377297,completed,36
32388,Rigid,2322504,2452725,2644135,130221,191410,321631,completed,36
32389,Rigid,2322504,2485180,2744394,162676,259214,421890,completed,72
32390,Rigid,2322504,2485180,2744394,162676,259214,421890,completed,72
32391,Rigid,2322504,2485182,2744394,162678,259212,421890,completed,72
32392,Rigid,2322504,2485182,2744394,162678,259212,421890,completed,72
32393,Rigid,2322504,2522578,2648649,200074,126071,326145,completed,72
32394,Rigid,2322504,2590891,2850107,268387,259216,527603,completed,72
32395,Rigid,2322504,2631836,2891060,309332,259224,568556,completed,72
32396,Rigid,2322504,2636241,2802711,313737,166470,480207,completed,72
32397,Rigid,2322504,2640783,2831120,318279,190337,508616,completed,72
32398,Rigid,2322504,2641686,2900913,319182,259227,578409,completed,72
32399,Rigid,2322504,2641715,2900943,319211,259228,578439,completed,72
32400,Rigid,2322504,2642467,2901693,319963,259226,579189,completed,72
32401,Rigid,2322504,2642646,2901873,320142,259227,579369,completed,72
32402,Rigid,2322504,2642975,2902203,320471,259228,579699,completed,72
32403,Rigid,2322504,2643247,2863161,320743,219914,540657,completed,72
32404,Rigid,2322504,2644147,2690188,321643,46041,367684,completed,72
32405,Rigid,2322504,2644147,2697276,321643,53129,374772,completed,72
32406,Rigid,2322504,2644175,2697941,321671,53766,375437,completed,72
32407,Rigid,2322504,2458933,2554180,136429,95247,231676,completed,36
32408,Rigid,2322504,2459840,2719040,137336,259200,396536,completed,36
32409,Rigid,2322504,2461975,2721201,139471,259226,398697,completed,36
32410,Rigid,2322504,2464246,2723451,141742,259205,400947,completed,36
32411,Rigid,2322504,2464781,2723991,142277,259210,401487,completed,36
32412,Rigid,2322504,2471958,2731162,149454,259204,408658,completed,36
32413,Rigid,2322504,2479785,2738994,157281,259209,416490,completed,36
32414,Rigid,2322504,2479850,2631511,157346,151661,309007,completed,36
32415,Rigid,2322504,2481991,2741214,159487,259223,418710,completed,36
32416,Rigid,2322504,2485208,2600830,162704,115622,278326,completed,36
32417,Rigid,2322504,2496685,2514214,174181,17529,191710,completed,36
32418,Rigid,2322504,2514215,2553038,191711,38823,230534,completed,36
32419,Rigid,2322504,2514431,2585849,191927,71418,263345,completed,36
32420,Rigid,2322504,2515197,2634173,192693,118976,311669,completed,36
32421,Rigid,2322504,2553040,2812257,230536,259217,489753,completed,36
32422,Rigid,2322504,2554182,2729416,231678,175234,406912,completed,36
32423,Rigid,2322504,2554380,2813608,231876,259228,491104,completed,36
32424,Rigid,2322868,2322897,2323236,29,339,368,completed,4
32425,Rigid,2323288,2363668,2398677,40380,35009,75389,completed,72
32426,Rigid,2323949,2376989,2381454,53040,4465,57505,completed,144
32427,Rigid,2324144,2324144,2324150,0,6,6,completed,2
32428,Rigid,2324144,2324148,2324152,4,4,8,completed,2
32429,Rigid,2324145,2324148,2324152,3,4,7,completed,2
32430,Rigid,2324145,2324148,2324152,3,4,7,completed,2
32431,Rigid,2324145,2324148,2324152,3,4,7,completed,2
32432,Rigid,2324145,2324148,2324152,3,4,7,completed,2
32433,Rigid,2324308,2324309,2324329,1,20,21,completed,2
32434,Rigid,2324308,2324309,2324329,1,20,21,completed,2
32435,Rigid,2324308,2324309,2324329,1,20,21,completed,2
32436,Rigid,2324308,2324309,2324329,1,20,21,completed,2
32437,Rigid,2324309,2324309,2324329,0,20,20,completed,2
32438,Rigid,2324309,2324309,2324329,0,20,20,completed,2
32439,Rigid,2324837,2324838,2325009,1,171,172,completed,36
32440,Rigid,2324928,2324928,2324944,0,16,16,completed,2
32441,Rigid,2324928,2324928,2324944,0,16,16,completed,2
32442,Rigid,2324928,2324932,2324944,4,12,16,completed,2
32443,Rigid,2324929,2324932,2324944,3,12,15,completed,2
32444,Rigid,2324929,2324932,2324944,3,12,15,completed,2
32445,Rigid,2324929,2324932,2324944,3,12,15,completed,2
32446,Rigid,2324995,2325012,2325170,17,158,175,completed,36
32447,Rigid,2325032,2325036,2325058,4,22,26,completed,2
32448,Rigid,2325032,2325036,2325058,4,22,26,completed,2
32449,Rigid,2325032,2325032,2325136,0,104,104,completed,2
32450,Rigid,2325032,2325032,2325157,0,125,125,completed,2
32451,Rigid,2325032,2325036,2325150,4,114,118,completed,2
32452,Rigid,2325033,2325036,2325058,3,22,25,completed,2
32453,Rigid,2325062,2325063,2325075,1,12,13,completed,9
32454,Rigid,2325167,2325168,2325177,1,9,10,completed,9
32455,Rigid,2325240,2325241,2325252,1,11,12,completed,36
32456,Rigid,2325243,2325243,2325250,0,7,7,completed,9
32457,Rigid,2325243,2325247,2325251,4,4,8,completed,9
32458,Rigid,2325252,2325253,2325263,1,10,11,completed,2
32459,Rigid,2325252,2325253,2325263,1,10,11,completed,2
32460,Rigid,2326342,2356439,2357345,30097,906,31003,completed,36
32461,Rigid,2326343,2356440,2357344,30097,904,31001,completed,36
32462,Rigid,2326343,2356511,2357416,30168,905,31073,completed,36
32463,Rigid,2326343,2356511,2357417,30168,906,31074,completed,36
32464,Rigid,2326344,2356511,2357415,30167,904,31071,completed,36
32465,Rigid,2326344,2356511,2357415,30167,904,31071,completed,36
32466,Rigid,2327097,2377050,2382987,49953,5937,55890,completed,360
32467,Rigid,2327528,2376988,2543888,49460,166900,216360,completed,108
32468,Rigid,2327729,2327729,2327737,0,8,8,completed,36
32469,Rigid,2327756,2327757,2327763,1,6,7,completed,36
32470,Rigid,2327812,2327813,2327844,1,31,32,completed,36
32471,Rigid,2327871,2327881,2327907,10,26,36,completed,2
32472,Rigid,2328828,2356884,2360034,28056,3150,31206,completed,144
32473,Rigid,2328828,2357316,2360497,28488,3181,31669,completed,144
32474,Rigid,2328829,2357418,2360581,28589,3163,31752,completed,144
32475,Rigid,2328829,2360036,2363211,31207,3175,34382,completed,144
32476,Rigid,2328829,2360499,2363666,31670,3167,34837,completed,144
32477,Rigid,2328829,2360583,2363768,31754,3185,34939,completed,144
32478,Rigid,2328966,2328985,2328987,19,2,21,completed,4
32479,Rigid,2329027,2329050,2329310,23,260,283,completed,4
32480,Rigid,2329237,2329237,2329238,0,1,1,completed,8
32481,Rigid,2329335,2329335,2329336,0,1,1,completed,8
32482,Rigid,2329557,2329557,2329558,0,1,1,completed,8
32483,Rigid,2329575,2329575,2329576,0,1,1,completed,8
32484,Rigid,2329591,2329591,2329592,0,1,1,completed,8
32485,Rigid,2329598,2329598,2329599,0,1,1,completed,8
32486,Rigid,2329607,2329607,2329608,0,1,1,completed,12
32487,Rigid,2329613,2329613,2329614,0,1,1,completed,8
32488,Rigid,2329620,2329620,2329621,0,1,1,completed,8
32489,Rigid,2329839,2329839,2329840,0,1,1,completed,8
32490,Rigid,2329839,2329840,2329850,1,10,11,completed,2
32491,Rigid,2329839,2329840,2329850,1,10,11,completed,2
32492,Rigid,2329845,2329845,2329846,0,1,1,completed,2
32493,Rigid,2329940,2329941,2329947,1,6,7,completed,2
32494,Rigid,2329940,2329941,2329947,1,6,7,completed,2
32495,Rigid,2329975,2383014,2386817,53039,3803,56842,completed,144
32496,Rigid,2330021,2330021,2330031,0,10,10,completed,2
32497,Rigid,2330021,2330021,2330031,0,10,10,completed,2
32498,Rigid,2330390,2330390,2330391,0,1,1,completed,4
32499,Rigid,2330534,2330534,2330535,0,1,1,completed,4
32500,Rigid,2330543,2330543,2330544,0,1,1,completed,4
32501,Rigid,2330849,2330849,2330860,0,11,11,completed,4
32502,Rigid,2330979,2330979,2330990,0,11,11,completed,4
32503,Rigid,2331224,2331224,2331227,0,3,3,completed,36
32504,Rigid,2331261,2331262,2331267,1,5,6,completed,36
32505,Rigid,2331362,2331362,2331365,0,3,3,completed,16
32506,Rigid,2332927,2384916,2384943,51989,27,52016,completed,540
32507,Rigid,2333992,2337080,2341002,3088,3922,7010,completed,18
32508,Rigid,2334007,2334007,2334042,0,35,35,completed,36
32509,Rigid,2335167,2373805,2508773,38638,134968,173606,completed,36
32510,Rigid,2335167,2374228,2456489,39061,82261,121322,completed,36
32511,Rigid,2335167,2374228,2476186,39061,101958,141019,completed,36
32512,Rigid,2335635,2335636,2335890,1,254,255,completed,2
32513,Rigid,2335635,2335636,2335895,1,259,260,completed,2
32514,Rigid,2335635,2335636,2335874,1,238,239,completed,2
32515,Rigid,2335876,2335877,2336001,1,124,125,completed,28
32516,Rigid,2335896,2335896,2336034,0,138,138,completed,28
32517,Rigid,2335896,2335896,2336026,0,130,130,completed,28
32518,Rigid,2336007,2336007,2336067,0,60,60,completed,9
32519,Rigid,2336027,2336027,2336088,0,61,61,completed,9
32520,Rigid,2336037,2336039,2336103,2,64,66,completed,9
32521,Rigid,2336077,2336078,2336096,1,18,19,completed,2
32522,Rigid,2336097,2336097,2336115,0,18,18,completed,2
32523,Rigid,2336107,2336107,2336125,0,18,18,completed,2
32524,Rigid,2336354,2363213,2363215,26859,2,26861,completed,16
32525,Rigid,2337034,2337048,2337131,14,83,97,completed,1
32526,Rigid,2337610,2337611,2337614,1,3,4,completed,2
32527,Rigid,2337610,2337611,2337653,1,42,43,completed,2
32528,Rigid,2337610,2337611,2337653,1,42,43,completed,2
32529,Rigid,2337610,2337611,2337653,1,42,43,completed,2
32530,Rigid,2337610,2337611,2337743,1,132,133,completed,2
32531,Rigid,2337611,2337611,2337731,0,120,120,completed,2
32532,Rigid,2337850,2337850,2337887,0,37,37,completed,2
32533,Rigid,2337850,2337850,2337887,0,37,37,completed,2
32534,Rigid,2337850,2337850,2337870,0,20,20,completed,2
32535,Rigid,2337850,2337850,2337870,0,20,20,completed,2
32536,Rigid,2337850,2337850,2337887,0,37,37,completed,2
32537,Rigid,2337850,2337854,2337875,4,21,25,completed,2
32538,Rigid,2337850,2337850,2337974,0,124,124,completed,2
32539,Rigid,2337850,2337850,2337961,0,111,111,completed,2
32540,Rigid,2338011,2338012,2338123,1,111,112,completed,2
32541,Rigid,2338012,2338012,2338036,0,24,24,completed,2
32542,Rigid,2338012,2338012,2338036,0,24,24,completed,2
32543,Rigid,2338012,2338012,2338036,0,24,24,completed,2
32544,Rigid,2338012,2338012,2338112,0,100,100,completed,2
32545,Rigid,2338042,2338043,2338046,1,3,4,completed,2
32546,Rigid,2338042,2338043,2338046,1,3,4,completed,2
32547,Rigid,2338042,2338043,2338050,1,7,8,completed,9
32548,Rigid,2338042,2338043,2338046,1,3,4,completed,2
32549,Rigid,2338052,2338053,2338056,1,3,4,completed,2
32550,Rigid,2338114,2338114,2338118,0,4,4,completed,2
32551,Rigid,2338124,2338124,2338132,0,8,8,completed,9
32552,Rigid,2338124,2338124,2338127,0,3,3,completed,2
32553,Rigid,2338134,2338134,2338138,0,4,4,completed,2
32554,Rigid,2338178,2338667,2341940,489,3273,3762,completed,18
32555,Rigid,2338292,2363050,2415937,24758,52887,77645,completed,32
32556,Rigid,2338292,2363213,2412287,24921,49074,73995,completed,32
32557,Rigid,2338292,2363213,2414496,24921,51283,76204,completed,32
32558,Rigid,2338292,2358311,2403757,20019,45446,65465,completed,32
32559,Rigid,2338292,2358311,2404622,20019,46311,66330,completed,32
32560,Rigid,2338292,2360651,2405893,22359,45242,67601,completed,32
32561,Rigid,2338292,2360651,2415710,22359,55059,77418,completed,32
32562,Rigid,2338292,2361685,2416623,23393,54938,78331,completed,32
32563,Rigid,2338292,2362959,2405892,24667,42933,67600,completed,32
32564,Rigid,2338292,2363050,2406217,24758,43167,67925,completed,32
32565,Rigid,2338292,2363050,2406781,24758,43731,68489,completed,32
32566,Rigid,2338292,2363050,2406075,24758,43025,67783,completed,32
32567,Rigid,2339265,2341009,2344371,1744,3362,5106,completed,18
32568,Rigid,2340969,2341575,2341690,606,115,721,completed,36
32569,Rigid,2340985,2341691,2341802,706,111,817,completed,36
32570,Rigid,2341005,2341708,2341802,703,94,797,completed,36
32571,Rigid,2341019,2341804,2341944,785,140,925,completed,36
32572,Rigid,2341021,2341022,2341029,1,7,8,completed,36
32573,Rigid,2341028,2341804,2341945,776,141,917,completed,36
32574,Rigid,2341041,2341945,2342080,904,135,1039,completed,36
32575,Rigid,2341298,2341947,2343168,649,1221,1870,completed,36
32576,Rigid,2341317,2342021,2343228,704,1207,1911,completed,36
32577,Rigid,2341329,2342082,2343289,753,1207,1960,completed,36
32578,Rigid,2341337,2342391,2343593,1054,1202,2256,completed,36
32579,Rigid,2341480,2341958,2345387,478,3429,3907,completed,18
32580,Rigid,2342029,2342030,2342034,1,4,5,completed,2
32581,Rigid,2342029,2342030,2342034,1,4,5,completed,2
32582,Rigid,2342029,2342030,2342034,1,4,5,completed,2
32583,Rigid,2342086,2366754,2366834,24668,80,24748,completed,36
32584,Rigid,2342152,2342152,2342444,0,292,292,completed,2
32585,Rigid,2342152,2342152,2342447,0,295,295,completed,2
32586,Rigid,2342152,2342152,2342453,0,301,301,completed,2
32587,Rigid,2342445,2342445,2342730,0,285,285,completed,2
32588,Rigid,2342455,2342455,2342719,0,264,264,completed,2
32589,Rigid,2342455,2342459,2342713,4,254,258,completed,2
32590,Rigid,2342488,2363216,2574263,20728,211047,231775,completed,72
32591,Rigid,2342555,2344379,2347509,1824,3130,4954,completed,18
32592,Rigid,2342900,2343172,2343597,272,425,697,completed,36
32593,Rigid,2342916,2342917,2343199,1,282,283,completed,2
32594,Rigid,2342917,2342917,2343175,0,258,258,completed,2
32595,Rigid,2342917,2342917,2343186,0,269,269,completed,2
32596,Rigid,2343002,2343232,2343650,230,418,648,completed,36
32597,Rigid,2343178,2343178,2348696,0,5518,5518,completed,5
32598,Rigid,2343188,2343188,2348784,0,5596,5596,completed,5
32599,Rigid,2343208,2343209,2349119,1,5910,5911,completed,5
32600,Rigid,2343582,2343597,2343599,15,2,17,completed,36
32601,Rigid,2343583,2357365,2357485,13782,120,13902,completed,36
32602,Rigid,2343585,2343598,2343600,13,2,15,completed,36
32603,Rigid,2343586,2343600,2343602,14,2,16,completed,36
32604,Rigid,2343588,2343601,2343603,13,2,15,completed,36
32605,Rigid,2343589,2343604,2343605,15,1,16,completed,36
32606,Rigid,2343590,2343604,2343607,14,3,17,completed,36
32607,Rigid,2343591,2343609,2343611,18,2,20,completed,36
32608,Rigid,2343591,2357365,2357653,13774,288,14062,completed,36
32609,Rigid,2343592,2343609,2343611,17,2,19,completed,36
32610,Rigid,2343592,2343612,2343614,20,2,22,completed,36
32611,Rigid,2343595,2357487,2357599,13892,112,14004,completed,36
32612,Rigid,2343597,2343612,2343614,15,2,17,completed,36
32613,Rigid,2343599,2343615,2343617,16,2,18,completed,36
32614,Rigid,2343601,2343615,2343733,14,118,132,completed,36
32615,Rigid,2343603,2343618,2343620,15,2,17,completed,36
32616,Rigid,2343604,2343621,2343623,17,2,19,completed,36
32617,Rigid,2343605,2343624,2343626,19,2,21,completed,36
32618,Rigid,2343605,2357732,2357928,14127,196,14323,completed,36
32619,Rigid,2343607,2343627,2343629,20,2,22,completed,36
32620,Rigid,2343608,2343631,2343632,23,1,24,completed,36
32621,Rigid,2343612,2343651,2343653,39,2,41,completed,72
32622,Rigid,2343616,2357946,2358050,14330,104,14434,completed,72
32623,Rigid,2343621,2343655,2343657,34,2,36,completed,72
32624,Rigid,2343625,2343658,2343782,33,124,157,completed,72
32625,Rigid,2343629,2343783,2343785,154,2,156,completed,72
32626,Rigid,2343630,2343783,2343785,153,2,155,completed,36
32627,Rigid,2343630,2358068,2358211,14438,143,14581,completed,36
32628,Rigid,2343631,2343787,2343788,156,1,157,completed,36
32629,Rigid,2343632,2343787,2343789,155,2,157,completed,36
32630,Rigid,2343632,2343787,2343789,155,2,157,completed,36
32631,Rigid,2347865,2347866,2347974,1,108,109,completed,72
32632,Rigid,2348014,2389307,2458281,41293,68974,110267,completed,144
32633,Rigid,2348014,2389483,2458680,41469,69197,110666,completed,144
32634,Rigid,2348014,2390930,2459998,42916,69068,111984,completed,144
32635,Rigid,2348015,2391486,2461765,43471,70279,113750,completed,144
32636,Rigid,2348015,2392533,2461471,44518,68938,113456,completed,144
32637,Rigid,2348015,2393339,2462483,45324,69144,114468,completed,144
32638,Rigid,2348015,2395822,2464808,47807,68986,116793,completed,144
32639,Rigid,2348015,2396096,2464618,48081,68522,116603,completed,144
32640,Rigid,2349132,2349132,2349141,0,9,9,completed,2
32641,Rigid,2351704,2351709,2355164,5,3455,3460,completed,18
32642,Rigid,2356400,2372685,2372822,16285,137,16422,completed,36
32643,Rigid,2356446,2372836,2374211,16390,1375,17765,completed,72
32644,Rigid,2357595,2357654,2357720,59,66,125,completed,72
32645,Rigid,2357729,2358281,2358309,552,28,580,completed,72
32646,Rigid,2358687,2360583,2360649,1896,66,1962,completed,72
32647,Rigid,2359651,2366845,2368758,7194,1913,9107,completed,36
32648,Rigid,2359868,2367420,2369262,7552,1842,9394,completed,36
32649,Rigid,2359953,2368783,2370572,8830,1789,10619,completed,36
32650,Rigid,2360033,2369418,2371178,9385,1760,11145,completed,36
32651,Rigid,2360121,2370599,2372218,10478,1619,12097,completed,36
32652,Rigid,2360209,2371204,2372795,10995,1591,12586,completed,36
32653,Rigid,2360370,2372232,2373786,11862,1554,13416,completed,36
32654,Rigid,2364558,2404753,2457454,40195,52701,92896,completed,144
32655,Rigid,2364638,2405051,2451872,40413,46821,87234,completed,144
32656,Rigid,2364638,2405073,2452242,40435,47169,87604,completed,144
32657,Rigid,2364638,2405708,2453028,41070,47320,88390,completed,144
32658,Rigid,2364638,2406076,2453826,41438,47750,89188,completed,144
32659,Rigid,2364638,2406218,2454557,41580,48339,89919,completed,144
32660,Rigid,2364638,2406909,2454984,42271,48075,90346,completed,144
32661,Rigid,2364639,2406975,2455599,42336,48624,90960,completed,144
32662,Rigid,2364639,2407090,2455551,42451,48461,90912,completed,144
32663,Rigid,2364639,2407186,2457752,42547,50566,93113,completed,144
32664,Rigid,2364639,2407533,2457758,42894,50225,93119,completed,144
32665,Rigid,2364639,2407592,2459975,42953,52383,95336,completed,144
32666,Rigid,2364693,2364694,2364816,1,122,123,completed,72
32667,Rigid,2377740,2377761,2377764,21,3,24,completed,36
32668,Rigid,2377741,2377766,2377768,25,2,27,completed,36
32669,Rigid,2377742,2377769,2377771,27,2,29,completed,36
32670,Rigid,2377742,2377772,2377774,30,2,32,completed,36
32671,Rigid,2377742,2377775,2377777,33,2,35,completed,36
32672,Rigid,2377742,2377778,2377780,36,2,38,completed,36
32673,Rigid,2377743,2377781,2377783,38,2,40,completed,36
32674,Rigid,2377743,2377785,2377786,42,1,43,completed,36
32675,Rigid,2377743,2377788,2377790,45,2,47,completed,36
32676,Rigid,2377745,2377791,2377793,46,2,48,completed,36
32677,Rigid,2377745,2377794,2377796,49,2,51,completed,36
32678,Rigid,2377747,2377840,2377843,93,3,96,completed,36
32679,Rigid,2377747,2377844,2377846,97,2,99,completed,36
32680,Rigid,2377747,2377798,2377871,51,73,124,completed,36
32681,Rigid,2377748,2377847,2377849,99,2,101,completed,36
32682,Rigid,2377748,2377850,2377852,102,2,104,completed,36
32683,Rigid,2377749,2377853,2377855,104,2,106,completed,36
32684,Rigid,2378136,2378226,2378228,90,2,92,completed,36
32685,Rigid,2378136,2378229,2378231,93,2,95,completed,36
32686,Rigid,2378136,2378232,2378234,96,2,98,completed,36
32687,Rigid,2378136,2378207,2378224,71,17,88,completed,36
32688,Rigid,2378164,2378235,2378237,71,2,73,completed,36
32689,Rigid,2378173,2378238,2378240,65,2,67,completed,36
32690,Rigid,2378173,2378242,2378244,69,2,71,completed,36
32691,Rigid,2378173,2378245,2378247,72,2,74,completed,36
32692,Rigid,2378173,2378248,2378250,75,2,77,completed,36
32693,Rigid,2379463,2379496,2379499,33,3,36,completed,36
32694,Rigid,2379463,2379500,2379502,37,2,39,completed,36
32695,Rigid,2379464,2379503,2379505,39,2,41,completed,36
32696,Rigid,2379464,2379506,2379508,42,2,44,completed,36
32697,Rigid,2380131,2380205,2380209,74,4,78,completed,36
32698,Rigid,2380131,2380210,2380212,79,2,81,completed,36
32699,Rigid,2380132,2380214,2380215,82,1,83,completed,36
32700,Rigid,2380132,2380217,2380219,85,2,87,completed,36
32701,Rigid,2380587,2380588,2380592,1,4,5,completed,36
32702,Rigid,2380588,2380593,2380595,5,2,7,completed,36
32703,Rigid,2380588,2380597,2380598,9,1,10,completed,36
32704,Rigid,2380588,2380600,2380602,12,2,14,completed,36
32705,Rigid,2380822,2381134,2381544,312,410,722,completed,36
32706,Rigid,2381468,2381469,2381470,1,1,2,completed,36
32707,Rigid,2381468,2381469,2381470,1,1,2,completed,36
32708,Rigid,2381469,2381472,2381473,3,1,4,completed,36
32709,Rigid,2381469,2381472,2381474,3,2,5,completed,36
32710,Rigid,2381469,2381472,2381474,3,2,5,completed,36
32711,Rigid,2381616,2381617,2381915,1,298,299,completed,36
32712,Rigid,2381625,2381625,2381904,0,279,279,completed,36
32713,Rigid,2381661,2381704,2381713,43,9,52,completed,36
32714,Rigid,2381738,2381832,2382130,94,298,392,completed,36
32715,Rigid,2381758,2381906,2382203,148,297,445,completed,36
32716,Rigid,2381805,2382324,2382327,519,3,522,completed,36
32717,Rigid,2381805,2381916,2382098,111,182,293,completed,36
32718,Rigid,2381806,2382099,2382302,293,203,496,completed,36
32719,Rigid,2381806,2382124,2382323,318,199,517,completed,36
32720,Rigid,2381806,2382131,2382329,325,198,523,completed,36
32721,Rigid,2382176,2382328,2382330,152,2,154,completed,36
32722,Rigid,2382176,2382204,2382335,28,131,159,completed,36
32723,Rigid,2382176,2382210,2382345,34,135,169,completed,36
32724,Rigid,2382177,2382217,2382347,40,130,170,completed,36
32725,Rigid,2382177,2382304,2382457,127,153,280,completed,36
32726,Rigid,2382349,2382350,2382352,1,2,3,completed,36
32727,Rigid,2382349,2382350,2382476,1,126,127,completed,36
32728,Rigid,2382349,2382350,2382464,1,114,115,completed,36
32729,Rigid,2382349,2382350,2382471,1,121,122,completed,36
32730,Rigid,2382350,2382350,2382484,0,134,134,completed,36
32731,Rigid,2382746,2382747,2382751,1,4,5,completed,36
32732,Rigid,2382808,2382809,2383107,1,298,299,completed,36
32733,Rigid,2382855,2382957,2383153,102,196,298,completed,36
32734,Rigid,2382907,2382988,2383120,81,132,213,completed,36
32735,Rigid,2382974,2382988,2382992,14,4,18,completed,36
32736,Rigid,2382975,2382988,2383009,13,21,34,completed,36
32737,Rigid,2382975,2382988,2383088,13,100,113,completed,36
32738,Rigid,2382975,2382988,2383090,13,102,115,completed,36
32739,Rigid,2382975,2382988,2383116,13,128,141,completed,36
32740,Rigid,2383102,2383154,2383156,52,2,54,completed,72
32741,Rigid,2383102,2383102,2383199,0,97,97,completed,72
32742,Rigid,2383102,2383102,2383211,0,109,109,completed,72
32743,Rigid,2383103,2383118,2383120,15,2,17,completed,72
32744,Rigid,2383103,2383121,2383247,18,126,144,completed,72
32745,Rigid,2383345,2383346,2383348,1,2,3,completed,36
32746,Rigid,2383423,2383423,2383541,0,118,118,completed,36
32747,Rigid,2383463,2383466,2383578,3,112,115,completed,36
32748,Rigid,2383488,2383499,2383629,11,130,141,completed,36
32749,Rigid,2383522,2383542,2383646,20,104,124,completed,72
32750,Rigid,2383544,2383631,2383747,87,116,203,completed,72
32751,Rigid,2384225,2384225,2384664,0,439,439,completed,36
32752,Rigid,2384232,2384232,2384522,0,290,290,completed,36
32753,Rigid,2384232,2384668,2384944,436,276,712,completed,36
32754,Rigid,2384233,2384523,2384823,290,300,590,completed,36
32755,Rigid,2384233,2384598,2384899,365,301,666,completed,36
32756,Rigid,2384233,2384665,2384955,432,290,722,completed,36
32757,Rigid,2385356,2385490,2385683,134,193,327,completed,36
32758,Rigid,2385356,2385932,2386106,576,174,750,completed,36
32759,Rigid,2385356,2385493,2385683,137,190,327,completed,36
32760,Rigid,2385357,2385636,2385831,279,195,474,completed,36
32761,Rigid,2385357,2385682,2385883,325,201,526,completed,36
32762,Rigid,2385360,2385684,2385814,324,130,454,completed,36
32763,Rigid,2385360,2385932,2386057,572,125,697,completed,36
32764,Rigid,2385361,2385685,2385822,324,137,461,completed,36
32765,Rigid,2385361,2385810,2385949,449,139,588,completed,36
32766,Rigid,2385361,2385815,2385959,454,144,598,completed,36
32767,Rigid,2385703,2385936,2386037,233,101,334,completed,36
32768,Rigid,2385704,2385832,2385931,128,99,227,completed,36
32769,Rigid,2385704,2385823,2385931,119,108,227,completed,36
32770,Rigid,2385705,2385846,2385956,141,110,251,completed,36
32771,Rigid,2385705,2385885,2386008,180,123,303,completed,36
32772,Rigid,2386049,2386326,2386419,277,93,370,completed,36
32773,Rigid,2386050,2386055,2386153,5,98,103,completed,36
32774,Rigid,2386051,2386058,2386154,7,96,103,completed,36
32775,Rigid,2386052,2386072,2386172,20,100,120,completed,36
32776,Rigid,2386053,2386108,2386228,55,120,175,completed,36
32777,Rigid,2386059,2386156,2386242,97,86,183,completed,72
32778,Rigid,2386061,2386344,2386433,283,89,372,completed,72
32779,Rigid,2386063,2386229,2386324,166,95,261,completed,72
32780,Rigid,2386065,2386243,2386343,178,100,278,completed,72
32781,Rigid,2386067,2386326,2386446,259,120,379,completed,72
32782,Rigid,2393818,2394370,2394475,552,105,657,completed,36
32783,Rigid,2393862,2394418,2394522,556,104,660,completed,36
32784,Rigid,2393906,2394477,2394591,571,114,685,completed,36
32785,Rigid,2393931,2394524,2394623,593,99,692,completed,36
32786,Rigid,2394004,2394592,2395792,588,1200,1788,completed,36
32787,Rigid,2394039,2394624,2395852,585,1228,1813,completed,36
32788,Rigid,2394092,2394865,2396092,773,1227,2000,completed,36
32789,Rigid,2394139,2394987,2396212,848,1225,2073,completed,36
32790,Rigid,2397012,2397056,2416171,44,19115,19159,completed,72
32791,Rigid,2397584,2701911,2803897,304327,101986,406313,completed,36
32792,Rigid,2397584,2702666,2752367,305082,49701,354783,completed,36
32793,Rigid,2397584,2702997,2827612,305413,124615,430028,completed,36
32794,Rigid,2397699,2407193,2504808,9494,97615,107109,completed,36
32795,Rigid,2397699,2407613,2509568,9914,101955,111869,completed,36
32796,Rigid,2397699,2409352,2479764,11653,70412,82065,completed,36
32797,Rigid,2397728,2409352,2523105,11624,113753,125377,completed,36
32798,Rigid,2397728,2409352,2514942,11624,105590,117214,completed,36
32799,Rigid,2397728,2409433,2492414,11705,82981,94686,completed,36
32800,Rigid,2398047,2398243,2401155,196,2912,3108,completed,144
32801,Rigid,2398309,2479290,2581971,80981,102681,183662,completed,36
32802,Rigid,2398309,2480436,2575748,82127,95312,177439,completed,36
32803,Rigid,2398309,2480436,2489480,82127,9044,91171,completed,36
32804,Rigid,2398397,2482631,2576227,84234,93596,177830,completed,36
32805,Rigid,2398397,2482631,2580016,84234,97385,181619,completed,36
32806,Rigid,2398397,2482631,2591957,84234,109326,193560,completed,36
32807,Rigid,2398452,2482631,2584572,84179,101941,186120,completed,36
32808,Rigid,2398452,2482631,2566905,84179,84274,168453,completed,36
32809,Rigid,2398452,2482785,2556987,84333,74202,158535,completed,36
32810,Rigid,2398482,2485519,2596714,87037,111195,198232,completed,36
32811,Rigid,2398482,2485519,2557480,87037,71961,158998,completed,36
32812,Rigid,2398482,2485519,2572919,87037,87400,174437,completed,36
32813,Rigid,2398681,2410741,2459338,12060,48597,60657,completed,36
32814,Rigid,2398681,2412304,2490128,13623,77824,91447,completed,36
32815,Rigid,2398681,2412484,2447448,13803,34964,48767,completed,36
32816,Rigid,2398685,2399301,2409350,616,10049,10665,completed,144
32817,Rigid,2398700,2399589,2409697,889,10108,10997,completed,144
32818,Rigid,2398707,2399727,2409763,1020,10036,11056,completed,144
32819,Rigid,2398710,2403086,2412858,4376,9772,14148,completed,72
32820,Rigid,2398717,2399969,2410050,1252,10081,11333,completed,144
32821,Rigid,2398732,2400371,2410458,1639,10087,11726,completed,144
32822,Rigid,2398955,2404623,2404639,5668,16,5684,completed,72
32823,Rigid,2400124,2400566,2403781,442,3215,3657,completed,144
32824,Rigid,2400124,2400680,2403898,556,3218,3774,completed,144
32825,Rigid,2400124,2400776,2404004,652,3228,3880,completed,144
32826,Rigid,2400124,2401157,2404368,1033,3211,4244,completed,144
32827,Rigid,2400124,2401856,2405050,1732,3194,4926,completed,144
32828,Rigid,2400125,2402513,2405707,2388,3194,5582,completed,144
32829,Rigid,2400361,2412916,2446795,12555,33879,46434,completed,540
32830,Rigid,2401301,2402906,2412915,1605,10009,11614,completed,144
32831,Rigid,2401607,2409779,2417002,8172,7223,15395,completed,144
32832,Rigid,2402307,2729889,2902713,327582,172824,500406,completed,108
32833,Rigid,2402548,2731333,2904153,328785,172820,501605,completed,108
32834,Rigid,2402671,2736574,2909403,333903,172829,506732,completed,108
32835,Rigid,2403354,2403758,2406908,404,3150,3554,completed,144
32836,Rigid,2403359,2403782,2406974,423,3192,3615,completed,144
32837,Rigid,2403367,2403899,2407089,532,3190,3722,completed,144
32838,Rigid,2403374,2404005,2407185,631,3180,3811,completed,144
32839,Rigid,2403378,2404370,2407531,992,3161,4153,completed,144
32840,Rigid,2403939,2403939,2591004,0,187065,187065,completed,36
32841,Rigid,2404398,2404398,2764400,0,360002,360002,completed,36
32842,Rigid,2404705,2409719,2480069,5014,70350,75364,completed,36
32843,Rigid,2405164,2412935,2516004,7771,103069,110840,completed,36
32844,Rigid,2405164,2416634,2466604,11470,49970,61440,completed,36
32845,Rigid,2405164,2460006,2560439,54842,100433,155275,completed,36
32846,Rigid,2406274,2407672,2511611,1398,103939,105337,completed,144
32847,Rigid,2406559,2406560,2406562,1,2,3,completed,1
32848,Rigid,2406666,2406667,2406670,1,3,4,completed,1
32849,Rigid,2406759,2406759,2406761,0,2,2,completed,1
32850,Rigid,2407689,2409352,2409432,1663,80,1743,completed,36
32851,Rigid,2408071,2408072,2408081,1,9,10,completed,2
32852,Rigid,2408071,2408072,2413308,1,5236,5237,completed,5
32853,Rigid,2408071,2408072,2413226,1,5154,5155,completed,5
32854,Rigid,2408071,2408072,2413531,1,5459,5460,completed,5
32855,Rigid,2408586,2482631,2615919,74045,133288,207333,completed,144
32856,Rigid,2408674,2476217,2498176,67543,21959,89502,completed,72
32857,Rigid,2408736,2482631,2628271,73895,145640,219535,completed,144
32858,Rigid,2408937,2464619,2482620,55682,18001,73683,completed,1152
32859,Rigid,2409838,2409839,2410747,1,908,909,completed,36
32860,Rigid,2409839,2409839,2410762,0,923,923,completed,36
32861,Rigid,2409840,2409843,2410752,3,909,912,completed,36
32862,Rigid,2409840,2410051,2410963,211,912,1123,completed,36
32863,Rigid,2409841,2410051,2410965,210,914,1124,completed,36
32864,Rigid,2409842,2410051,2410968,209,917,1126,completed,36
32865,Rigid,2411290,2411290,2411548,0,258,258,completed,36
32866,Rigid,2411850,2411850,2429875,0,18025,18025,completed,72
32867,Rigid,2412178,2412178,2772205,0,360027,360027,completed,36
32868,Rigid,2412222,2412222,2412238,0,16,16,completed,36
32869,Rigid,2412668,2412668,2415958,0,3290,3290,completed,8
32870,Rigid,2412979,2458097,2490728,45118,32631,77749,completed,360
32871,Rigid,2413457,2414029,2414933,572,904,1476,completed,36
32872,Rigid,2413458,2414029,2414936,571,907,1478,completed,36
32873,Rigid,2413458,2414029,2414933,571,904,1475,completed,36
32874,Rigid,2413459,2414130,2415034,671,904,1575,completed,36
32875,Rigid,2413459,2414130,2415035,671,905,1576,completed,36
32876,Rigid,2413460,2414130,2415031,670,901,1571,completed,36
32877,Rigid,2413903,2414498,2415112,595,614,1209,completed,36
32878,Rigid,2414438,2415938,2479283,1500,63345,64845,completed,144
32879,Rigid,2414438,2415032,2587846,594,172814,173408,completed,144
32880,Rigid,2414439,2446802,2498294,32363,51492,83855,completed,144
32881,Rigid,2414439,2446854,2489337,32415,42483,74898,completed,144
32882,Rigid,2414439,2416447,2589264,2008,172817,174825,completed,144
32883,Rigid,2414439,2417012,2589816,2573,172804,175377,completed,144
32884,Rigid,2414439,2443390,2598492,28951,155102,184053,completed,144
32885,Rigid,2414439,2446802,2619615,32363,172813,205176,completed,144
32886,Rigid,2414439,2446854,2619676,32415,172822,205237,completed,144
32887,Rigid,2414439,2452754,2625578,38315,172824,211139,completed,144
32888,Rigid,2414439,2453029,2625849,38590,172820,211410,completed,144
32889,Rigid,2414439,2453127,2625939,38688,172812,211500,completed,144
32890,Rigid,2414439,2453186,2625999,38747,172813,211560,completed,144
32891,Rigid,2414439,2453827,2626636,39388,172809,212197,completed,144
32892,Rigid,2414439,2454558,2603105,40119,148547,188666,completed,144
32893,Rigid,2414439,2454985,2627800,40546,172815,213361,completed,144
32894,Rigid,2414439,2455552,2628378,41113,172826,213939,completed,144
32895,Rigid,2414439,2455601,2628408,41162,172807,213969,completed,144
32896,Rigid,2414439,2456397,2629198,41958,172801,214759,completed,144
32897,Rigid,2414822,2414951,2415022,129,71,200,completed,36
32898,Rigid,2415399,2415399,2415707,0,308,308,completed,36
32899,Rigid,2415408,2415408,2418528,0,3120,3120,completed,36
32900,Rigid,2416086,2416086,2416103,0,17,17,completed,36
32901,Rigid,2416335,2416335,2416386,0,51,51,completed,72
32902,Rigid,2416423,2416424,2416428,1,4,5,completed,36
32903,Rigid,2416507,2416507,2416637,0,130,130,completed,36
32904,Rigid,2416825,2416827,2416837,2,10,12,completed,36
32905,Rigid,2416983,2416983,2419426,0,2443,2443,completed,36
32906,Rigid,2417108,2417108,2417238,0,130,130,completed,36
32907,Rigid,2417226,2417241,2417380,15,139,154,completed,36
32908,Rigid,2417273,2418529,2426455,1256,7926,9182,completed,72
32909,Rigid,2417376,2417381,2417389,5,8,13,completed,36
32910,Rigid,2417425,2417427,2417432,2,5,7,completed,36
32911,Rigid,2417485,2417487,2417644,2,157,159,completed,36
32912,Rigid,2418094,2418094,2418258,0,164,164,completed,36
32913,Rigid,2418342,2418768,2418992,426,224,650,completed,36
32914,Rigid,2418416,2418417,2418427,1,10,11,completed,36
32915,Rigid,2418510,2418511,2418519,1,8,9,completed,36
32916,Rigid,2418524,2418525,2418661,1,136,137,completed,36
32917,Rigid,2418660,2482631,2523343,63971,40712,104683,completed,1080
32918,Rigid,2419031,2419427,2420312,396,885,1281,completed,36
32919,Rigid,2419035,2420314,2421193,1279,879,2158,completed,36
32920,Rigid,2419077,2422089,2422103,3012,14,3026,completed,36
32921,Rigid,2419087,2422071,2422073,2984,2,2986,completed,32
32922,Rigid,2419207,2421195,2422070,1988,875,2863,completed,36
32923,Rigid,2419386,2457463,2622877,38077,165414,203491,completed,108
32924,Rigid,2419410,2442561,2442579,23151,18,23169,completed,72
32925,Rigid,2419413,2442580,2442598,23167,18,23185,completed,72
32926,Rigid,2419416,2442623,2442643,23207,20,23227,completed,72
32927,Rigid,2419418,2442644,2442665,23226,21,23247,completed,72
32928,Rigid,2419421,2442667,2442688,23246,21,23267,completed,72
32929,Rigid,2419423,2442689,2442712,23266,23,23289,completed,72
32930,Rigid,2419426,2442713,2442737,23287,24,23311,completed,72
32931,Rigid,2419428,2442738,2442764,23310,26,23336,completed,72
32932,Rigid,2419501,2457753,2652283,38252,194530,232782,completed,144
32933,Rigid,2419519,2457760,2645338,38241,187578,225819,completed,144
32934,Rigid,2419625,2442765,2442772,23140,7,23147,completed,72
32935,Rigid,2419794,2419795,2419799,1,4,5,completed,2
32936,Rigid,2419794,2419795,2419800,1,5,6,completed,2
32937,Rigid,2419795,2419795,2419800,0,5,5,completed,2
32938,Rigid,2419795,2419795,2419799,0,4,4,completed,2
32939,Rigid,2419795,2419795,2419799,0,4,4,completed,2
32940,Rigid,2419795,2419795,2419799,0,4,4,completed,2
32941,Rigid,2419795,2419799,2419803,4,4,8,completed,2
32942,Rigid,2419795,2419799,2419803,4,4,8,completed,2
32943,Rigid,2419795,2419799,2419803,4,4,8,completed,2
32944,Rigid,2419804,2419805,2419813,1,8,9,completed,2
32945,Rigid,2419805,2419805,2419807,0,2,2,completed,2
32946,Rigid,2419805,2419805,2419807,0,2,2,completed,2
32947,Rigid,2419805,2419805,2419813,0,8,8,completed,2
32948,Rigid,2419805,2419809,2419812,4,3,7,completed,2
32949,Rigid,2419805,2419809,2419813,4,4,8,completed,2
32950,Rigid,2419805,2419809,2419812,4,3,7,completed,2
32951,Rigid,2419805,2419809,2419812,4,3,7,completed,2
32952,Rigid,2419805,2419809,2419812,4,3,7,completed,2
32953,Rigid,2419815,2419815,2419818,0,3,3,completed,2
32954,Rigid,2419815,2419815,2419818,0,3,3,completed,2
32955,Rigid,2419815,2419819,2419822,4,3,7,completed,2
32956,Rigid,2420222,2420222,2420275,0,53,53,completed,2
32957,Rigid,2420222,2420222,2420664,0,442,442,completed,2
32958,Rigid,2420222,2420223,2420717,1,494,495,completed,2
32959,Rigid,2420223,2420223,2420283,0,60,60,completed,2
32960,Rigid,2420223,2420223,2420279,0,56,56,completed,2
32961,Rigid,2420223,2420223,2420374,0,151,151,completed,2
32962,Rigid,2420223,2420223,2420351,0,128,128,completed,2
32963,Rigid,2420223,2420223,2420347,0,124,124,completed,2
32964,Rigid,2420223,2420223,2420615,0,392,392,completed,2
32965,Rigid,2420282,2420283,2420373,1,90,91,completed,2
32966,Rigid,2420282,2420283,2420383,1,100,101,completed,2
32967,Rigid,2420292,2420293,2420393,1,100,101,completed,2
32968,Rigid,2420353,2420354,2420425,1,71,72,completed,2
32969,Rigid,2420353,2420354,2420423,1,69,70,completed,2
32970,Rigid,2420383,2420383,2420459,0,76,76,completed,2
32971,Rigid,2420383,2420385,2420443,2,58,60,completed,2
32972,Rigid,2420393,2420393,2420451,0,58,58,completed,2
32973,Rigid,2420393,2420393,2420454,0,61,61,completed,2
32974,Rigid,2420507,2420507,2427191,0,6684,6684,completed,36
32975,Rigid,2420623,2420624,2420831,1,207,208,completed,2
32976,Rigid,2420634,2422074,2422076,1440,2,1442,completed,32
32977,Rigid,2420673,2420674,2420908,1,234,235,completed,2
32978,Rigid,2420724,2420727,2420979,3,252,255,completed,2
32979,Rigid,2420817,2422077,2422088,1260,11,1271,completed,36
32980,Rigid,2421139,2590932,2658113,169793,67181,236974,completed,36
32981,Rigid,2421139,2600837,2804575,179698,203738,383436,completed,36
32982,Rigid,2421139,2611335,2611508,190196,173,190369,completed,36
32983,Rigid,2421139,2611510,2611640,190371,130,190501,completed,36
32984,Rigid,2421139,2558174,2567236,137035,9062,146097,completed,36
32985,Rigid,2421139,2611641,2611763,190502,122,190624,completed,36
32986,Rigid,2421139,2611765,2611893,190626,128,190754,completed,36
32987,Rigid,2421139,2611894,2631805,190755,19911,210666,completed,36
32988,Rigid,2421139,2614983,2667234,193844,52251,246095,completed,36
32989,Rigid,2421139,2615589,2615727,194450,138,194588,completed,36
32990,Rigid,2421139,2615728,2678863,194589,63135,257724,completed,36
32991,Rigid,2421139,2628113,2819339,206974,191226,398200,completed,36
32992,Rigid,2421139,2628586,2628785,207447,199,207646,completed,36
32993,Rigid,2421139,2628787,2700050,207648,71263,278911,completed,36
32994,Rigid,2421139,2631512,2631674,210373,162,210535,completed,36
32995,Rigid,2421139,2566715,2566793,145576,78,145654,completed,36
32996,Rigid,2421139,2631675,2631834,210536,159,210695,completed,36
32997,Rigid,2421139,2566794,2772246,145655,205452,351107,completed,36
32998,Rigid,2421139,2567237,2567315,146098,78,146176,completed,36
32999,Rigid,2421139,2567316,2567338,146177,22,146199,completed,36
33000,Rigid,2421139,2567339,2567382,146200,43,146243,completed,36
33001,Rigid,2421139,2567384,2648978,146245,81594,227839,completed,36
33002,Rigid,2421139,2569029,2681828,147890,112799,260689,completed,36
33003,Rigid,2421139,2576020,2704834,154881,128814,283695,completed,36
33004,Rigid,2422506,2429883,2444351,7377,14468,21845,completed,108
33005,Rigid,2422701,2728172,2886874,305471,158702,464173,completed,36
33006,Rigid,2422701,2729256,2902083,306555,172827,479382,completed,36
33007,Rigid,2422701,2729919,2902743,307218,172824,480042,completed,36
33008,Rigid,2422790,2729919,2859528,307129,129609,436738,completed,36
33009,Rigid,2422790,2730220,2756733,307430,26513,333943,completed,36
33010,Rigid,2422790,2730551,2860158,307761,129607,437368,completed,36
33011,Rigid,2422843,2730581,2860188,307738,129607,437345,completed,36
33012,Rigid,2422843,2730792,2860398,307949,129606,437555,completed,36
33013,Rigid,2422843,2731544,2861148,308701,129604,438305,completed,36
33014,Rigid,2422899,2426495,2427371,3596,876,4472,completed,36
33015,Rigid,2422899,2427379,2428257,4480,878,5358,completed,36
33016,Rigid,2422900,2427501,2428386,4601,885,5486,completed,36
33017,Rigid,2422900,2428261,2429140,5361,879,6240,completed,36
33018,Rigid,2422901,2428413,2429289,5512,876,6388,completed,36
33019,Rigid,2422901,2429144,2430027,6243,883,7126,completed,36
33020,Rigid,2422902,2429297,2430181,6395,884,7279,completed,36
33021,Rigid,2422902,2433908,2434790,11006,882,11888,completed,36
33022,Rigid,2422903,2433916,2434803,11013,887,11900,completed,36
33023,Rigid,2422903,2434456,2435345,11553,889,12442,completed,36
33024,Rigid,2422904,2434792,2435675,11888,883,12771,completed,36
33025,Rigid,2422904,2434804,2435685,11900,881,12781,completed,36
33026,Rigid,2422905,2435346,2436224,12441,878,13319,completed,36
33027,Rigid,2422905,2435676,2436561,12771,885,13656,completed,36
33028,Rigid,2422906,2435686,2436561,12780,875,13655,completed,36
33029,Rigid,2422907,2435856,2436745,12949,889,13838,completed,36
33030,Rigid,2422907,2436211,2437092,13304,881,14185,completed,36
33031,Rigid,2422908,2436225,2437106,13317,881,14198,completed,36
33032,Rigid,2422909,2436562,2437441,13653,879,14532,completed,36
33033,Rigid,2422909,2436563,2437447,13654,884,14538,completed,36
33034,Rigid,2422910,2436746,2437626,13836,880,14716,completed,36
33035,Rigid,2422911,2437093,2437971,14182,878,15060,completed,36
33036,Rigid,2422911,2437107,2437998,14196,891,15087,completed,36
33037,Rigid,2422912,2437442,2438321,14530,879,15409,completed,36
33038,Rigid,2422913,2437448,2438331,14535,883,15418,completed,36
33039,Rigid,2422913,2437627,2438504,14714,877,15591,completed,36
33040,Rigid,2422914,2437972,2438852,15058,880,15938,completed,36
33041,Rigid,2422915,2437999,2438886,15084,887,15971,completed,36
33042,Rigid,2422915,2438322,2439205,15407,883,16290,completed,36
33043,Rigid,2422916,2732055,2861658,309139,129603,438742,completed,36
33044,Rigid,2422916,2735158,2864778,312242,129620,441862,completed,36
33045,Rigid,2422916,2741241,2870869,318325,129628,447953,completed,36
33046,Rigid,2422916,2438333,2439220,15417,887,16304,completed,36
33047,Rigid,2422917,2438505,2439393,15588,888,16476,completed,36
33048,Rigid,2422917,2438853,2439734,15936,881,16817,completed,36
33049,Rigid,2422918,2438887,2439763,15969,876,16845,completed,36
33050,Rigid,2422966,2743798,2850751,320832,106953,427785,completed,36
33051,Rigid,2422966,2743798,2916604,320832,172806,493638,completed,36
33052,Rigid,2422966,2743799,2916604,320833,172805,493638,completed,36
33053,Rigid,2423671,2439207,2439571,15536,364,15900,completed,36
33054,Rigid,2423677,2439221,2442560,15544,3339,18883,completed,36
33055,Rigid,2423918,2439572,2440180,15654,608,16262,completed,36
33056,Rigid,2423941,2439735,2440126,15794,391,16185,completed,36
33057,Rigid,2423954,2439764,2440006,15810,242,16052,completed,36
33058,Rigid,2423963,2440007,2440637,16044,630,16674,completed,36
33059,Rigid,2423980,2440128,2440376,16148,248,16396,completed,36
33060,Rigid,2423988,2440181,2440349,16193,168,16361,completed,36
33061,Rigid,2423998,2440350,2440592,16352,242,16594,completed,36
33062,Rigid,2424003,2460187,2470747,36184,10560,46744,completed,144
33063,Rigid,2424006,2440377,2440766,16371,389,16760,completed,36
33064,Rigid,2424054,2424054,3000069,0,576015,576015,completed,36
33065,Rigid,2424147,2426464,2426481,2317,17,2334,completed,36
33066,Rigid,2424907,2430829,2430832,5922,3,5925,completed,4
33067,Rigid,2424995,2440638,2527046,15643,86408,102051,completed,36
33068,Rigid,2425106,2440768,2440783,15662,15,15677,completed,36
33069,Rigid,2426628,2426647,2426700,19,53,72,completed,1
33070,Rigid,2426631,2426647,2426659,16,12,28,completed,1
33071,Rigid,2426711,2426739,2426743,28,4,32,completed,1
33072,Rigid,2426729,2426739,2426882,10,143,153,completed,1
33073,Rigid,2426801,2426830,2426835,29,5,34,completed,1
33074,Rigid,2427069,2427074,2427082,5,8,13,completed,1
33075,Rigid,2427177,2427196,2427198,19,2,21,completed,1
33076,Rigid,2427202,2427203,2427267,1,64,65,completed,36
33077,Rigid,2427244,2427257,2427262,13,5,18,completed,1
33078,Rigid,2427645,2427645,2427766,0,121,121,completed,36
33079,Rigid,2427793,2427805,2427810,12,5,17,completed,1
33080,Rigid,2428036,2428037,2428162,1,125,126,completed,36
33081,Rigid,2428057,2428079,2428083,22,4,26,completed,1
33082,Rigid,2428134,2428140,2428144,6,4,10,completed,1
33083,Rigid,2428931,2428932,2429055,1,123,124,completed,36
33084,Rigid,2429898,2429899,2430015,1,116,117,completed,36
33085,Rigid,2429943,2429944,2429956,1,12,13,completed,8
33086,Rigid,2429944,2429946,2429955,2,9,11,completed,1
33087,Rigid,2429944,2429946,2429957,2,11,13,completed,6
33088,Rigid,2429944,2429944,2429957,0,13,13,completed,16
33089,Rigid,2429945,2429946,2430026,1,80,81,completed,1
33090,Rigid,2429945,2429946,2430056,1,110,111,completed,6
33091,Rigid,2429947,2429948,2430186,1,238,239,completed,8
33092,Rigid,2429947,2429948,2430242,1,294,295,completed,1
33093,Rigid,2429947,2429948,2430492,1,544,545,completed,6
33094,Rigid,2429947,2429948,2430395,1,447,448,completed,16
33095,Rigid,2429949,2429952,2430001,3,49,52,completed,1
33096,Rigid,2429949,2429952,2430070,3,118,121,completed,6
33097,Rigid,2429951,2429952,2430128,1,176,177,completed,1
33098,Rigid,2429951,2429952,2430291,1,339,340,completed,6
33099,Rigid,2429951,2429952,2430089,1,137,138,completed,8
33100,Rigid,2429951,2429952,2430202,1,250,251,completed,16
33101,Rigid,2429952,2429954,2429979,2,25,27,completed,1
33102,Rigid,2429953,2429954,2430019,1,65,66,completed,6
33103,Rigid,2429966,2429966,2429974,0,8,8,completed,1
33104,Rigid,2429966,2429966,2430024,0,58,58,completed,1
33105,Rigid,2429966,2429966,2429976,0,10,10,completed,1
33106,Rigid,2429966,2429966,2429976,0,10,10,completed,1
33107,Rigid,2429977,2429978,2430672,1,694,695,completed,6
33108,Rigid,2429977,2429978,2430673,1,695,696,completed,6
33109,Rigid,2429977,2429978,2430733,1,755,756,completed,6
33110,Rigid,2429977,2429978,2430733,1,755,756,completed,6
33111,Rigid,2429977,2429978,2430733,1,755,756,completed,6
33112,Rigid,2429977,2429978,2431114,1,1136,1137,completed,6
33113,Rigid,2429977,2429978,2431114,1,1136,1137,completed,6
33114,Rigid,2429978,2429978,2430647,0,669,669,completed,6
33115,Rigid,2429978,2429978,2430648,0,670,670,completed,6
33116,Rigid,2429978,2429978,2430648,0,670,670,completed,6
33117,Rigid,2429978,2429978,2430648,0,670,670,completed,6
33118,Rigid,2429978,2429978,2430950,0,972,972,completed,6
33119,Rigid,2429978,2429978,2430600,0,622,622,completed,6
33120,Rigid,2429978,2429978,2430600,0,622,622,completed,6
33121,Rigid,2429978,2429978,2430600,0,622,622,completed,6
33122,Rigid,2429978,2429978,2430951,0,973,973,completed,6
33123,Rigid,2429978,2429978,2430950,0,972,972,completed,6
33124,Rigid,2429978,2429978,2430925,0,947,947,completed,6
33125,Rigid,2429978,2429981,2430733,3,752,755,completed,6
33126,Rigid,2429978,2429981,2430925,3,944,947,completed,6
33127,Rigid,2429978,2429981,2430733,3,752,755,completed,6
33128,Rigid,2429978,2429981,2430600,3,619,622,completed,6
33129,Rigid,2429978,2429981,2430600,3,619,622,completed,6
33130,Rigid,2429978,2429981,2430600,3,619,622,completed,6
33131,Rigid,2429978,2429981,2430936,3,955,958,completed,6
33132,Rigid,2429978,2429978,2431114,0,1136,1136,completed,6
33133,Rigid,2429978,2429978,2431114,0,1136,1136,completed,6
33134,Rigid,2429978,2429978,2431087,0,1109,1109,completed,6
33135,Rigid,2429978,2429978,2431087,0,1109,1109,completed,6
33136,Rigid,2429978,2429981,2431062,3,1081,1084,completed,6
33137,Rigid,2429978,2429981,2431195,3,1214,1217,completed,6
33138,Rigid,2429978,2429981,2431488,3,1507,1510,completed,6
33139,Rigid,2429979,2429981,2430600,2,619,621,completed,6
33140,Rigid,2429979,2429981,2430600,2,619,621,completed,6
33141,Rigid,2429979,2429981,2430950,2,969,971,completed,6
33142,Rigid,2429979,2429981,2430600,2,619,621,completed,6
33143,Rigid,2429979,2429981,2430951,2,970,972,completed,6
33144,Rigid,2429979,2429981,2430600,2,619,621,completed,6
33145,Rigid,2429979,2429981,2430648,2,667,669,completed,6
33146,Rigid,2429979,2429981,2430648,2,667,669,completed,6
33147,Rigid,2429979,2429981,2430648,2,667,669,completed,6
33148,Rigid,2429979,2429981,2430600,2,619,621,completed,6
33149,Rigid,2429979,2429981,2430600,2,619,621,completed,6
33150,Rigid,2429979,2429981,2430950,2,969,971,completed,6
33151,Rigid,2429979,2429981,2430600,2,619,621,completed,6
33152,Rigid,2429979,2429981,2430950,2,969,971,completed,6
33153,Rigid,2429979,2429981,2430950,2,969,971,completed,6
33154,Rigid,2429979,2429981,2430733,2,752,754,completed,6
33155,Rigid,2429979,2429981,2430733,2,752,754,completed,6
33156,Rigid,2429979,2429981,2431488,2,1507,1509,completed,6
33157,Rigid,2429979,2429981,2431062,2,1081,1083,completed,6
33158,Rigid,2429979,2429981,2431062,2,1081,1083,completed,6
33159,Rigid,2429979,2429981,2431062,2,1081,1083,completed,6
33160,Rigid,2429979,2429981,2431114,2,1133,1135,completed,6
33161,Rigid,2429980,2429981,2430733,1,752,753,completed,6
33162,Rigid,2429980,2429981,2430733,1,752,753,completed,6
33163,Rigid,2429980,2429981,2430733,1,752,753,completed,6
33164,Rigid,2429980,2430020,2430812,40,792,832,completed,6
33165,Rigid,2429980,2430028,2430809,48,781,829,completed,6
33166,Rigid,2429980,2430028,2430809,48,781,829,completed,6
33167,Rigid,2429980,2430028,2430809,48,781,829,completed,6
33168,Rigid,2429980,2430028,2430809,48,781,829,completed,6
33169,Rigid,2429980,2430084,2430812,104,728,832,completed,6
33170,Rigid,2429980,2430084,2430812,104,728,832,completed,6
33171,Rigid,2429980,2430084,2430812,104,728,832,completed,6
33172,Rigid,2429980,2430091,2431062,111,971,1082,completed,6
33173,Rigid,2429980,2430182,2430812,202,630,832,completed,6
33174,Rigid,2429980,2429981,2431336,1,1355,1356,completed,6
33175,Rigid,2429980,2429981,2432023,1,2042,2043,completed,6
33176,Rigid,2429980,2430028,2431247,48,1219,1267,completed,6
33177,Rigid,2429980,2430028,2431247,48,1219,1267,completed,6
33178,Rigid,2429980,2430057,2431364,77,1307,1384,completed,6
33179,Rigid,2429980,2430071,2431195,91,1124,1215,completed,6
33180,Rigid,2429980,2430084,2431247,104,1163,1267,completed,6
33181,Rigid,2429980,2430084,2431247,104,1163,1267,completed,6
33182,Rigid,2429980,2430084,2431247,104,1163,1267,completed,6
33183,Rigid,2429980,2430091,2431565,111,1474,1585,completed,6
33184,Rigid,2429980,2430182,2431195,202,1013,1215,completed,6
33185,Rigid,2429980,2430182,2431195,202,1013,1215,completed,6
33186,Rigid,2429981,2430182,2430815,201,633,834,completed,6
33187,Rigid,2429981,2430203,2431195,222,992,1214,completed,6
33188,Rigid,2429981,2430203,2431195,222,992,1214,completed,6
33189,Rigid,2429981,2430203,2431195,222,992,1214,completed,6
33190,Rigid,2429981,2430243,2431114,262,871,1133,completed,6
33191,Rigid,2429981,2430292,2431195,311,903,1214,completed,6
33192,Rigid,2429981,2430396,2431364,415,968,1383,completed,6
33193,Rigid,2429981,2430601,2431542,620,941,1561,completed,6
33194,Rigid,2429981,2430601,2431542,620,941,1561,completed,6
33195,Rigid,2429981,2430601,2431542,620,941,1561,completed,6
33196,Rigid,2429981,2430601,2431336,620,735,1355,completed,6
33197,Rigid,2429981,2430601,2431336,620,735,1355,completed,6
33198,Rigid,2429981,2430182,2431195,201,1013,1214,completed,6
33199,Rigid,2429981,2430182,2431195,201,1013,1214,completed,6
33200,Rigid,2429981,2430187,2431364,206,1177,1383,completed,6
33201,Rigid,2429981,2430396,2431755,415,1359,1774,completed,6
33202,Rigid,2429981,2430473,2431634,492,1161,1653,completed,6
33203,Rigid,2429981,2430493,2432459,512,1966,2478,completed,6
33204,Rigid,2429981,2430601,2431703,620,1102,1722,completed,6
33205,Rigid,2429982,2430601,2431336,619,735,1354,completed,6
33206,Rigid,2429982,2430601,2431725,619,1124,1743,completed,6
33207,Rigid,2430095,2430122,2430152,27,30,57,completed,1
33208,Rigid,2430095,2430122,2430168,27,46,73,completed,1
33209,Rigid,2430154,2430601,2431336,447,735,1182,completed,6
33210,Rigid,2430154,2430601,2431351,447,750,1197,completed,6
33211,Rigid,2430154,2430601,2431351,447,750,1197,completed,6
33212,Rigid,2430155,2430601,2431351,446,750,1196,completed,6
33213,Rigid,2430155,2430601,2431351,446,750,1196,completed,6
33214,Rigid,2430155,2430649,2431400,494,751,1245,completed,6
33215,Rigid,2430155,2430649,2431399,494,750,1244,completed,6
33216,Rigid,2430155,2430649,2431961,494,1312,1806,completed,6
33217,Rigid,2430155,2430649,2431962,494,1313,1807,completed,6
33218,Rigid,2430156,2430649,2431542,493,893,1386,completed,6
33219,Rigid,2430156,2430649,2431542,493,893,1386,completed,6
33220,Rigid,2430156,2430649,2431542,493,893,1386,completed,6
33221,Rigid,2430156,2430673,2431565,517,892,1409,completed,6
33222,Rigid,2430175,2430675,2431565,500,890,1390,completed,6
33223,Rigid,2430199,2430734,2431616,535,882,1417,completed,6
33224,Rigid,2430221,2430246,2430471,25,225,250,completed,1
33225,Rigid,2430263,2430734,2431616,471,882,1353,completed,6
33226,Rigid,2430306,2430734,2431399,428,665,1093,completed,6
33227,Rigid,2430418,2430734,2431755,316,1021,1337,completed,6
33228,Rigid,2430478,2430734,2431755,256,1021,1277,completed,6
33229,Rigid,2430498,2430734,2432437,236,1703,1939,completed,6
33230,Rigid,2430533,2729882,2731331,299349,1449,300798,completed,432
33231,Rigid,2430540,2430540,2431167,0,627,627,completed,36
33232,Rigid,2430601,2430734,2431399,133,665,798,completed,6
33233,Rigid,2430601,2430734,2431564,133,830,963,completed,6
33234,Rigid,2430602,2430734,2431565,132,831,963,completed,6
33235,Rigid,2430602,2430734,2431564,132,830,962,completed,6
33236,Rigid,2430602,2430810,2431703,208,893,1101,completed,6
33237,Rigid,2430603,2430810,2431703,207,893,1100,completed,6
33238,Rigid,2430603,2430810,2431703,207,893,1100,completed,6
33239,Rigid,2430603,2430810,2431703,207,893,1100,completed,6
33240,Rigid,2430604,2430813,2430853,209,40,249,completed,1
33241,Rigid,2430604,2430813,2431961,209,1148,1357,completed,6
33242,Rigid,2430604,2430813,2431961,209,1148,1357,completed,6
33243,Rigid,2430604,2430813,2432150,209,1337,1546,completed,6
33244,Rigid,2430605,2430813,2432303,208,1490,1698,completed,6
33245,Rigid,2430666,2430816,2431725,150,909,1059,completed,6
33246,Rigid,2430666,2430884,2432124,218,1240,1458,completed,6
33247,Rigid,2430666,2430926,2431996,260,1070,1330,completed,6
33248,Rigid,2430666,2430926,2431996,260,1070,1330,completed,6
33249,Rigid,2430668,2430951,2431703,283,752,1035,completed,6
33250,Rigid,2430668,2430951,2431703,283,752,1035,completed,6
33251,Rigid,2430668,2430937,2431961,269,1024,1293,completed,6
33252,Rigid,2430687,2430951,2431703,264,752,1016,completed,6
33253,Rigid,2430687,2430952,2431725,265,773,1038,completed,6
33254,Rigid,2430750,2430952,2431725,202,773,975,completed,6
33255,Rigid,2430750,2430952,2431725,202,773,975,completed,6
33256,Rigid,2430750,2430952,2431767,202,815,1017,completed,6
33257,Rigid,2430751,2430952,2432861,201,1909,2110,completed,6
33258,Rigid,2430751,2431063,2432084,312,1021,1333,completed,6
33259,Rigid,2430753,2431063,2432023,310,960,1270,completed,6
33260,Rigid,2430753,2431063,2432023,310,960,1270,completed,6
33261,Rigid,2430753,2431063,2432567,310,1504,1814,completed,6
33262,Rigid,2430754,2431064,2431996,310,932,1242,completed,6
33263,Rigid,2430754,2431088,2432345,334,1257,1591,completed,6
33264,Rigid,2430817,2431088,2432345,271,1257,1528,completed,6
33265,Rigid,2430818,2431115,2432023,297,908,1205,completed,6
33266,Rigid,2430818,2431115,2432023,297,908,1205,completed,6
33267,Rigid,2430818,2431115,2432023,297,908,1205,completed,6
33268,Rigid,2430818,2431116,2433224,298,2108,2406,completed,6
33269,Rigid,2430819,2431196,2432150,377,954,1331,completed,6
33270,Rigid,2430819,2431116,2432359,297,1243,1540,completed,6
33271,Rigid,2430819,2431116,2432359,297,1243,1540,completed,6
33272,Rigid,2430819,2431196,2432474,377,1278,1655,completed,6
33273,Rigid,2430820,2430829,2430883,9,54,63,completed,1
33274,Rigid,2430855,2431196,2432906,341,1710,2051,completed,6
33275,Rigid,2430898,2431196,2431890,298,694,992,completed,6
33276,Rigid,2430944,2431196,2431890,252,694,946,completed,6
33277,Rigid,2430944,2431196,2432353,252,1157,1409,completed,6
33278,Rigid,2430944,2431196,2432437,252,1241,1493,completed,6
33279,Rigid,2430965,2431196,2431890,231,694,925,completed,6
33280,Rigid,2430965,2431248,2432124,283,876,1159,completed,6
33281,Rigid,2430965,2431196,2432413,231,1217,1448,completed,6
33282,Rigid,2430965,2431196,2432413,231,1217,1448,completed,6
33283,Rigid,2430965,2431248,2432445,283,1197,1480,completed,6
33284,Rigid,2430966,2431248,2432124,282,876,1158,completed,6
33285,Rigid,2430966,2431248,2432124,282,876,1158,completed,6
33286,Rigid,2430966,2431248,2432124,282,876,1158,completed,6
33287,Rigid,2431071,2431337,2432413,266,1076,1342,completed,6
33288,Rigid,2431072,2431337,2432413,265,1076,1341,completed,6
33289,Rigid,2431072,2431337,2432413,265,1076,1341,completed,6
33290,Rigid,2431072,2431337,2432413,265,1076,1341,completed,6
33291,Rigid,2431073,2431338,2433186,265,1848,2113,completed,6
33292,Rigid,2431093,2431352,2432037,259,685,944,completed,6
33293,Rigid,2431093,2431353,2432038,260,685,945,completed,6
33294,Rigid,2431116,2431353,2432861,237,1508,1745,completed,6
33295,Rigid,2431135,2431353,2432413,218,1060,1278,completed,6
33296,Rigid,2431137,2431365,2432037,228,672,900,completed,6
33297,Rigid,2431137,2431365,2432458,228,1093,1321,completed,6
33298,Rigid,2431137,2431365,2432458,228,1093,1321,completed,6
33299,Rigid,2431137,2431401,2432437,264,1036,1300,completed,6
33300,Rigid,2431199,2431401,2432435,202,1034,1236,completed,6
33301,Rigid,2431200,2431401,2433005,201,1604,1805,completed,6
33302,Rigid,2431200,2431401,2432889,201,1488,1689,completed,6
33303,Rigid,2431201,2431489,2432302,288,813,1101,completed,6
33304,Rigid,2431201,2431489,2432302,288,813,1101,completed,6
33305,Rigid,2431201,2431544,2432567,343,1023,1366,completed,6
33306,Rigid,2431201,2431544,2433067,343,1523,1866,completed,6
33307,Rigid,2431201,2431544,2433068,343,1524,1867,completed,6
33308,Rigid,2431201,2431544,2432795,343,1251,1594,completed,6
33309,Rigid,2431202,2431544,2432795,342,1251,1593,completed,6
33310,Rigid,2431264,2431544,2432302,280,758,1038,completed,6
33311,Rigid,2431264,2431566,2432435,302,869,1171,completed,6
33312,Rigid,2431265,2431566,2432435,301,869,1170,completed,6
33313,Rigid,2431265,2431566,2432435,301,869,1170,completed,6
33314,Rigid,2431265,2431566,2432448,301,882,1183,completed,6
33315,Rigid,2431347,2431566,2432448,219,882,1101,completed,6
33316,Rigid,2431349,2431566,2432448,217,882,1099,completed,6
33317,Rigid,2431350,2431617,2432514,267,897,1164,completed,6
33318,Rigid,2431350,2431617,2432935,267,1318,1585,completed,6
33319,Rigid,2431350,2431635,2433216,285,1581,1866,completed,6
33320,Rigid,2431369,2431704,2432475,335,771,1106,completed,6
33321,Rigid,2431369,2431704,2432479,335,775,1110,completed,6
33322,Rigid,2431369,2431704,2432795,335,1091,1426,completed,6
33323,Rigid,2431369,2431704,2433114,335,1410,1745,completed,6
33324,Rigid,2431370,2431704,2432069,334,365,699,completed,1
33325,Rigid,2431370,2431704,2432809,334,1105,1439,completed,6
33326,Rigid,2431370,2431704,2432809,334,1105,1439,completed,6
33327,Rigid,2431409,2431704,2432448,295,744,1039,completed,6
33328,Rigid,2431411,2431727,2432506,316,779,1095,completed,6
33329,Rigid,2431411,2431727,2432506,316,779,1095,completed,6
33330,Rigid,2431411,2431727,2432809,316,1082,1398,completed,6
33331,Rigid,2431497,2431727,2432506,230,779,1009,completed,6
33332,Rigid,2431497,2431727,2432506,230,779,1009,completed,6
33333,Rigid,2431561,2431756,2432795,195,1039,1234,completed,6
33334,Rigid,2431561,2431756,2432795,195,1039,1234,completed,6
33335,Rigid,2431561,2431756,2433694,195,1938,2133,completed,6
33336,Rigid,2431562,2431768,2432861,206,1093,1299,completed,6
33337,Rigid,2431562,2431891,2433775,329,1884,2213,completed,6
33338,Rigid,2431562,2431891,2433217,329,1326,1655,completed,6
33339,Rigid,2431580,2431891,2433217,311,1326,1637,completed,6
33340,Rigid,2431580,2431962,2433067,382,1105,1487,completed,6
33341,Rigid,2431580,2431962,2433067,382,1105,1487,completed,6
33342,Rigid,2431582,2431963,2433150,381,1187,1568,completed,6
33343,Rigid,2431582,2431963,2433907,381,1944,2325,completed,6
33344,Rigid,2431582,2431963,2433005,381,1042,1423,completed,6
33345,Rigid,2431624,2431997,2433323,373,1326,1699,completed,6
33346,Rigid,2431624,2431997,2433231,373,1234,1607,completed,6
33347,Rigid,2431646,2431997,2433231,351,1234,1585,completed,6
33348,Rigid,2431707,2432024,2432799,317,775,1092,completed,6
33349,Rigid,2431708,2432024,2432799,316,775,1091,completed,6
33350,Rigid,2431708,2432024,2432799,316,775,1091,completed,6
33351,Rigid,2431708,2432024,2433564,316,1540,1856,completed,6
33352,Rigid,2431708,2432024,2433067,316,1043,1359,completed,6
33353,Rigid,2431708,2432024,2433694,316,1670,1986,completed,6
33354,Rigid,2431709,2432038,2434465,329,2427,2756,completed,6
33355,Rigid,2431710,2432039,2433114,329,1075,1404,completed,6
33356,Rigid,2431728,2432039,2433522,311,1483,1794,completed,6
33357,Rigid,2431728,2432085,2433907,357,1822,2179,completed,6
33358,Rigid,2431729,2432126,2433523,397,1397,1794,completed,6
33359,Rigid,2431729,2432126,2434455,397,2329,2726,completed,6
33360,Rigid,2431731,2432126,2433914,395,1788,2183,completed,6
33361,Rigid,2431770,2432126,2433067,356,941,1297,completed,6
33362,Rigid,2431772,2432126,2433067,354,941,1295,completed,6
33363,Rigid,2431772,2432126,2433067,354,941,1295,completed,6
33364,Rigid,2431772,2432151,2433296,379,1145,1524,completed,6
33365,Rigid,2431895,2432151,2433296,256,1145,1401,completed,6
33366,Rigid,2431896,2432303,2433694,407,1391,1798,completed,6
33367,Rigid,2431897,2432303,2433150,406,847,1253,completed,6
33368,Rigid,2431962,2432304,2433217,342,913,1255,completed,6
33369,Rigid,2431962,2432303,2433694,341,1391,1732,completed,6
33370,Rigid,2431962,2432346,2433398,384,1052,1436,completed,6
33371,Rigid,2431962,2432346,2434344,384,1998,2382,completed,6
33372,Rigid,2431963,2432354,2433775,391,1421,1812,completed,6
33373,Rigid,2432004,2432360,2433323,356,963,1319,completed,6
33374,Rigid,2432004,2432360,2434055,356,1695,2051,completed,6
33375,Rigid,2432005,2432415,2434950,410,2535,2945,completed,6
33376,Rigid,2432024,2432415,2433114,391,699,1090,completed,6
33377,Rigid,2432024,2432415,2433548,391,1133,1524,completed,6
33378,Rigid,2432024,2432415,2433907,391,1492,1883,completed,6
33379,Rigid,2432026,2432415,2433217,389,802,1191,completed,6
33380,Rigid,2432026,2432415,2434950,389,2535,2924,completed,6
33381,Rigid,2432026,2432415,2433932,389,1517,1906,completed,6
33382,Rigid,2432044,2432437,2433296,393,859,1252,completed,6
33383,Rigid,2432044,2432437,2433296,393,859,1252,completed,6
33384,Rigid,2432045,2432056,2432124,11,68,79,completed,1
33385,Rigid,2432084,2432437,2433296,353,859,1212,completed,6
33386,Rigid,2432089,2432437,2433224,348,787,1135,completed,6
33387,Rigid,2432130,2432438,2433775,308,1337,1645,completed,6
33388,Rigid,2432131,2432438,2433224,307,786,1093,completed,6
33389,Rigid,2432131,2432447,2433323,316,876,1192,completed,6
33390,Rigid,2432131,2432439,2433498,308,1059,1367,completed,6
33391,Rigid,2432132,2432449,2433323,317,874,1191,completed,6
33392,Rigid,2432142,2432449,2433323,307,874,1181,completed,6
33393,Rigid,2432153,2432449,2433323,296,874,1170,completed,6
33394,Rigid,2432153,2432449,2433323,296,874,1170,completed,6
33395,Rigid,2432318,2432460,2433548,142,1088,1230,completed,6
33396,Rigid,2432319,2432460,2433548,141,1088,1229,completed,6
33397,Rigid,2432319,2432460,2433549,141,1089,1230,completed,6
33398,Rigid,2432322,2432475,2433296,153,821,974,completed,6
33399,Rigid,2432363,2432476,2433114,113,638,751,completed,6
33400,Rigid,2432364,2432480,2433548,116,1068,1184,completed,6
33401,Rigid,2432365,2432508,2433397,143,889,1032,completed,6
33402,Rigid,2432365,2432508,2433397,143,889,1032,completed,6
33403,Rigid,2432365,2432508,2433397,143,889,1032,completed,6
33404,Rigid,2432427,2432568,2432622,141,54,195,completed,1
33405,Rigid,2432427,2432508,2433397,81,889,970,completed,6
33406,Rigid,2432427,2432515,2433498,88,983,1071,completed,6
33407,Rigid,2432427,2432568,2433947,141,1379,1520,completed,6
33408,Rigid,2432427,2432623,2434465,196,1842,2038,completed,6
33409,Rigid,2432428,2432796,2433907,368,1111,1479,completed,6
33410,Rigid,2432428,2432796,2435900,368,3104,3472,completed,6
33411,Rigid,2432447,2432796,2433775,349,979,1328,completed,6
33412,Rigid,2432447,2432796,2433775,349,979,1328,completed,6
33413,Rigid,2432447,2432796,2435009,349,2213,2562,completed,6
33414,Rigid,2432447,2432800,2434694,353,1894,2247,completed,6
33415,Rigid,2432448,2432800,2433932,352,1132,1484,completed,6
33416,Rigid,2432449,2432800,2433932,351,1132,1483,completed,6
33417,Rigid,2432476,2432811,2432855,335,44,379,completed,6
33418,Rigid,2432867,2432867,2433005,0,138,138,completed,6
33419,Rigid,2432868,2432871,2433005,3,134,137,completed,6
33420,Rigid,2432868,2432871,2433005,3,134,137,completed,6
33421,Rigid,2434859,2439394,2443009,4535,3615,8150,completed,36
33422,Rigid,2435023,2435023,2435056,0,33,33,completed,6
33423,Rigid,2435058,2435059,2435097,1,38,39,completed,6
33424,Rigid,2435058,2435059,2435097,1,38,39,completed,6
33425,Rigid,2435058,2435059,2435097,1,38,39,completed,6
33426,Rigid,2435912,2435914,2435939,2,25,27,completed,6
33427,Rigid,2435950,2435951,2435985,1,34,35,completed,6
33428,Rigid,2435950,2435951,2435985,1,34,35,completed,6
33429,Rigid,2435950,2435951,2435985,1,34,35,completed,6
33430,Rigid,2441079,2441081,2441084,2,3,5,completed,36
33431,Rigid,2441237,2441237,2441241,0,4,4,completed,36
33432,Rigid,2441472,2442774,2442782,1302,8,1310,completed,72
33433,Rigid,2443429,2458097,2480414,14668,22317,36985,completed,72
33434,Rigid,2443431,2458097,2484231,14666,26134,40800,completed,72
33435,Rigid,2443435,2458098,2488089,14663,29991,44654,completed,72
33436,Rigid,2443438,2458282,2488091,14844,29809,44653,completed,72
33437,Rigid,2443441,2458283,2488089,14842,29806,44648,completed,72
33438,Rigid,2443443,2458681,2488084,15238,29403,44641,completed,72
33439,Rigid,2443449,2459339,2485518,15890,26179,42069,completed,144
33440,Rigid,2443454,2459977,2488072,16523,28095,44618,completed,144
33441,Rigid,2443544,2447515,2447524,3971,9,3980,completed,72
33442,Rigid,2443630,2459977,2487666,16347,27689,44036,completed,72
33443,Rigid,2444273,2444353,2459948,80,15595,15675,completed,72
33444,Rigid,2444612,2446802,2446850,2190,48,2238,completed,72
33445,Rigid,2444679,2446802,2446850,2123,48,2171,completed,72
33446,Rigid,2444702,2446802,2446850,2100,48,2148,completed,72
33447,Rigid,2447250,2447454,2447508,204,54,258,completed,72
33448,Rigid,2447538,2447538,2448321,0,783,783,completed,36
33449,Rigid,2447539,2447542,2448216,3,674,677,completed,36
33450,Rigid,2447543,2448217,2448325,674,108,782,completed,36
33451,Rigid,2448137,2452734,2453258,4597,524,5121,completed,36
33452,Rigid,2448275,2448324,2449198,49,874,923,completed,36
33453,Rigid,2448275,2448328,2449208,53,880,933,completed,36
33454,Rigid,2448276,2449199,2450076,923,877,1800,completed,36
33455,Rigid,2448277,2449209,2450094,932,885,1817,completed,36
33456,Rigid,2448277,2450078,2450957,1801,879,2680,completed,36
33457,Rigid,2448278,2450095,2450971,1817,876,2693,completed,36
33458,Rigid,2448279,2450348,2451222,2069,874,2943,completed,36
33459,Rigid,2448279,2450552,2451429,2273,877,3150,completed,36
33460,Rigid,2448280,2450552,2451427,2272,875,3147,completed,36
33461,Rigid,2448281,2450552,2451428,2271,876,3147,completed,36
33462,Rigid,2448281,2450552,2451432,2271,880,3151,completed,36
33463,Rigid,2448282,2450854,2451728,2572,874,3446,completed,36
33464,Rigid,2448283,2450959,2451840,2676,881,3557,completed,36
33465,Rigid,2448283,2450972,2451847,2689,875,3564,completed,36
33466,Rigid,2448284,2451224,2452101,2940,877,3817,completed,36
33467,Rigid,2448284,2451428,2452305,3144,877,4021,completed,36
33468,Rigid,2448285,2451430,2452305,3145,875,4020,completed,36
33469,Rigid,2448286,2451431,2452307,3145,876,4021,completed,36
33470,Rigid,2448286,2451433,2452316,3147,883,4030,completed,36
33471,Rigid,2448287,2451729,2452605,3442,876,4318,completed,36
33472,Rigid,2448288,2451841,2452724,3553,883,4436,completed,36
33473,Rigid,2448288,2451848,2452726,3560,878,4438,completed,36
33474,Rigid,2448289,2451873,2452750,3584,877,4461,completed,36
33475,Rigid,2448290,2451873,2452753,3583,880,4463,completed,36
33476,Rigid,2448290,2451873,2452750,3583,877,4460,completed,36
33477,Rigid,2448291,2451873,2452751,3582,878,4460,completed,36
33478,Rigid,2448292,2452102,2452981,3810,879,4689,completed,36
33479,Rigid,2448293,2452244,2453126,3951,882,4833,completed,36
33480,Rigid,2448293,2452244,2453118,3951,874,4825,completed,36
33481,Rigid,2448294,2452244,2453132,3950,888,4838,completed,36
33482,Rigid,2448295,2452244,2453123,3949,879,4828,completed,36
33483,Rigid,2448296,2452306,2453185,4010,879,4889,completed,36
33484,Rigid,2448296,2452306,2453183,4010,877,4887,completed,36
33485,Rigid,2448297,2452309,2453184,4012,875,4887,completed,36
33486,Rigid,2448298,2452318,2453197,4020,879,4899,completed,36
33487,Rigid,2448299,2452607,2453480,4308,873,5181,completed,36
33488,Rigid,2448547,2485519,2485546,36972,27,36999,completed,36
33489,Rigid,2448547,2488091,2488113,39544,22,39566,completed,36
33490,Rigid,2448547,2488091,2488113,39544,22,39566,completed,36
33491,Rigid,2448547,2488095,2488113,39548,18,39566,completed,36
33492,Rigid,2448547,2488095,2488112,39548,17,39565,completed,36
33493,Rigid,2448547,2488098,2488113,39551,15,39566,completed,36
33494,Rigid,2448547,2488098,2488113,39551,15,39566,completed,36
33495,Rigid,2448547,2488114,2488129,39567,15,39582,completed,36
33496,Rigid,2449145,2453277,2453322,4132,45,4177,completed,72
33497,Rigid,2451400,2451400,2451402,0,2,2,completed,1
33498,Rigid,2451410,2451410,2453115,0,1705,1705,completed,1
33499,Rigid,2451410,2451410,2453220,0,1810,1810,completed,1
33500,Rigid,2451871,2488114,2535455,36243,47341,83584,completed,144
33501,Rigid,2452237,2452237,2452291,0,54,54,completed,36
33502,Rigid,2452242,2488133,2535645,35891,47512,83403,completed,144
33503,Rigid,2452323,2452323,2452379,0,56,56,completed,36
33504,Rigid,2452651,2452652,2452704,1,52,53,completed,36
33505,Rigid,2452866,2452866,2452963,0,97,97,completed,36
33506,Rigid,2453028,2491262,2539396,38234,48134,86368,completed,144
33507,Rigid,2453259,2453259,2453264,0,5,5,completed,1
33508,Rigid,2453259,2453259,2453264,0,5,5,completed,1
33509,Rigid,2453259,2453259,2453271,0,12,12,completed,1
33510,Rigid,2453259,2453259,2453269,0,10,10,completed,1
33511,Rigid,2453259,2453259,2453274,0,15,15,completed,1
33512,Rigid,2453826,2491480,2539690,37654,48210,85864,completed,144
33513,Rigid,2454557,2493748,2542191,39191,48443,87634,completed,144
33514,Rigid,2454984,2498178,2546717,43194,48539,91733,completed,144
33515,Rigid,2455551,2498642,2548041,43091,49399,92490,completed,144
33516,Rigid,2455599,2507274,2555845,51675,48571,100246,completed,144
33517,Rigid,2456451,2456490,2457462,39,972,1011,completed,36
33518,Rigid,2456452,2457455,2457909,1003,454,1457,completed,36
33519,Rigid,2456457,2457455,2464214,998,6759,7757,completed,36
33520,Rigid,2457454,2507279,2561038,49825,53759,103584,completed,144
33521,Rigid,2457752,2507284,2556832,49532,49548,99080,completed,144
33522,Rigid,2457758,2507289,2558426,49531,51137,100668,completed,144
33523,Rigid,2458281,2508490,2578070,50209,69580,119789,completed,144
33524,Rigid,2458680,2508569,2577377,49889,68808,118697,completed,144
33525,Rigid,2459975,2514943,2568737,54968,53794,108762,completed,144
33526,Rigid,2459998,2523345,2592413,63347,69068,132415,completed,144
33527,Rigid,2461471,2523345,2593204,61874,69859,131733,completed,144
33528,Rigid,2461765,2523345,2592355,61580,69010,130590,completed,144
33529,Rigid,2462483,2523345,2592939,60862,69594,130456,completed,144
33530,Rigid,2462496,2462497,2462502,1,5,6,completed,1
33531,Rigid,2462517,2462517,2462518,0,1,1,completed,1
33532,Rigid,2462517,2462519,2462527,2,8,10,completed,1
33533,Rigid,2462517,2462519,2462527,2,8,10,completed,1
33534,Rigid,2462517,2462519,2462520,2,1,3,completed,1
33535,Rigid,2462517,2462519,2462527,2,8,10,completed,1
33536,Rigid,2464618,2523345,2593194,58727,69849,128576,completed,144
33537,Rigid,2464808,2523345,2592484,58537,69139,127676,completed,144
33538,Rigid,2474945,2474946,2474999,1,53,54,completed,72
33539,Rigid,2476064,2476065,2476118,1,53,54,completed,72
33540,Rigid,2477628,2477628,2477645,0,17,17,completed,36
33541,Rigid,2478790,2478790,2493357,0,14567,14567,completed,72
33542,Rigid,2479943,2545643,2547899,65700,2256,67956,completed,144
33543,Rigid,2479953,2547282,2557543,67329,10261,77590,completed,144
33544,Rigid,2479953,2547931,2558379,67978,10448,78426,completed,144
33545,Rigid,2479953,2548363,2558551,68410,10188,78598,completed,144
33546,Rigid,2479953,2551878,2562021,71925,10143,82068,completed,144
33547,Rigid,2479953,2556842,2567363,76889,10521,87410,completed,144
33548,Rigid,2479953,2557550,2568235,77597,10685,88282,completed,144
33549,Rigid,2479953,2558385,2568467,78432,10082,88514,completed,144
33550,Rigid,2479953,2558570,2568735,78617,10165,88782,completed,144
33551,Rigid,2479953,2558724,2569060,78771,10336,89107,completed,144
33552,Rigid,2479953,2566007,2576102,86054,10095,96149,completed,144
33553,Rigid,2479954,2566007,2576775,86053,10768,96821,completed,144
33554,Rigid,2479954,2680966,2691214,201012,10248,211260,completed,144
33555,Rigid,2479954,2685570,2695787,205616,10217,215833,completed,144
33556,Rigid,2479954,2686084,2696531,206130,10447,216577,completed,144
33557,Rigid,2479954,2744403,2754553,264449,10150,274599,completed,144
33558,Rigid,2479954,2750752,2761155,270798,10403,281201,completed,144
33559,Rigid,2479954,2750752,2760849,270798,10097,280895,completed,144
33560,Rigid,2479954,2750752,2760845,270798,10093,280891,completed,144
33561,Rigid,2479954,2752476,2763204,272522,10728,283250,completed,144
33562,Rigid,2479954,2758252,2768757,278298,10505,288803,completed,144
33563,Rigid,2479954,2850131,2860325,370177,10194,380371,completed,144
33564,Rigid,2479954,2852880,2863040,372926,10160,383086,completed,144
33565,Rigid,2479954,2852850,2863085,372896,10235,383131,completed,144
33566,Rigid,2479954,2853544,2863730,373590,10186,383776,completed,144
33567,Rigid,2479954,2854178,2864789,374224,10611,384835,completed,144
33568,Rigid,2479954,2860524,2871021,380570,10497,391067,completed,144
33569,Rigid,2479954,2860584,2870683,380630,10099,390729,completed,144
33570,Rigid,2479954,2860675,2870847,380721,10172,390893,completed,144
33571,Rigid,2479954,2862427,2872690,382473,10263,392736,completed,144
33572,Rigid,2479954,2863060,2873194,383106,10134,393240,completed,144
33573,Rigid,2479954,2863091,2873558,383137,10467,393604,completed,144
33574,Rigid,2481574,2481574,2482781,0,1207,1207,completed,36
33575,Rigid,2482804,2484233,2490184,1429,5951,7380,completed,36
33576,Rigid,2482827,2484233,2490317,1406,6084,7490,completed,36
33577,Rigid,2483114,2743799,2868167,260685,124368,385053,completed,36
33578,Rigid,2483114,2743799,2873256,260685,129457,390142,completed,36
33579,Rigid,2483114,2744402,2846980,261288,102578,363866,completed,36
33580,Rigid,2483149,2744402,2792432,261253,48030,309283,completed,36
33581,Rigid,2483149,2744402,2814559,261253,70157,331410,completed,36
33582,Rigid,2483149,2744402,2850761,261253,106359,367612,completed,36
33583,Rigid,2483195,2507613,2607309,24418,99696,124114,completed,36
33584,Rigid,2483195,2516043,2688869,32848,172826,205674,completed,36
33585,Rigid,2483195,2523346,2594951,40151,71605,111756,completed,36
33586,Rigid,2484703,2484704,2484712,1,8,9,completed,1
33587,Rigid,2484767,2484768,2486018,1,1250,1251,completed,18
33588,Rigid,2484768,2484768,2486010,0,1242,1242,completed,18
33589,Rigid,2485543,2485547,2488036,4,2489,2493,completed,36
33590,Rigid,2485582,2487673,2491261,2091,3588,5679,completed,36
33591,Rigid,2485612,2487673,2490949,2061,3276,5337,completed,36
33592,Rigid,2485642,2488038,2490209,2396,2171,4567,completed,36
33593,Rigid,2485674,2488080,2488551,2406,471,2877,completed,36
33594,Rigid,2485701,2488080,2491159,2379,3079,5458,completed,36
33595,Rigid,2485735,2488080,2491479,2345,3399,5744,completed,36
33596,Rigid,2485760,2488080,2488652,2320,572,2892,completed,36
33597,Rigid,2485922,2569086,2569180,83164,94,83258,completed,1152
33598,Rigid,2486197,2486200,2486202,3,2,5,completed,1
33599,Rigid,2486197,2486200,2486206,3,6,9,completed,1
33600,Rigid,2486197,2486200,2486202,3,2,5,completed,1
33601,Rigid,2486197,2486200,2486208,3,8,11,completed,1
33602,Rigid,2486197,2486200,2486208,3,8,11,completed,1
33603,Rigid,2486261,2486262,2486264,1,2,3,completed,1
33604,Rigid,2486261,2486262,2486278,1,16,17,completed,2
33605,Rigid,2486262,2486262,2486264,0,2,2,completed,1
33606,Rigid,2486262,2486262,2486264,0,2,2,completed,1
33607,Rigid,2486262,2486262,2486278,0,16,16,completed,2
33608,Rigid,2486262,2486262,2486278,0,16,16,completed,2
33609,Rigid,2486262,2486262,2486278,0,16,16,completed,2
33610,Rigid,2486262,2486262,2486278,0,16,16,completed,2
33611,Rigid,2486262,2486265,2486279,3,14,17,completed,2
33612,Rigid,2486263,2486265,2486267,2,2,4,completed,1
33613,Rigid,2486263,2486265,2486267,2,2,4,completed,1
33614,Rigid,2486263,2486265,2486267,2,2,4,completed,1
33615,Rigid,2486263,2486265,2486267,2,2,4,completed,1
33616,Rigid,2486263,2486265,2486278,2,13,15,completed,2
33617,Rigid,2486263,2486265,2486307,2,42,44,completed,1
33618,Rigid,2486263,2486265,2487701,2,1436,1438,completed,2
33619,Rigid,2486264,2486265,2486267,1,2,3,completed,1
33620,Rigid,2486264,2486265,2486267,1,2,3,completed,1
33621,Rigid,2486264,2486265,2486307,1,42,43,completed,1
33622,Rigid,2486264,2486265,2487745,1,1480,1481,completed,2
33623,Rigid,2486265,2486265,2486267,0,2,2,completed,1
33624,Rigid,2486265,2486265,2486267,0,2,2,completed,1
33625,Rigid,2486265,2486265,2486267,0,2,2,completed,1
33626,Rigid,2486265,2486265,2486267,0,2,2,completed,1
33627,Rigid,2486265,2486266,2486278,1,12,13,completed,2
33628,Rigid,2486265,2486265,2487697,0,1432,1432,completed,2
33629,Rigid,2486266,2486266,2486267,0,1,1,completed,1
33630,Rigid,2486266,2486266,2486267,0,1,1,completed,1
33631,Rigid,2486266,2486268,2486269,2,1,3,completed,1
33632,Rigid,2486266,2486266,2486302,0,36,36,completed,1
33633,Rigid,2486267,2486268,2486269,1,1,2,completed,1
33634,Rigid,2486267,2486268,2486269,1,1,2,completed,1
33635,Rigid,2486267,2486268,2486269,1,1,2,completed,1
33636,Rigid,2486267,2486268,2486309,1,41,42,completed,1
33637,Rigid,2486267,2486268,2486330,1,62,63,completed,2
33638,Rigid,2486267,2486268,2488134,1,1866,1867,completed,2
33639,Rigid,2486267,2486268,2493234,1,6966,6967,completed,1
33640,Rigid,2486268,2486268,2486269,0,1,1,completed,1
33641,Rigid,2486268,2486268,2486269,0,1,1,completed,1
33642,Rigid,2486268,2486268,2486350,0,82,82,completed,2
33643,Rigid,2486268,2486268,2486330,0,62,62,completed,2
33644,Rigid,2486268,2486268,2486279,0,11,11,completed,2
33645,Rigid,2486268,2486268,2486330,0,62,62,completed,2
33646,Rigid,2486269,2486270,2486278,1,8,9,completed,2
33647,Rigid,2486269,2486270,2486272,1,2,3,completed,1
33648,Rigid,2486269,2486270,2486271,1,1,2,completed,1
33649,Rigid,2486269,2486270,2486272,1,2,3,completed,1
33650,Rigid,2486269,2486270,2486271,1,1,2,completed,1
33651,Rigid,2486269,2486270,2486271,1,1,2,completed,1
33652,Rigid,2486269,2486270,2486330,1,60,61,completed,2
33653,Rigid,2486270,2486270,2486272,0,2,2,completed,1
33654,Rigid,2486270,2486270,2486272,0,2,2,completed,1
33655,Rigid,2486270,2486270,2486271,0,1,1,completed,1
33656,Rigid,2486270,2486273,2488113,3,1840,1843,completed,2
33657,Rigid,2486271,2486273,2486274,2,1,3,completed,1
33658,Rigid,2486271,2486273,2486274,2,1,3,completed,1
33659,Rigid,2486271,2486273,2486274,2,1,3,completed,1
33660,Rigid,2486271,2486273,2486274,2,1,3,completed,1
33661,Rigid,2486271,2486273,2487837,2,1564,1566,completed,2
33662,Rigid,2486272,2486273,2486274,1,1,2,completed,1
33663,Rigid,2486272,2486273,2486274,1,1,2,completed,1
33664,Rigid,2486272,2486273,2486274,1,1,2,completed,1
33665,Rigid,2486272,2486273,2486274,1,1,2,completed,1
33666,Rigid,2486272,2486273,2486279,1,6,7,completed,2
33667,Rigid,2486272,2486273,2486279,1,6,7,completed,2
33668,Rigid,2486272,2486273,2486330,1,57,58,completed,2
33669,Rigid,2486272,2486273,2493573,1,7300,7301,completed,1
33670,Rigid,2486273,2486273,2486279,0,6,6,completed,2
33671,Rigid,2486273,2486273,2486279,0,6,6,completed,2
33672,Rigid,2486273,2486273,2486279,0,6,6,completed,2
33673,Rigid,2486273,2486274,2486278,1,4,5,completed,2
33674,Rigid,2486273,2486274,2486275,1,1,2,completed,1
33675,Rigid,2486273,2486274,2486279,1,5,6,completed,2
33676,Rigid,2486273,2486274,2486280,1,6,7,completed,2
33677,Rigid,2486273,2486274,2486330,1,56,57,completed,2
33678,Rigid,2486273,2486274,2486330,1,56,57,completed,2
33679,Rigid,2486274,2486274,2486275,0,1,1,completed,1
33680,Rigid,2486274,2486274,2486276,0,2,2,completed,1
33681,Rigid,2486274,2486274,2486280,0,6,6,completed,2
33682,Rigid,2486274,2486274,2486276,0,2,2,completed,1
33683,Rigid,2486274,2486275,2486280,1,5,6,completed,2
33684,Rigid,2486274,2486275,2486279,1,4,5,completed,2
33685,Rigid,2486274,2486275,2486280,1,5,6,completed,2
33686,Rigid,2486274,2486275,2486279,1,4,5,completed,2
33687,Rigid,2486274,2486274,2486330,0,56,56,completed,2
33688,Rigid,2486275,2486275,2486276,0,1,1,completed,1
33689,Rigid,2486275,2486276,2486283,1,7,8,completed,2
33690,Rigid,2486275,2486276,2486278,1,2,3,completed,1
33691,Rigid,2486275,2486276,2486283,1,7,8,completed,2
33692,Rigid,2486275,2486275,2486330,0,55,55,completed,2
33693,Rigid,2486275,2486276,2486330,1,54,55,completed,2
33694,Rigid,2486275,2486276,2486330,1,54,55,completed,2
33695,Rigid,2486276,2486276,2486282,0,6,6,completed,2
33696,Rigid,2486276,2486276,2486278,0,2,2,completed,1
33697,Rigid,2486276,2486276,2486278,0,2,2,completed,1
33698,Rigid,2486276,2486276,2486282,0,6,6,completed,2
33699,Rigid,2486276,2486276,2486282,0,6,6,completed,2
33700,Rigid,2486276,2486276,2486284,0,8,8,completed,2
33701,Rigid,2486276,2486277,2486278,1,1,2,completed,1
33702,Rigid,2486276,2486276,2486330,0,54,54,completed,2
33703,Rigid,2486276,2486277,2486330,1,53,54,completed,2
33704,Rigid,2486277,2486278,2486279,1,1,2,completed,1
33705,Rigid,2486277,2486278,2486279,1,1,2,completed,1
33706,Rigid,2486277,2486277,2486330,0,53,53,completed,2
33707,Rigid,2486277,2486278,2486330,1,52,53,completed,2
33708,Rigid,2486278,2486278,2486284,0,6,6,completed,2
33709,Rigid,2486278,2486278,2486284,0,6,6,completed,2
33710,Rigid,2486278,2486278,2486284,0,6,6,completed,2
33711,Rigid,2486681,2486682,2486683,1,1,2,completed,1
33712,Rigid,2486681,2486682,2486683,1,1,2,completed,1
33713,Rigid,2486681,2486682,2486683,1,1,2,completed,1
33714,Rigid,2486681,2486682,2486683,1,1,2,completed,1
33715,Rigid,2486681,2486682,2486683,1,1,2,completed,1
33716,Rigid,2486681,2486682,2486683,1,1,2,completed,1
33717,Rigid,2486681,2486682,2486683,1,1,2,completed,1
33718,Rigid,2486681,2486682,2486683,1,1,2,completed,1
33719,Rigid,2486681,2486682,2486683,1,1,2,completed,1
33720,Rigid,2486840,2488090,2488132,1250,42,1292,completed,72
33721,Rigid,2487098,2487099,2487403,1,304,305,completed,18
33722,Rigid,2487374,2535646,2565994,48272,30348,78620,completed,288
33723,Rigid,2487503,2539397,2569544,51894,30147,82041,completed,288
33724,Rigid,2487603,2487603,2487619,0,16,16,completed,1
33725,Rigid,2487603,2487603,2487625,0,22,22,completed,1
33726,Rigid,2487603,2487603,2487616,0,13,13,completed,1
33727,Rigid,2487603,2487603,2487630,0,27,27,completed,1
33728,Rigid,2487603,2487603,2487615,0,12,12,completed,1
33729,Rigid,2487603,2487603,2487616,0,13,13,completed,1
33730,Rigid,2487603,2487603,2487617,0,14,14,completed,1
33731,Rigid,2487603,2487603,2487617,0,14,14,completed,1
33732,Rigid,2487603,2487603,2487617,0,14,14,completed,1
33733,Rigid,2487698,2487700,2487719,2,19,21,completed,1
33734,Rigid,2487786,2487787,2487936,1,149,150,completed,18
33735,Rigid,2487996,2487997,2488007,1,10,11,completed,1
33736,Rigid,2487997,2487998,2488000,1,2,3,completed,1
33737,Rigid,2487997,2487998,2488000,1,2,3,completed,1
33738,Rigid,2487997,2487998,2488008,1,10,11,completed,1
33739,Rigid,2488082,2488083,2488086,1,3,4,completed,1
33740,Rigid,2488082,2488083,2488085,1,2,3,completed,1
33741,Rigid,2488082,2488083,2488103,1,20,21,completed,1
33742,Rigid,2488082,2488083,2488098,1,15,16,completed,2
33743,Rigid,2488082,2488083,2488100,1,17,18,completed,2
33744,Rigid,2488082,2488083,2488100,1,17,18,completed,2
33745,Rigid,2488082,2488083,2488249,1,166,167,completed,2
33746,Rigid,2488082,2488083,2488425,1,342,343,completed,2
33747,Rigid,2488083,2488087,2488088,4,1,5,completed,1
33748,Rigid,2488083,2488087,2488088,4,1,5,completed,1
33749,Rigid,2488083,2488087,2488088,4,1,5,completed,1
33750,Rigid,2488083,2488087,2488088,4,1,5,completed,1
33751,Rigid,2488083,2488087,2488097,4,10,14,completed,2
33752,Rigid,2488083,2488087,2488543,4,456,460,completed,2
33753,Rigid,2488083,2488087,2488519,4,432,436,completed,2
33754,Rigid,2488083,2488087,2488542,4,455,459,completed,2
33755,Rigid,2488084,2488087,2488091,3,4,7,completed,1
33756,Rigid,2488084,2488087,2488096,3,9,12,completed,2
33757,Rigid,2488084,2488087,2488088,3,1,4,completed,1
33758,Rigid,2488084,2488087,2488088,3,1,4,completed,1
33759,Rigid,2488084,2488087,2488098,3,11,14,completed,2
33760,Rigid,2488084,2488087,2488099,3,12,15,completed,1
33761,Rigid,2488084,2488087,2488099,3,12,15,completed,2
33762,Rigid,2488084,2488087,2488097,3,10,13,completed,2
33763,Rigid,2488084,2488087,2488103,3,16,19,completed,1
33764,Rigid,2488084,2488087,2488104,3,17,20,completed,1
33765,Rigid,2488085,2488087,2488096,2,9,11,completed,2
33766,Rigid,2488085,2488087,2488088,2,1,3,completed,1
33767,Rigid,2488085,2488087,2488095,2,8,10,completed,1
33768,Rigid,2488085,2488087,2488096,2,9,11,completed,2
33769,Rigid,2488085,2488087,2488099,2,12,14,completed,2
33770,Rigid,2488085,2488087,2488415,2,328,330,completed,2
33771,Rigid,2488086,2488087,2488088,1,1,2,completed,1
33772,Rigid,2488086,2488087,2488095,1,8,9,completed,2
33773,Rigid,2488086,2488087,2488088,1,1,2,completed,1
33774,Rigid,2488086,2488087,2488096,1,9,10,completed,2
33775,Rigid,2488086,2488087,2488096,1,9,10,completed,2
33776,Rigid,2488086,2488087,2488088,1,1,2,completed,1
33777,Rigid,2488087,2488089,2488091,2,2,4,completed,1
33778,Rigid,2488087,2488089,2488091,2,2,4,completed,1
33779,Rigid,2488087,2488087,2488099,0,12,12,completed,1
33780,Rigid,2488087,2488089,2488308,2,219,221,completed,2
33781,Rigid,2488371,2488653,2489467,282,814,1096,completed,72
33782,Rigid,2488625,2488626,2488637,1,11,12,completed,1
33783,Rigid,2488629,2569182,2570972,80553,1790,82343,completed,1080
33784,Rigid,2488724,2489339,2489910,615,571,1186,completed,36
33785,Rigid,2488724,2489339,2507886,615,18547,19162,completed,36
33786,Rigid,2488725,2489339,2489906,614,567,1181,completed,36
33787,Rigid,2488725,2489339,2489906,614,567,1181,completed,36
33788,Rigid,2488726,2489358,2489925,632,567,1199,completed,36
33789,Rigid,2488726,2489358,2489924,632,566,1198,completed,36
33790,Rigid,2488804,2489358,2489369,554,11,565,completed,1
33791,Rigid,2488861,2489370,2507239,509,17869,18378,completed,72
33792,Rigid,2488865,2489481,2507246,616,17765,18381,completed,72
33793,Rigid,2488868,2489911,2507251,1043,17340,18383,completed,72
33794,Rigid,2488871,2489926,2507256,1055,17330,18385,completed,72
33795,Rigid,2488874,2490107,2507266,1233,17159,18392,completed,144
33796,Rigid,2488949,2490318,2507271,1369,16953,18322,completed,144
33797,Rigid,2488954,2490730,2507276,1776,16546,18322,completed,144
33798,Rigid,2488957,2490730,2507282,1773,16552,18325,completed,144
33799,Rigid,2489176,2490730,2493741,1554,3011,4565,completed,72
33800,Rigid,2489222,2489223,2489572,1,349,350,completed,36
33801,Rigid,2489463,2489474,2496684,11,7210,7221,completed,36
33802,Rigid,2489612,2489907,2662723,295,172816,173111,completed,36
33803,Rigid,2490793,2490793,2494400,0,3607,3607,completed,72
33804,Rigid,2491898,2493255,2493544,1357,289,1646,completed,36
33805,Rigid,2492056,2492056,2492478,0,422,422,completed,6
33806,Rigid,2492056,2492056,2492250,0,194,194,completed,1
33807,Rigid,2492056,2492056,2492205,0,149,149,completed,8
33808,Rigid,2492056,2492056,2492650,0,594,594,completed,16
33809,Rigid,2492057,2492060,2492106,3,46,49,completed,1
33810,Rigid,2492057,2492060,2492195,3,135,138,completed,6
33811,Rigid,2492215,2492215,2492224,0,9,9,completed,1
33812,Rigid,2492215,2492215,2492302,0,87,87,completed,1
33813,Rigid,2492225,2492227,2492945,2,718,720,completed,6
33814,Rigid,2492225,2492227,2492945,2,718,720,completed,6
33815,Rigid,2492225,2492227,2492945,2,718,720,completed,6
33816,Rigid,2492225,2492227,2493624,2,1397,1399,completed,6
33817,Rigid,2492226,2492227,2492945,1,718,719,completed,6
33818,Rigid,2492226,2492227,2492945,1,718,719,completed,6
33819,Rigid,2492226,2492227,2492945,1,718,719,completed,6
33820,Rigid,2492226,2492227,2492945,1,718,719,completed,6
33821,Rigid,2492226,2492227,2492945,1,718,719,completed,6
33822,Rigid,2492226,2492227,2492945,1,718,719,completed,6
33823,Rigid,2492226,2492227,2492945,1,718,719,completed,6
33824,Rigid,2492226,2492227,2492945,1,718,719,completed,6
33825,Rigid,2492226,2492227,2492945,1,718,719,completed,6
33826,Rigid,2492226,2492227,2492945,1,718,719,completed,6
33827,Rigid,2492226,2492227,2492945,1,718,719,completed,6
33828,Rigid,2492226,2492227,2492945,1,718,719,completed,6
33829,Rigid,2492226,2492227,2492945,1,718,719,completed,6
33830,Rigid,2492226,2492227,2492945,1,718,719,completed,6
33831,Rigid,2492226,2492227,2492945,1,718,719,completed,6
33832,Rigid,2492226,2492227,2492945,1,718,719,completed,6
33833,Rigid,2492226,2492227,2492945,1,718,719,completed,6
33834,Rigid,2492226,2492227,2492945,1,718,719,completed,6
33835,Rigid,2492226,2492227,2492945,1,718,719,completed,6
33836,Rigid,2492226,2492227,2492945,1,718,719,completed,6
33837,Rigid,2492226,2492227,2492945,1,718,719,completed,6
33838,Rigid,2492226,2492227,2492945,1,718,719,completed,6
33839,Rigid,2492226,2492227,2492945,1,718,719,completed,6
33840,Rigid,2492226,2492227,2492945,1,718,719,completed,6
33841,Rigid,2492226,2492227,2492945,1,718,719,completed,6
33842,Rigid,2492226,2492227,2492945,1,718,719,completed,6
33843,Rigid,2492226,2492227,2492945,1,718,719,completed,6
33844,Rigid,2492226,2492227,2492945,1,718,719,completed,6
33845,Rigid,2492226,2492227,2492945,1,718,719,completed,6
33846,Rigid,2492227,2492227,2492945,0,718,718,completed,6
33847,Rigid,2492227,2492227,2492945,0,718,718,completed,6
33848,Rigid,2492227,2492227,2492945,0,718,718,completed,6
33849,Rigid,2492227,2492227,2492945,0,718,718,completed,6
33850,Rigid,2492227,2492227,2492945,0,718,718,completed,6
33851,Rigid,2492227,2492227,2492945,0,718,718,completed,6
33852,Rigid,2492227,2492227,2492945,0,718,718,completed,6
33853,Rigid,2492227,2492227,2492945,0,718,718,completed,6
33854,Rigid,2492227,2492227,2492945,0,718,718,completed,6
33855,Rigid,2492227,2492227,2492945,0,718,718,completed,6
33856,Rigid,2492227,2492227,2492945,0,718,718,completed,6
33857,Rigid,2492227,2492227,2492945,0,718,718,completed,6
33858,Rigid,2492227,2492227,2492945,0,718,718,completed,6
33859,Rigid,2492227,2492227,2492945,0,718,718,completed,6
33860,Rigid,2492227,2492227,2492945,0,718,718,completed,6
33861,Rigid,2492227,2492227,2492945,0,718,718,completed,6
33862,Rigid,2492227,2492227,2492945,0,718,718,completed,6
33863,Rigid,2492227,2492229,2492945,2,716,718,completed,6
33864,Rigid,2492227,2492229,2492945,2,716,718,completed,6
33865,Rigid,2492227,2492229,2492945,2,716,718,completed,6
33866,Rigid,2492227,2492229,2492945,2,716,718,completed,6
33867,Rigid,2492227,2492229,2492945,2,716,718,completed,6
33868,Rigid,2492227,2492229,2492945,2,716,718,completed,6
33869,Rigid,2492228,2492229,2492945,1,716,717,completed,6
33870,Rigid,2492228,2492229,2492945,1,716,717,completed,6
33871,Rigid,2492228,2492229,2492945,1,716,717,completed,6
33872,Rigid,2492228,2492229,2492945,1,716,717,completed,6
33873,Rigid,2492228,2492229,2492945,1,716,717,completed,6
33874,Rigid,2492228,2492229,2492945,1,716,717,completed,6
33875,Rigid,2492228,2492229,2492945,1,716,717,completed,6
33876,Rigid,2492228,2492229,2492945,1,716,717,completed,6
33877,Rigid,2492228,2492229,2492945,1,716,717,completed,6
33878,Rigid,2492228,2492229,2492945,1,716,717,completed,6
33879,Rigid,2492228,2492229,2492945,1,716,717,completed,6
33880,Rigid,2492228,2492415,2493254,187,839,1026,completed,6
33881,Rigid,2492228,2492415,2493254,187,839,1026,completed,6
33882,Rigid,2492228,2492415,2493254,187,839,1026,completed,6
33883,Rigid,2492228,2492415,2493254,187,839,1026,completed,6
33884,Rigid,2492228,2492415,2493254,187,839,1026,completed,6
33885,Rigid,2492228,2492415,2493254,187,839,1026,completed,6
33886,Rigid,2492228,2492652,2493624,424,972,1396,completed,6
33887,Rigid,2492228,2492652,2493624,424,972,1396,completed,6
33888,Rigid,2492228,2492947,2493624,719,677,1396,completed,6
33889,Rigid,2492228,2492947,2493624,719,677,1396,completed,6
33890,Rigid,2492228,2492947,2493624,719,677,1396,completed,6
33891,Rigid,2492228,2492947,2493624,719,677,1396,completed,6
33892,Rigid,2492228,2492947,2493624,719,677,1396,completed,6
33893,Rigid,2492228,2492947,2493624,719,677,1396,completed,6
33894,Rigid,2492228,2492947,2493624,719,677,1396,completed,6
33895,Rigid,2492228,2492947,2493624,719,677,1396,completed,6
33896,Rigid,2492228,2492303,2493624,75,1321,1396,completed,6
33897,Rigid,2492228,2492479,2493624,251,1145,1396,completed,6
33898,Rigid,2492229,2492947,2493624,718,677,1395,completed,6
33899,Rigid,2492229,2492947,2493624,718,677,1395,completed,6
33900,Rigid,2492229,2492947,2493624,718,677,1395,completed,6
33901,Rigid,2492229,2492947,2493624,718,677,1395,completed,6
33902,Rigid,2492229,2492947,2493624,718,677,1395,completed,6
33903,Rigid,2492229,2492947,2493624,718,677,1395,completed,6
33904,Rigid,2492229,2492947,2493624,718,677,1395,completed,6
33905,Rigid,2492229,2492947,2493624,718,677,1395,completed,6
33906,Rigid,2492229,2492947,2493624,718,677,1395,completed,6
33907,Rigid,2492229,2492947,2493624,718,677,1395,completed,6
33908,Rigid,2492229,2492947,2493624,718,677,1395,completed,6
33909,Rigid,2492229,2492947,2493624,718,677,1395,completed,6
33910,Rigid,2492229,2492947,2493624,718,677,1395,completed,6
33911,Rigid,2492229,2492947,2493624,718,677,1395,completed,6
33912,Rigid,2492229,2492947,2493624,718,677,1395,completed,6
33913,Rigid,2492510,2524481,2578887,31971,54406,86377,completed,36
33914,Rigid,2492546,2524481,2581640,31935,57159,89094,completed,36
33915,Rigid,2492656,2492667,2492692,11,25,36,completed,1
33916,Rigid,2492656,2492667,2492985,11,318,329,completed,1
33917,Rigid,2492713,2527267,2628009,34554,100742,135296,completed,36
33918,Rigid,2492766,2527761,2628788,34995,101027,136022,completed,36
33919,Rigid,2493559,2493560,2493599,1,39,40,completed,72
33920,Rigid,2493631,2493631,2493660,0,29,29,completed,6
33921,Rigid,2493667,2493667,2493702,0,35,35,completed,6
33922,Rigid,2493667,2493671,2493702,4,31,35,completed,6
33923,Rigid,2493667,2493671,2493702,4,31,35,completed,6
33924,Rigid,2493722,2493723,2493727,1,4,5,completed,1
33925,Rigid,2493734,2493734,2494984,0,1250,1250,completed,18
33926,Rigid,2493734,2493734,2494971,0,1237,1237,completed,18
33927,Rigid,2493791,2494407,2494425,616,18,634,completed,72
33928,Rigid,2493881,2493882,2493977,1,95,96,completed,36
33929,Rigid,2493967,2493979,2493987,12,8,20,completed,36
33930,Rigid,2494010,2494010,2494064,0,54,54,completed,36
33931,Rigid,2494016,2494066,2494075,50,9,59,completed,1
33932,Rigid,2494102,2494103,2494107,1,4,5,completed,36
33933,Rigid,2494161,2494165,2494172,4,7,11,completed,1
33934,Rigid,2494486,2569098,2684958,74612,115860,190472,completed,144
33935,Rigid,2494559,2494559,2494566,0,7,7,completed,1
33936,Rigid,2494610,2494611,2494621,1,10,11,completed,1
33937,Rigid,2494647,2494648,2498634,1,3986,3987,completed,72
33938,Rigid,2494701,2497306,2538858,2605,41552,44157,completed,144
33939,Rigid,2494742,2494743,2494756,1,13,14,completed,2
33940,Rigid,2495079,2495082,2495085,3,3,6,completed,36
33941,Rigid,2495147,2570974,2581803,75827,10829,86656,completed,36
33942,Rigid,2495147,2570974,2580913,75827,9939,85766,completed,36
33943,Rigid,2495153,2495154,2495161,1,7,8,completed,36
33944,Rigid,2495363,2496636,2496697,1273,61,1334,completed,72
33945,Rigid,2495448,2569545,2742354,74097,172809,246906,completed,144
33946,Rigid,2495450,2497306,2508415,1856,11109,12965,completed,72
33947,Rigid,2495752,2496583,2496635,831,52,883,completed,72
33948,Rigid,2495834,2495834,2497069,0,1235,1235,completed,18
33949,Rigid,2495834,2495834,2497060,0,1226,1226,completed,18
33950,Rigid,2495994,2495995,2496009,1,14,15,completed,2
33951,Rigid,2496349,2496350,2496756,1,406,407,completed,2
33952,Rigid,2496705,2496706,2496709,1,3,4,completed,72
33953,Rigid,2496832,2496832,2496836,0,4,4,completed,72
33954,Rigid,2496956,2496956,2496960,0,4,4,completed,72
33955,Rigid,2497012,2497012,2497016,0,4,4,completed,72
33956,Rigid,2497096,2497096,2497099,0,3,3,completed,72
33957,Rigid,2497141,2497142,2497146,1,4,5,completed,72
33958,Rigid,2497178,2497182,2497185,4,3,7,completed,72
33959,Rigid,2497225,2497226,2497248,1,22,23,completed,72
33960,Rigid,2497287,2548054,2580145,50767,32091,82858,completed,216
33961,Rigid,2497298,2497302,2497311,4,9,13,completed,1
33962,Rigid,2497324,2497325,2497328,1,3,4,completed,72
33963,Rigid,2497363,2497363,2497367,0,4,4,completed,1
33964,Rigid,2497363,2497363,2497366,0,3,3,completed,1
33965,Rigid,2497363,2497367,2497392,4,25,29,completed,1
33966,Rigid,2497363,2497367,2497385,4,18,22,completed,1
33967,Rigid,2497363,2497367,2497387,4,20,24,completed,1
33968,Rigid,2497363,2497367,2497392,4,25,29,completed,1
33969,Rigid,2497363,2497363,2497612,0,249,249,completed,2
33970,Rigid,2497363,2497367,2497410,4,43,47,completed,72
33971,Rigid,2497363,2497363,2498590,0,1227,1227,completed,2
33972,Rigid,2497364,2497367,2497397,3,30,33,completed,1
33973,Rigid,2497364,2497367,2497381,3,14,17,completed,1
33974,Rigid,2497365,2497367,2497403,2,36,38,completed,1
33975,Rigid,2497365,2497367,2497407,2,40,42,completed,1
33976,Rigid,2497365,2497367,2497385,2,18,20,completed,1
33977,Rigid,2497365,2497367,2497596,2,229,231,completed,2
33978,Rigid,2497365,2497367,2497869,2,502,504,completed,2
33979,Rigid,2497365,2497367,2499456,2,2089,2091,completed,1
33980,Rigid,2497365,2497367,2498457,2,1090,1092,completed,2
33981,Rigid,2497366,2497367,2497375,1,8,9,completed,1
33982,Rigid,2497366,2497367,2497396,1,29,30,completed,1
33983,Rigid,2497366,2497367,2497389,1,22,23,completed,1
33984,Rigid,2497366,2497367,2498354,1,987,988,completed,1
33985,Rigid,2497366,2497367,2497585,1,218,219,completed,2
33986,Rigid,2497367,2497367,2497390,0,23,23,completed,1
33987,Rigid,2497367,2497367,2497387,0,20,20,completed,1
33988,Rigid,2497367,2497367,2497394,0,27,27,completed,1
33989,Rigid,2497367,2497368,2497401,1,33,34,completed,1
33990,Rigid,2497367,2497368,2497385,1,17,18,completed,1
33991,Rigid,2497367,2497368,2497847,1,479,480,completed,2
33992,Rigid,2497368,2497368,2497372,0,4,4,completed,1
33993,Rigid,2497368,2497368,2498469,0,1101,1101,completed,2
33994,Rigid,2497369,2497371,2497377,2,6,8,completed,1
33995,Rigid,2497369,2497371,2497375,2,4,6,completed,1
33996,Rigid,2497369,2497371,2497395,2,24,26,completed,1
33997,Rigid,2497369,2497371,2497394,2,23,25,completed,1
33998,Rigid,2497369,2497371,2497593,2,222,224,completed,2
33999,Rigid,2497369,2497371,2497643,2,272,274,completed,2
34000,Rigid,2497369,2497371,2497627,2,256,258,completed,2
34001,Rigid,2497369,2497371,2497593,2,222,224,completed,2
34002,Rigid,2497369,2497371,2498454,2,1083,1085,completed,1
34003,Rigid,2497370,2497371,2497395,1,24,25,completed,1
34004,Rigid,2497370,2497371,2497391,1,20,21,completed,1
34005,Rigid,2497370,2497371,2497395,1,24,25,completed,1
34006,Rigid,2497370,2497371,2498566,1,1195,1196,completed,1
34007,Rigid,2497370,2497371,2498518,1,1147,1148,completed,2
34008,Rigid,2497371,2497371,2497393,0,22,22,completed,1
34009,Rigid,2497371,2497373,2497385,2,12,14,completed,1
34010,Rigid,2497372,2497373,2497381,1,8,9,completed,1
34011,Rigid,2497372,2497373,2497389,1,16,17,completed,1
34012,Rigid,2497372,2497373,2497390,1,17,18,completed,1
34013,Rigid,2497372,2497373,2497383,1,10,11,completed,1
34014,Rigid,2497372,2497373,2497393,1,20,21,completed,1
34015,Rigid,2497372,2497373,2498465,1,1092,1093,completed,2
34016,Rigid,2497373,2497375,2497380,2,5,7,completed,1
34017,Rigid,2497373,2497373,2497638,0,265,265,completed,2
34018,Rigid,2497373,2497375,2498338,2,963,965,completed,1
34019,Rigid,2497374,2497375,2497379,1,4,5,completed,1
34020,Rigid,2497374,2497375,2497399,1,24,25,completed,1
34021,Rigid,2497374,2497375,2497396,1,21,22,completed,1
34022,Rigid,2497374,2497375,2497393,1,18,19,completed,1
34023,Rigid,2497374,2497375,2497404,1,29,30,completed,1
34024,Rigid,2497374,2497375,2497592,1,217,218,completed,2
34025,Rigid,2497375,2497375,2497587,0,212,212,completed,2
34026,Rigid,2497375,2497375,2497919,0,544,544,completed,1
34027,Rigid,2497375,2497376,2497513,1,137,138,completed,2
34028,Rigid,2497375,2497376,2498075,1,699,700,completed,1
34029,Rigid,2497375,2497376,2497534,1,158,159,completed,2
34030,Rigid,2497375,2497376,2497505,1,129,130,completed,2
34031,Rigid,2497375,2497375,2498454,0,1079,1079,completed,2
34032,Rigid,2497375,2497375,2498428,0,1053,1053,completed,2
34033,Rigid,2497376,2497376,2497582,0,206,206,completed,2
34034,Rigid,2497376,2497376,2497536,0,160,160,completed,2
34035,Rigid,2497376,2497376,2497537,0,161,161,completed,2
34036,Rigid,2497376,2497376,2498305,0,929,929,completed,1
34037,Rigid,2497376,2497376,2497503,0,127,127,completed,2
34038,Rigid,2497376,2497376,2498507,0,1131,1131,completed,2
34039,Rigid,2497377,2497378,2497505,1,127,128,completed,2
34040,Rigid,2497377,2497378,2497511,1,133,134,completed,2
34041,Rigid,2497377,2497378,2497568,1,190,191,completed,2
34042,Rigid,2497377,2497378,2497536,1,158,159,completed,2
34043,Rigid,2497377,2497378,2497497,1,119,120,completed,2
34044,Rigid,2497377,2497378,2497506,1,128,129,completed,2
34045,Rigid,2497377,2497378,2498433,1,1055,1056,completed,2
34046,Rigid,2497377,2497378,2498389,1,1011,1012,completed,2
34047,Rigid,2497378,2497378,2497575,0,197,197,completed,2
34048,Rigid,2497378,2497379,2497976,1,597,598,completed,1
34049,Rigid,2497379,2497379,2497525,0,146,146,completed,2
34050,Rigid,2497379,2497379,2497569,0,190,190,completed,2
34051,Rigid,2497379,2497379,2497997,0,618,618,completed,1
34052,Rigid,2497379,2497380,2497501,1,121,122,completed,2
34053,Rigid,2497379,2497380,2497525,1,145,146,completed,2
34054,Rigid,2497379,2497380,2498170,1,790,791,completed,1
34055,Rigid,2497379,2497380,2498480,1,1100,1101,completed,2
34056,Rigid,2497380,2497380,2498272,0,892,892,completed,1
34057,Rigid,2497380,2497380,2497513,0,133,133,completed,2
34058,Rigid,2497380,2497381,2497515,1,134,135,completed,2
34059,Rigid,2497380,2497381,2497878,1,497,498,completed,1
34060,Rigid,2497380,2497380,2498499,0,1119,1119,completed,2
34061,Rigid,2497380,2497381,2498463,1,1082,1083,completed,2
34062,Rigid,2497380,2497381,2498498,1,1117,1118,completed,2
34063,Rigid,2497381,2497381,2498065,0,684,684,completed,1
34064,Rigid,2497381,2497381,2497976,0,595,595,completed,1
34065,Rigid,2497381,2497381,2497935,0,554,554,completed,1
34066,Rigid,2497381,2497381,2498495,0,1114,1114,completed,2
34067,Rigid,2497381,2497381,2498452,0,1071,1071,completed,2
34068,Rigid,2497388,2497388,2497490,0,102,102,completed,2
34069,Rigid,2497389,2497390,2497488,1,98,99,completed,2
34070,Rigid,2497389,2497390,2498432,1,1042,1043,completed,2
34071,Rigid,2497392,2497392,2497786,0,394,394,completed,1
34072,Rigid,2497392,2497392,2497497,0,105,105,completed,2
34073,Rigid,2497392,2497393,2497851,1,458,459,completed,1
34074,Rigid,2497393,2497394,2498451,1,1057,1058,completed,2
34075,Rigid,2497394,2497395,2497493,1,98,99,completed,2
34076,Rigid,2497394,2497394,2497827,0,433,433,completed,1
34077,Rigid,2497394,2497394,2497494,0,100,100,completed,2
34078,Rigid,2497394,2497394,2497498,0,104,104,completed,2
34079,Rigid,2497394,2497395,2498431,1,1036,1037,completed,2
34080,Rigid,2497395,2497395,2497480,0,85,85,completed,2
34081,Rigid,2497395,2497395,2497480,0,85,85,completed,2
34082,Rigid,2497396,2497396,2497719,0,323,323,completed,1
34083,Rigid,2497396,2497396,2498446,0,1050,1050,completed,2
34084,Rigid,2497463,2570974,2743794,73511,172820,246331,completed,144
34085,Rigid,2497729,2497729,2497745,0,16,16,completed,2
34086,Rigid,2498241,2498295,2503548,54,5253,5307,completed,72
34087,Rigid,2498429,2498430,2498633,1,203,204,completed,1
34088,Rigid,2498593,2508774,2513677,10181,4903,15084,completed,72
34089,Rigid,2501144,2501145,2501605,1,460,461,completed,2
34090,Rigid,2501468,2501469,2501481,1,12,13,completed,8
34091,Rigid,2501468,2501469,2501480,1,11,12,completed,1
34092,Rigid,2501468,2501469,2501482,1,13,14,completed,6
34093,Rigid,2501468,2501469,2501483,1,14,15,completed,16
34094,Rigid,2501469,2501473,2501522,4,49,53,completed,1
34095,Rigid,2501469,2501473,2501579,4,106,110,completed,6
34096,Rigid,2501471,2501473,2501885,2,412,414,completed,6
34097,Rigid,2501471,2501473,2501730,2,257,259,completed,1
34098,Rigid,2501471,2501473,2501699,2,226,228,completed,8
34099,Rigid,2501471,2501473,2502074,2,601,603,completed,16
34100,Rigid,2501472,2501473,2501710,1,237,238,completed,8
34101,Rigid,2501472,2501473,2501735,1,262,263,completed,1
34102,Rigid,2501472,2501473,2501992,1,519,520,completed,6
34103,Rigid,2501472,2501473,2501903,1,430,431,completed,16
34104,Rigid,2501473,2501477,2501538,4,61,65,completed,1
34105,Rigid,2501473,2501477,2501582,4,105,109,completed,6
34106,Rigid,2501475,2501477,2501565,2,88,90,completed,1
34107,Rigid,2501475,2501477,2501610,2,133,135,completed,6
34108,Rigid,2501476,2501477,2501720,1,243,244,completed,1
34109,Rigid,2501476,2501477,2501810,1,333,334,completed,6
34110,Rigid,2501476,2501477,2501630,1,153,154,completed,8
34111,Rigid,2501476,2501477,2501748,1,271,272,completed,16
34112,Rigid,2501477,2501481,2501533,4,52,56,completed,1
34113,Rigid,2501477,2501481,2501550,4,69,73,completed,6
34114,Rigid,2501493,2501493,2501565,0,72,72,completed,1
34115,Rigid,2501493,2501493,2501533,0,40,40,completed,1
34116,Rigid,2501493,2501493,2501523,0,30,30,completed,1
34117,Rigid,2501493,2501497,2501522,4,25,29,completed,1
34118,Rigid,2501542,2501543,2502268,1,725,726,completed,6
34119,Rigid,2501542,2501543,2502268,1,725,726,completed,6
34120,Rigid,2501542,2501543,2502268,1,725,726,completed,6
34121,Rigid,2501542,2501543,2502650,1,1107,1108,completed,6
34122,Rigid,2501542,2501543,2502652,1,1109,1110,completed,6
34123,Rigid,2501543,2501547,2502447,4,900,904,completed,6
34124,Rigid,2501543,2501547,2502447,4,900,904,completed,6
34125,Rigid,2501544,2501547,2502252,3,705,708,completed,6
34126,Rigid,2501544,2501547,2502252,3,705,708,completed,6
34127,Rigid,2501544,2501547,2502252,3,705,708,completed,6
34128,Rigid,2501544,2501547,2502261,3,714,717,completed,6
34129,Rigid,2501544,2501547,2502261,3,714,717,completed,6
34130,Rigid,2501544,2501547,2502675,3,1128,1131,completed,6
34131,Rigid,2501544,2501547,2502577,3,1030,1033,completed,6
34132,Rigid,2501544,2501547,2502576,3,1029,1032,completed,6
34133,Rigid,2501544,2501547,2502579,3,1032,1035,completed,6
34134,Rigid,2501544,2501547,2502650,3,1103,1106,completed,6
34135,Rigid,2501545,2501547,2502261,2,714,716,completed,6
34136,Rigid,2501545,2501547,2502261,2,714,716,completed,6
34137,Rigid,2501545,2501547,2502272,2,725,727,completed,6
34138,Rigid,2501545,2501547,2502272,2,725,727,completed,6
34139,Rigid,2501545,2501547,2502269,2,722,724,completed,6
34140,Rigid,2501545,2501547,2502270,2,723,725,completed,6
34141,Rigid,2501545,2501547,2502269,2,722,724,completed,6
34142,Rigid,2501545,2501547,2502269,2,722,724,completed,6
34143,Rigid,2501545,2501547,2502650,2,1103,1105,completed,6
34144,Rigid,2501545,2501547,2502733,2,1186,1188,completed,6
34145,Rigid,2501545,2501547,2502576,2,1029,1031,completed,6
34146,Rigid,2501545,2501547,2502576,2,1029,1031,completed,6
34147,Rigid,2501545,2501547,2502732,2,1185,1187,completed,6
34148,Rigid,2501545,2501547,2503022,2,1475,1477,completed,6
34149,Rigid,2501546,2501547,2502252,1,705,706,completed,6
34150,Rigid,2501546,2501547,2502252,1,705,706,completed,6
34151,Rigid,2501546,2501547,2502631,1,1084,1085,completed,6
34152,Rigid,2501546,2501547,2503129,1,1582,1583,completed,6
34153,Rigid,2501546,2501547,2502628,1,1081,1082,completed,6
34154,Rigid,2501547,2501547,2502252,0,705,705,completed,6
34155,Rigid,2501547,2501551,2502436,4,885,889,completed,6
34156,Rigid,2501547,2501551,2502437,4,886,890,completed,6
34157,Rigid,2501547,2501551,2502436,4,885,889,completed,6
34158,Rigid,2501547,2501551,2502436,4,885,889,completed,6
34159,Rigid,2501547,2501551,2502252,4,701,705,completed,6
34160,Rigid,2501547,2501551,2502628,4,1077,1081,completed,6
34161,Rigid,2501547,2501551,2502895,4,1344,1348,completed,6
34162,Rigid,2501547,2501551,2502723,4,1172,1176,completed,6
34163,Rigid,2501547,2501551,2502811,4,1260,1264,completed,6
34164,Rigid,2501547,2501551,2502577,4,1026,1030,completed,6
34165,Rigid,2501548,2501551,2502252,3,701,704,completed,6
34166,Rigid,2501548,2501551,2502576,3,1025,1028,completed,6
34167,Rigid,2501548,2501551,2502576,3,1025,1028,completed,6
34168,Rigid,2501548,2501551,2503022,3,1471,1474,completed,6
34169,Rigid,2501548,2501580,2502833,32,1253,1285,completed,6
34170,Rigid,2501548,2501583,2503047,35,1464,1499,completed,6
34171,Rigid,2501549,2501611,2502580,62,969,1031,completed,6
34172,Rigid,2501549,2501632,2502675,83,1043,1126,completed,6
34173,Rigid,2501549,2501632,2502675,83,1043,1126,completed,6
34174,Rigid,2501549,2501700,2502833,151,1133,1284,completed,6
34175,Rigid,2501549,2501712,2503145,163,1433,1596,completed,6
34176,Rigid,2501549,2501712,2503644,163,1932,2095,completed,6
34177,Rigid,2501550,2501731,2502652,181,921,1102,completed,6
34178,Rigid,2501550,2501750,2502580,200,830,1030,completed,6
34179,Rigid,2501550,2501750,2502580,200,830,1030,completed,6
34180,Rigid,2501550,2501750,2502580,200,830,1030,completed,6
34181,Rigid,2501550,2501811,2503047,261,1236,1497,completed,6
34182,Rigid,2501550,2501886,2503284,336,1398,1734,completed,6
34183,Rigid,2501550,2501904,2503267,354,1363,1717,completed,6
34184,Rigid,2501551,2501904,2502811,353,907,1260,completed,6
34185,Rigid,2501551,2502075,2502833,524,758,1282,completed,6
34186,Rigid,2501551,2502075,2502833,524,758,1282,completed,6
34187,Rigid,2501551,2502253,2503153,702,900,1602,completed,6
34188,Rigid,2501551,2501987,2503644,436,1657,2093,completed,6
34189,Rigid,2501551,2501994,2503267,443,1273,1716,completed,6
34190,Rigid,2501551,2502075,2503284,524,1209,1733,completed,6
34191,Rigid,2501551,2502253,2503870,702,1617,2319,completed,6
34192,Rigid,2501551,2502253,2503545,702,1292,1994,completed,6
34193,Rigid,2501552,2502253,2503129,701,876,1577,completed,6
34194,Rigid,2501552,2502253,2503022,701,769,1470,completed,6
34195,Rigid,2501552,2502253,2503022,701,769,1470,completed,6
34196,Rigid,2501552,2502263,2503255,711,992,1703,completed,6
34197,Rigid,2501552,2502263,2503255,711,992,1703,completed,6
34198,Rigid,2501552,2502263,2502895,711,632,1343,completed,6
34199,Rigid,2501552,2502263,2503255,711,992,1703,completed,6
34200,Rigid,2501552,2502253,2503545,701,1292,1993,completed,6
34201,Rigid,2501552,2502253,2503372,701,1119,1820,completed,6
34202,Rigid,2501552,2502270,2503404,718,1134,1852,completed,6
34203,Rigid,2501552,2502270,2503404,718,1134,1852,completed,6
34204,Rigid,2501553,2502270,2502896,717,626,1343,completed,6
34205,Rigid,2501553,2502272,2503022,719,750,1469,completed,6
34206,Rigid,2501553,2502272,2503022,719,750,1469,completed,6
34207,Rigid,2501553,2502272,2503022,719,750,1469,completed,6
34208,Rigid,2501553,2502438,2503267,885,829,1714,completed,6
34209,Rigid,2501553,2502438,2503267,885,829,1714,completed,6
34210,Rigid,2501553,2502438,2503267,885,829,1714,completed,6
34211,Rigid,2501553,2502272,2503545,719,1273,1992,completed,6
34212,Rigid,2501553,2502274,2504594,721,2320,3041,completed,6
34213,Rigid,2501553,2502274,2503375,721,1101,1822,completed,6
34214,Rigid,2501553,2502438,2503776,885,1338,2223,completed,6
34215,Rigid,2501553,2502448,2503563,895,1115,2010,completed,6
34216,Rigid,2501553,2502448,2503563,895,1115,2010,completed,6
34217,Rigid,2501553,2502577,2504594,1024,2017,3041,completed,6
34218,Rigid,2501614,2501619,2501667,5,48,53,completed,2
34219,Rigid,2501641,2501650,2501676,9,26,35,completed,1
34220,Rigid,2501644,2501650,2501710,6,60,66,completed,1
34221,Rigid,2501681,2502577,2503373,896,796,1692,completed,6
34222,Rigid,2501681,2502577,2503373,896,796,1692,completed,6
34223,Rigid,2501681,2502578,2503372,897,794,1691,completed,6
34224,Rigid,2501681,2502578,2503372,897,794,1691,completed,6
34225,Rigid,2501681,2502577,2503703,896,1126,2022,completed,6
34226,Rigid,2501682,2502579,2503373,897,794,1691,completed,6
34227,Rigid,2501682,2502581,2503455,899,874,1773,completed,6
34228,Rigid,2501682,2502580,2503886,898,1306,2204,completed,6
34229,Rigid,2501701,2502581,2504026,880,1445,2325,completed,6
34230,Rigid,2501719,2502581,2503456,862,875,1737,completed,6
34231,Rigid,2501720,2506550,2506559,4830,9,4839,completed,1
34232,Rigid,2501722,2502581,2503456,859,875,1734,completed,6
34233,Rigid,2501723,2502629,2503545,906,916,1822,completed,6
34234,Rigid,2501744,2502629,2503545,885,916,1801,completed,6
34235,Rigid,2501744,2502632,2503923,888,1291,2179,completed,6
34236,Rigid,2501756,2507219,2507498,5463,279,5742,completed,36
34237,Rigid,2501766,2501772,2501985,6,213,219,completed,1
34238,Rigid,2501829,2502651,2503562,822,911,1733,completed,6
34239,Rigid,2501894,2501924,2501941,30,17,47,completed,1
34240,Rigid,2501913,2502651,2503726,738,1075,1813,completed,6
34241,Rigid,2501960,2502651,2503730,691,1079,1770,completed,6
34242,Rigid,2501993,2502654,2503565,661,911,1572,completed,6
34243,Rigid,2501997,2502654,2503565,657,911,1568,completed,6
34244,Rigid,2502082,2502676,2504101,594,1425,2019,completed,6
34245,Rigid,2502208,2507253,2507998,5045,745,5790,completed,144
34246,Rigid,2502253,2502676,2503592,423,916,1339,completed,6
34247,Rigid,2502253,2502676,2503592,423,916,1339,completed,6
34248,Rigid,2502254,2502724,2503776,470,1052,1522,completed,6
34249,Rigid,2502254,2502734,2503981,480,1247,1727,completed,6
34250,Rigid,2502255,2502734,2503981,479,1247,1726,completed,6
34251,Rigid,2502271,2502812,2504130,541,1318,1859,completed,6
34252,Rigid,2502272,2502834,2503776,562,942,1504,completed,6
34253,Rigid,2502272,2502812,2503870,540,1058,1598,completed,6
34254,Rigid,2502273,2502834,2503776,561,942,1503,completed,6
34255,Rigid,2502273,2502834,2503776,561,942,1503,completed,6
34256,Rigid,2502273,2502834,2503776,561,942,1503,completed,6
34257,Rigid,2502273,2502897,2504227,624,1330,1954,completed,6
34258,Rigid,2502274,2502897,2504306,623,1409,2032,completed,6
34259,Rigid,2502274,2502897,2504580,623,1683,2306,completed,6
34260,Rigid,2502274,2503023,2504130,749,1107,1856,completed,6
34261,Rigid,2502274,2503023,2504130,749,1107,1856,completed,6
34262,Rigid,2502275,2503023,2503923,748,900,1648,completed,6
34263,Rigid,2502275,2503023,2504580,748,1557,2305,completed,6
34264,Rigid,2502275,2503023,2505046,748,2023,2771,completed,6
34265,Rigid,2502275,2503023,2504130,748,1107,1855,completed,6
34266,Rigid,2502275,2503023,2504131,748,1108,1856,completed,6
34267,Rigid,2502444,2503048,2504353,604,1305,1909,completed,6
34268,Rigid,2502444,2503048,2504353,604,1305,1909,completed,6
34269,Rigid,2502445,2503131,2504349,686,1218,1904,completed,6
34270,Rigid,2502445,2503131,2504349,686,1218,1904,completed,6
34271,Rigid,2502463,2503146,2504130,683,984,1667,completed,6
34272,Rigid,2502464,2503154,2504258,690,1104,1794,completed,6
34273,Rigid,2502590,2503256,2504227,666,971,1637,completed,6
34274,Rigid,2502591,2503256,2504227,665,971,1636,completed,6
34275,Rigid,2502591,2503256,2504227,665,971,1636,completed,6
34276,Rigid,2502591,2503268,2503375,677,107,784,completed,1
34277,Rigid,2502591,2503268,2504131,677,863,1540,completed,6
34278,Rigid,2502591,2503268,2504131,677,863,1540,completed,6
34279,Rigid,2502592,2503268,2504130,676,862,1538,completed,6
34280,Rigid,2502593,2503285,2504261,692,976,1668,completed,6
34281,Rigid,2502593,2503285,2504262,692,977,1669,completed,6
34282,Rigid,2502593,2503268,2504494,675,1226,1901,completed,6
34283,Rigid,2502594,2503296,2503323,702,27,729,completed,1
34284,Rigid,2502594,2503374,2504594,780,1220,2000,completed,6
34285,Rigid,2502634,2503374,2504307,740,933,1673,completed,6
34286,Rigid,2502635,2503374,2504307,739,933,1672,completed,6
34287,Rigid,2502635,2503374,2504784,739,1410,2149,completed,6
34288,Rigid,2502655,2503374,2504258,719,884,1603,completed,6
34289,Rigid,2502656,2503374,2504258,718,884,1602,completed,6
34290,Rigid,2502656,2503376,2505138,720,1762,2482,completed,6
34291,Rigid,2502656,2503405,2504580,749,1175,1924,completed,6
34292,Rigid,2502657,2503405,2504580,748,1175,1923,completed,6
34293,Rigid,2502676,2503456,2504594,780,1138,1918,completed,6
34294,Rigid,2502678,2503457,2504594,779,1137,1916,completed,6
34295,Rigid,2502678,2503457,2504596,779,1139,1918,completed,6
34296,Rigid,2502740,2503547,2504541,807,994,1801,completed,6
34297,Rigid,2502740,2503547,2506198,807,2651,3458,completed,6
34298,Rigid,2502741,2503547,2504541,806,994,1800,completed,6
34299,Rigid,2502825,2503547,2505016,722,1469,2191,completed,6
34300,Rigid,2502825,2503547,2505046,722,1499,2221,completed,6
34301,Rigid,2502847,2503549,2504494,702,945,1647,completed,6
34302,Rigid,2502847,2503549,2504700,702,1151,1853,completed,6
34303,Rigid,2502848,2503549,2504494,701,945,1646,completed,6
34304,Rigid,2502848,2503549,2504700,701,1151,1852,completed,6
34305,Rigid,2502909,2503549,2504494,640,945,1585,completed,6
34306,Rigid,2502909,2503549,2504494,640,945,1585,completed,6
34307,Rigid,2502911,2503549,2504541,638,992,1630,completed,6
34308,Rigid,2503035,2503549,2504432,514,883,1397,completed,6
34309,Rigid,2503035,2503549,2504432,514,883,1397,completed,6
34310,Rigid,2503035,2503549,2504541,514,992,1506,completed,6
34311,Rigid,2503036,2503549,2504541,513,992,1505,completed,6
34312,Rigid,2503037,2503296,2503648,259,352,611,completed,1
34313,Rigid,2503037,2503549,2505430,512,1881,2393,completed,6
34314,Rigid,2503038,2503564,2504580,526,1016,1542,completed,6
34315,Rigid,2503059,2503564,2504580,505,1016,1521,completed,6
34316,Rigid,2503059,2503564,2504580,505,1016,1521,completed,6
34317,Rigid,2503143,2503566,2504580,423,1014,1437,completed,6
34318,Rigid,2503144,2503566,2504580,422,1014,1436,completed,6
34319,Rigid,2503164,2503594,2505055,430,1461,1891,completed,6
34320,Rigid,2503165,2503594,2504580,429,986,1415,completed,6
34321,Rigid,2503268,2503645,2504613,377,968,1345,completed,6
34322,Rigid,2503269,2503645,2504614,376,969,1345,completed,6
34323,Rigid,2503269,2503649,2505471,380,1822,2202,completed,6
34324,Rigid,2503269,2503704,2505139,435,1435,1870,completed,6
34325,Rigid,2503269,2503728,2504757,459,1029,1488,completed,6
34326,Rigid,2503270,2503731,2504757,461,1026,1487,completed,6
34327,Rigid,2503270,2503777,2504787,507,1010,1517,completed,6
34328,Rigid,2503270,2503777,2504786,507,1009,1516,completed,6
34329,Rigid,2503287,2506550,2506552,3263,2,3265,completed,1
34330,Rigid,2503291,2503777,2504734,486,957,1443,completed,6
34331,Rigid,2503292,2503777,2504733,485,956,1441,completed,6
34332,Rigid,2503328,2503777,2504901,449,1124,1573,completed,6
34333,Rigid,2503347,2570974,2616085,67627,45111,112738,completed,144
34334,Rigid,2503347,2570974,2616655,67627,45681,113308,completed,144
34335,Rigid,2503347,2570974,2616608,67627,45634,113261,completed,144
34336,Rigid,2503347,2570974,2616915,67627,45941,113568,completed,144
34337,Rigid,2503347,2570974,2616919,67627,45945,113572,completed,144
34338,Rigid,2503347,2573505,2619779,70158,46274,116432,completed,144
34339,Rigid,2503347,2575875,2622261,72528,46386,118914,completed,144
34340,Rigid,2503347,2576777,2623113,73430,46336,119766,completed,144
34341,Rigid,2503348,2577378,2623670,74030,46292,120322,completed,144
34342,Rigid,2503348,2578071,2624566,74723,46495,121218,completed,144
34343,Rigid,2503348,2591159,2638128,87811,46969,134780,completed,144
34344,Rigid,2503374,2503777,2504733,403,956,1359,completed,6
34345,Rigid,2503374,2503871,2504784,497,913,1410,completed,6
34346,Rigid,2503374,2503871,2505164,497,1293,1790,completed,6
34347,Rigid,2503375,2503887,2505056,512,1169,1681,completed,6
34348,Rigid,2503375,2503924,2504956,549,1032,1581,completed,6
34349,Rigid,2503375,2503924,2504956,549,1032,1581,completed,6
34350,Rigid,2503391,2503983,2505329,592,1346,1938,completed,6
34351,Rigid,2503396,2503983,2505329,587,1346,1933,completed,6
34352,Rigid,2503419,2504027,2505541,608,1514,2122,completed,6
34353,Rigid,2503428,2504102,2505780,674,1678,2352,completed,6
34354,Rigid,2503459,2504131,2505055,672,924,1596,completed,6
34355,Rigid,2503459,2504131,2505320,672,1189,1861,completed,6
34356,Rigid,2503459,2504131,2505137,672,1006,1678,completed,6
34357,Rigid,2503475,2897238,3048694,393763,151456,545219,completed,756
34358,Rigid,2503481,3078972,3177875,575491,98903,674394,completed,756
34359,Rigid,2503546,2504131,2505055,585,924,1509,completed,6
34360,Rigid,2503546,2504131,2505057,585,926,1511,completed,6
34361,Rigid,2503565,2503572,2503584,7,12,19,completed,1
34362,Rigid,2503565,2504132,2505046,567,914,1481,completed,6
34363,Rigid,2503565,2504132,2505443,567,1311,1878,completed,6
34364,Rigid,2503566,2504132,2505230,566,1098,1664,completed,6
34365,Rigid,2503566,2504132,2505231,566,1099,1665,completed,6
34366,Rigid,2503566,2504228,2505320,662,1092,1754,completed,6
34367,Rigid,2503586,2504228,2505165,642,937,1579,completed,6
34368,Rigid,2503586,2504228,2505320,642,1092,1734,completed,6
34369,Rigid,2503601,2504228,2505651,627,1423,2050,completed,6
34370,Rigid,2503607,2504259,2505164,652,905,1557,completed,6
34371,Rigid,2503607,2504259,2505164,652,905,1557,completed,6
34372,Rigid,2503651,2504259,2505164,608,905,1513,completed,6
34373,Rigid,2503651,2504263,2505651,612,1388,2000,completed,6
34374,Rigid,2503666,2504263,2505651,597,1388,1985,completed,6
34375,Rigid,2503709,2507258,2507307,3549,49,3598,completed,72
34376,Rigid,2503714,2504308,2505471,594,1163,1757,completed,6
34377,Rigid,2503735,2504308,2505698,573,1390,1963,completed,6
34378,Rigid,2503735,2504308,2505320,573,1012,1585,completed,6
34379,Rigid,2503777,2504351,2505568,574,1217,1791,completed,6
34380,Rigid,2503778,2504351,2505568,573,1217,1790,completed,6
34381,Rigid,2503797,2504433,2505430,636,997,1633,completed,6
34382,Rigid,2503797,2504354,2505430,557,1076,1633,completed,6
34383,Rigid,2503797,2504354,2506006,557,1652,2209,completed,6
34384,Rigid,2503798,2504433,2505430,635,997,1632,completed,6
34385,Rigid,2503882,2504495,2505541,613,1046,1659,completed,6
34386,Rigid,2503884,2504495,2505471,611,976,1587,completed,6
34387,Rigid,2503905,2504495,2505471,590,976,1566,completed,6
34388,Rigid,2503926,2504495,2505471,569,976,1545,completed,6
34389,Rigid,2503926,2504495,2505471,569,976,1545,completed,6
34390,Rigid,2503990,2504542,2505430,552,888,1440,completed,6
34391,Rigid,2503990,2504542,2505963,552,1421,1973,completed,6
34392,Rigid,2504032,2504542,2505430,510,888,1398,completed,6
34393,Rigid,2504117,2504542,2505963,425,1421,1846,completed,6
34394,Rigid,2504136,2504582,2505331,446,749,1195,completed,6
34395,Rigid,2504136,2504542,2505608,406,1066,1472,completed,6
34396,Rigid,2504137,2504582,2505331,445,749,1194,completed,6
34397,Rigid,2504137,2504582,2506310,445,1728,2173,completed,6
34398,Rigid,2504138,2504582,2505338,444,756,1200,completed,6
34399,Rigid,2504138,2504582,2505779,444,1197,1641,completed,6
34400,Rigid,2504138,2504582,2505696,444,1114,1558,completed,6
34401,Rigid,2504139,2504582,2506310,443,1728,2171,completed,6
34402,Rigid,2504139,2504582,2506198,443,1616,2059,completed,6
34403,Rigid,2504243,2504582,2505696,339,1114,1453,completed,6
34404,Rigid,2504243,2504582,2505696,339,1114,1453,completed,6
34405,Rigid,2504243,2504595,2506309,352,1714,2066,completed,6
34406,Rigid,2504244,2504595,2505585,351,990,1341,completed,6
34407,Rigid,2504263,2504595,2506309,332,1714,2046,completed,6
34408,Rigid,2504263,2504595,2506535,332,1940,2272,completed,6
34409,Rigid,2504264,2504595,2505541,331,946,1277,completed,6
34410,Rigid,2504264,2504597,2505541,333,944,1277,completed,6
34411,Rigid,2504264,2504614,2506675,350,2061,2411,completed,6
34412,Rigid,2504307,2504615,2505541,308,926,1234,completed,6
34413,Rigid,2504307,2504701,2505847,394,1146,1540,completed,6
34414,Rigid,2504308,2504701,2505847,393,1146,1539,completed,6
34415,Rigid,2504351,2504735,2505651,384,916,1300,completed,6
34416,Rigid,2504351,2504735,2505651,384,916,1300,completed,6
34417,Rigid,2504372,2504735,2505651,363,916,1279,completed,6
34418,Rigid,2504372,2504759,2506121,387,1362,1749,completed,6
34419,Rigid,2504434,2504759,2505651,325,892,1217,completed,6
34420,Rigid,2504434,2504786,2505998,352,1212,1564,completed,6
34421,Rigid,2504498,2504786,2505651,288,865,1153,completed,6
34422,Rigid,2504498,2504788,2505665,290,877,1167,completed,6
34423,Rigid,2504498,2504787,2506302,289,1515,1804,completed,6
34424,Rigid,2504501,2504809,2505596,308,787,1095,completed,6
34425,Rigid,2504501,2504809,2505596,308,787,1095,completed,6
34426,Rigid,2504561,2504809,2506089,248,1280,1528,completed,6
34427,Rigid,2504561,2504809,2506089,248,1280,1528,completed,6
34428,Rigid,2504562,2504809,2505596,247,787,1034,completed,6
34429,Rigid,2504562,2504809,2505596,247,787,1034,completed,6
34430,Rigid,2504562,2504902,2506201,340,1299,1639,completed,6
34431,Rigid,2504581,2504957,2504982,376,25,401,completed,2
34432,Rigid,2504581,2504957,2504982,376,25,401,completed,2
34433,Rigid,2504582,2504957,2505997,375,1040,1415,completed,6
34434,Rigid,2504583,2504983,2505998,400,1015,1415,completed,6
34435,Rigid,2504583,2505017,2506675,434,1658,2092,completed,6
34436,Rigid,2504584,2505048,2505997,464,949,1413,completed,6
34437,Rigid,2504584,2505048,2506314,464,1266,1730,completed,6
34438,Rigid,2504584,2505048,2506464,464,1416,1880,completed,6
34439,Rigid,2504584,2505056,2506310,472,1254,1726,completed,6
34440,Rigid,2504585,2505058,2505962,473,904,1377,completed,6
34441,Rigid,2504585,2505056,2507184,471,2128,2599,completed,6
34442,Rigid,2504585,2505057,2506149,472,1092,1564,completed,6
34443,Rigid,2504605,2505058,2506149,453,1091,1544,completed,6
34444,Rigid,2504605,2505139,2506675,534,1536,2070,completed,6
34445,Rigid,2504606,2505140,2506309,534,1169,1703,completed,6
34446,Rigid,2504606,2505140,2506309,534,1169,1703,completed,6
34447,Rigid,2504606,2505165,2506783,559,1618,2177,completed,6
34448,Rigid,2504611,2505165,2505225,554,60,614,completed,6
34449,Rigid,2504625,2505165,2505997,540,832,1372,completed,6
34450,Rigid,2504625,2505165,2506302,540,1137,1677,completed,6
34451,Rigid,2504711,2505166,2506123,455,957,1412,completed,6
34452,Rigid,2504712,2505226,2505321,514,95,609,completed,1
34453,Rigid,2504752,2505232,2506606,480,1374,1854,completed,6
34454,Rigid,2504753,2505232,2506302,479,1070,1549,completed,6
34455,Rigid,2504754,2505321,2506784,567,1463,2030,completed,6
34456,Rigid,2504758,2507263,2680072,2505,172809,175314,completed,36
34457,Rigid,2504774,2505321,2506310,547,989,1536,completed,6
34458,Rigid,2504774,2505321,2506399,547,1078,1625,completed,6
34459,Rigid,2504795,2505321,2506399,526,1078,1604,completed,6
34460,Rigid,2504795,2505322,2506783,527,1461,1988,completed,6
34461,Rigid,2504796,2505331,2506510,535,1179,1714,completed,6
34462,Rigid,2504796,2505331,2506510,535,1179,1714,completed,6
34463,Rigid,2504921,2505332,2506382,411,1050,1461,completed,6
34464,Rigid,2504964,2505332,2506382,368,1050,1418,completed,6
34465,Rigid,2504964,2505339,2507184,375,1845,2220,completed,6
34466,Rigid,2505029,2505431,2506535,402,1104,1506,completed,6
34467,Rigid,2505048,2505431,2506397,383,966,1349,completed,6
34468,Rigid,2505050,2505431,2506538,381,1107,1488,completed,6
34469,Rigid,2505050,2505431,2506993,381,1562,1943,completed,6
34470,Rigid,2505070,2505431,2506536,361,1105,1466,completed,6
34471,Rigid,2505071,2505431,2506397,360,966,1326,completed,6
34472,Rigid,2505071,2505444,2506952,373,1508,1881,completed,6
34473,Rigid,2505072,2505472,2506707,400,1235,1635,completed,6
34474,Rigid,2505072,2505472,2506889,400,1417,1817,completed,6
34475,Rigid,2505155,2505472,2506382,317,910,1227,completed,6
34476,Rigid,2505155,2505472,2506707,317,1235,1552,completed,6
34477,Rigid,2505156,2505472,2506606,316,1134,1450,completed,6
34478,Rigid,2505176,2505542,2506535,366,993,1359,completed,6
34479,Rigid,2505176,2505542,2506535,366,993,1359,completed,6
34480,Rigid,2505176,2505472,2506606,296,1134,1430,completed,6
34481,Rigid,2505176,2505542,2507100,366,1558,1924,completed,6
34482,Rigid,2505177,2505543,2506677,366,1134,1500,completed,6
34483,Rigid,2505241,2505543,2506675,302,1132,1434,completed,6
34484,Rigid,2505241,2505569,2506675,328,1106,1434,completed,6
34485,Rigid,2505243,2505569,2505715,326,146,472,completed,6
34486,Rigid,2505324,2505586,2507121,262,1535,1797,completed,6
34487,Rigid,2505324,2505597,2506631,273,1034,1307,completed,6
34488,Rigid,2505325,2505597,2506632,272,1035,1307,completed,6
34489,Rigid,2505325,2505597,2506632,272,1035,1307,completed,6
34490,Rigid,2505339,2505597,2506631,258,1034,1292,completed,6
34491,Rigid,2505343,2505609,2506676,266,1067,1333,completed,6
34492,Rigid,2505343,2505652,2508033,309,2381,2690,completed,6
34493,Rigid,2505344,2505652,2505781,308,129,437,completed,6
34494,Rigid,2505346,2505652,2506707,306,1055,1361,completed,6
34495,Rigid,2505346,2505652,2506707,306,1055,1361,completed,6
34496,Rigid,2505436,2505652,2506707,216,1055,1271,completed,6
34497,Rigid,2505450,2505652,2506707,202,1055,1257,completed,6
34498,Rigid,2505451,2505652,2506707,201,1055,1256,completed,6
34499,Rigid,2505451,2505652,2507017,201,1365,1566,completed,6
34500,Rigid,2505452,2505697,2505802,245,105,350,completed,6
34501,Rigid,2505452,2505666,2508033,214,2367,2581,completed,6
34502,Rigid,2505453,2505697,2507276,244,1579,1823,completed,6
34503,Rigid,2505472,2505697,2506817,225,1120,1345,completed,6
34504,Rigid,2505472,2505699,2506783,227,1084,1311,completed,6
34505,Rigid,2505472,2505716,2507100,244,1384,1628,completed,6
34506,Rigid,2505473,2505783,2505847,310,64,374,completed,1
34507,Rigid,2505473,2505781,2506889,308,1108,1416,completed,6
34508,Rigid,2505473,2505781,2506889,308,1108,1416,completed,6
34509,Rigid,2505554,2505803,2507695,249,1892,2141,completed,6
34510,Rigid,2505556,2505848,2506783,292,935,1227,completed,6
34511,Rigid,2505556,2505849,2506889,293,1040,1333,completed,6
34512,Rigid,2505557,2505849,2506889,292,1040,1332,completed,6
34513,Rigid,2505558,2505963,2507361,405,1398,1803,completed,6
34514,Rigid,2505578,2505964,2507448,386,1484,1870,completed,6
34515,Rigid,2505579,2505964,2507668,385,1704,2089,completed,6
34516,Rigid,2505603,2505998,2508075,395,2077,2472,completed,6
34517,Rigid,2505606,2505999,2507362,393,1363,1756,completed,6
34518,Rigid,2505606,2505999,2507112,393,1113,1506,completed,6
34519,Rigid,2505606,2505999,2507112,393,1113,1506,completed,6
34520,Rigid,2505606,2505999,2507112,393,1113,1506,completed,6
34521,Rigid,2505620,2506007,2507100,387,1093,1480,completed,6
34522,Rigid,2505661,2506091,2507200,430,1109,1539,completed,6
34523,Rigid,2505662,2506091,2507198,429,1107,1536,completed,6
34524,Rigid,2505663,2506122,2507112,459,990,1449,completed,6
34525,Rigid,2505665,2506124,2507667,459,1543,2002,completed,6
34526,Rigid,2505665,2506150,2507237,485,1087,1572,completed,6
34527,Rigid,2505665,2506150,2507237,485,1087,1572,completed,6
34528,Rigid,2505665,2506199,2507674,534,1475,2009,completed,6
34529,Rigid,2505665,2506199,2507695,534,1496,2030,completed,6
34530,Rigid,2505682,2506202,2508078,520,1876,2396,completed,6
34531,Rigid,2505704,2506303,2507276,599,973,1572,completed,6
34532,Rigid,2505704,2506303,2508033,599,1730,2329,completed,6
34533,Rigid,2505705,2506303,2507822,598,1519,2117,completed,6
34534,Rigid,2505705,2506311,2509330,606,3019,3625,completed,6
34535,Rigid,2505727,2506311,2507616,584,1305,1889,completed,6
34536,Rigid,2505783,2506311,2507615,528,1304,1832,completed,6
34537,Rigid,2505789,2506311,2508033,522,1722,2244,completed,6
34538,Rigid,2505790,2506311,2507361,521,1050,1571,completed,6
34539,Rigid,2505825,2506311,2507444,486,1133,1619,completed,6
34540,Rigid,2505854,2506311,2507444,457,1133,1590,completed,6
34541,Rigid,2505856,2506311,2508053,455,1742,2197,completed,6
34542,Rigid,2505869,2506315,2507645,446,1330,1776,completed,6
34543,Rigid,2505911,2506383,2506482,472,99,571,completed,2
34544,Rigid,2505911,2506383,2506498,472,115,587,completed,2
34545,Rigid,2505982,2506383,2508088,401,1705,2106,completed,6
34546,Rigid,2505982,2506383,2508301,401,1918,2319,completed,6
34547,Rigid,2505983,2506383,2506430,400,47,447,completed,1
34548,Rigid,2505992,2569545,2572866,63553,3321,66874,completed,144
34549,Rigid,2506002,2506383,2506758,381,375,756,completed,1
34550,Rigid,2506002,2506398,2507659,396,1261,1657,completed,6
34551,Rigid,2506002,2506398,2507444,396,1046,1442,completed,6
34552,Rigid,2506003,2506400,2507645,397,1245,1642,completed,6
34553,Rigid,2506003,2506400,2507673,397,1273,1670,completed,6
34554,Rigid,2506025,2506465,2508095,440,1630,2070,completed,6
34555,Rigid,2506108,2506511,2507615,403,1104,1507,completed,6
34556,Rigid,2506108,2506511,2508479,403,1968,2371,completed,6
34557,Rigid,2506130,2506537,2507667,407,1130,1537,completed,6
34558,Rigid,2506131,2506537,2507667,406,1130,1536,completed,6
34559,Rigid,2506326,2506550,2506878,224,328,552,completed,1
34560,Rigid,2506500,2506519,2506580,19,61,80,completed,2
34561,Rigid,2506581,2506581,2506596,0,15,15,completed,2
34562,Rigid,2506670,2894425,2898446,387755,4021,391776,completed,36
34563,Rigid,2506670,2846929,2853005,340259,6076,346335,completed,36
34564,Rigid,2506670,2848681,2849678,342011,997,343008,completed,36
34565,Rigid,2506670,2849708,2859364,343038,9656,352694,completed,36
34566,Rigid,2506670,2851038,2864877,344368,13839,358207,completed,36
34567,Rigid,2506670,2852577,2856936,345907,4359,350266,completed,36
34568,Rigid,2506670,2893136,2900681,386466,7545,394011,completed,36
34569,Rigid,2506670,2894425,2902359,387755,7934,395689,completed,36
34570,Rigid,2506670,2894425,2908392,387755,13967,401722,completed,36
34571,Rigid,2506670,2894425,2899384,387755,4959,392714,completed,36
34572,Rigid,2506841,2507263,2509898,422,2635,3057,completed,36
34573,Rigid,2506859,2506884,2507175,25,291,316,completed,1
34574,Rigid,2506964,2506975,2507068,11,93,104,completed,18
34575,Rigid,2507090,2507098,2507100,8,2,10,completed,1
34576,Rigid,2507203,2507206,2507324,3,118,121,completed,1
34577,Rigid,2507344,2507345,2507349,1,4,5,completed,1
34578,Rigid,2507344,2507345,2507364,1,19,20,completed,1
34579,Rigid,2507345,2507345,2507349,0,4,4,completed,1
34580,Rigid,2507345,2507345,2507369,0,24,24,completed,1
34581,Rigid,2507345,2507345,2507364,0,19,19,completed,1
34582,Rigid,2507376,2507376,2509124,0,1748,1748,completed,18
34583,Rigid,2507411,2507411,2507425,0,14,14,completed,2
34584,Rigid,2507483,2507483,2507493,0,10,10,completed,2
34585,Rigid,2507606,2507606,2507630,0,24,24,completed,32
34586,Rigid,2507652,2507653,2507676,1,23,24,completed,32
34587,Rigid,2507779,2507779,2507786,0,7,7,completed,1
34588,Rigid,2507918,2507919,2508489,1,570,571,completed,36
34589,Rigid,2507919,2507919,2508489,0,570,570,completed,36
34590,Rigid,2507919,2507999,2508569,80,570,650,completed,36
34591,Rigid,2507919,2507999,2508567,80,568,648,completed,36
34592,Rigid,2507920,2507999,2508568,79,569,648,completed,36
34593,Rigid,2507920,2507999,2508565,79,566,645,completed,36
34594,Rigid,2508043,2508046,2508048,3,2,5,completed,32
34595,Rigid,2508100,2508102,2508142,2,40,42,completed,6
34596,Rigid,2508145,2508145,2508201,0,56,56,completed,6
34597,Rigid,2508145,2508149,2508201,4,52,56,completed,6
34598,Rigid,2508146,2508149,2508201,3,52,55,completed,6
34599,Rigid,2508146,2508149,2508151,3,2,5,completed,32
34600,Rigid,2508314,2508314,2508330,0,16,16,completed,6
34601,Rigid,2508335,2508335,2508371,0,36,36,completed,6
34602,Rigid,2508335,2508335,2508371,0,36,36,completed,6
34603,Rigid,2508335,2508339,2508371,4,32,36,completed,6
34604,Rigid,2508594,2508594,2508875,0,281,281,completed,2
34605,Rigid,2508927,2568761,2722490,59834,153729,213563,completed,36
34606,Rigid,2508927,2570974,2680744,62047,109770,171817,completed,36
34607,Rigid,2508927,2570974,2627621,62047,56647,118694,completed,36
34608,Rigid,2508969,2509125,2516347,156,7222,7378,completed,36
34609,Rigid,2509321,2509569,2509587,248,18,266,completed,36
34610,Rigid,2509337,2509338,2509360,1,22,23,completed,6
34611,Rigid,2509356,2509589,2527729,233,18140,18373,completed,36
34612,Rigid,2509363,2509367,2509400,4,33,37,completed,6
34613,Rigid,2509364,2509367,2509400,3,33,36,completed,6
34614,Rigid,2509364,2509367,2509400,3,33,36,completed,6
34615,Rigid,2509368,2894425,2897312,385057,2887,387944,completed,36
34616,Rigid,2509368,2894425,2897956,385057,3531,388588,completed,36
34617,Rigid,2509368,2894425,2895281,385057,856,385913,completed,36
34618,Rigid,2509368,2894425,2900022,385057,5597,390654,completed,36
34619,Rigid,2509368,2894425,2900974,385057,6549,391606,completed,36
34620,Rigid,2509368,2894425,2897099,385057,2674,387731,completed,36
34621,Rigid,2509368,2894425,2898236,385057,3811,388868,completed,36
34622,Rigid,2509368,2894425,2898833,385057,4408,389465,completed,36
34623,Rigid,2509368,2894425,2901696,385057,7271,392328,completed,36
34624,Rigid,2509368,2894425,2897473,385057,3048,388105,completed,36
34625,Rigid,2509370,2509900,2526536,530,16636,17166,completed,36
34626,Rigid,2509384,2511612,2520906,2228,9294,11522,completed,36
34627,Rigid,2509487,2511612,2511971,2125,359,2484,completed,36
34628,Rigid,2509511,2511612,2527623,2101,16011,18112,completed,36
34629,Rigid,2509521,2511612,2528878,2091,17266,19357,completed,36
34630,Rigid,2509545,2511972,2512510,2427,538,2965,completed,36
34631,Rigid,2509767,2570974,2701325,61207,130351,191558,completed,36
34632,Rigid,2509767,2570974,2743794,61207,172820,234027,completed,36
34633,Rigid,2509767,2570974,2674624,61207,103650,164857,completed,36
34634,Rigid,2510918,2510919,2510924,1,5,6,completed,2
34635,Rigid,2510918,2510919,2510924,1,5,6,completed,2
34636,Rigid,2510918,2510919,2510924,1,5,6,completed,2
34637,Rigid,2510928,2510928,2524485,0,13557,13557,completed,5
34638,Rigid,2510928,2510928,2524919,0,13991,13991,completed,5
34639,Rigid,2510928,2510932,2525295,4,14363,14367,completed,5
34640,Rigid,2510928,2510932,2526381,4,15449,15453,completed,5
34641,Rigid,2510928,2510932,2524951,4,14019,14023,completed,5
34642,Rigid,2510929,2510932,2525445,3,14513,14516,completed,5
34643,Rigid,2513049,2513049,2513054,0,5,5,completed,1
34644,Rigid,2513049,2513050,2513054,1,4,5,completed,1
34645,Rigid,2513049,2513050,2513054,1,4,5,completed,1
34646,Rigid,2513049,2513050,2513071,1,21,22,completed,1
34647,Rigid,2513049,2513050,2513074,1,24,25,completed,1
34648,Rigid,2513049,2513050,2513075,1,25,26,completed,1
34649,Rigid,2513049,2513050,2513057,1,7,8,completed,1
34650,Rigid,2513049,2513050,2513058,1,8,9,completed,1
34651,Rigid,2513049,2513050,2513057,1,7,8,completed,1
34652,Rigid,2513785,2522311,2522329,8526,18,8544,completed,18
34653,Rigid,2513851,2523364,2524458,9513,1094,10607,completed,72
34654,Rigid,2513888,2523674,2525616,9786,1942,11728,completed,72
34655,Rigid,2513916,2525627,2527239,11711,1612,13323,completed,72
34656,Rigid,2513920,2527082,2527104,13162,22,13184,completed,72
34657,Rigid,2513927,2527113,2530203,13186,3090,16276,completed,72
34658,Rigid,2513979,2527638,2530184,13659,2546,16205,completed,72
34659,Rigid,2513992,2530201,2530540,16209,339,16548,completed,72
34660,Rigid,2513995,2530232,2551850,16237,21618,37855,completed,72
34661,Rigid,2514025,2530570,2531807,16545,1237,17782,completed,72
34662,Rigid,2514065,2531813,2532687,17748,874,18622,completed,72
34663,Rigid,2514129,2532706,2537319,18577,4613,23190,completed,72
34664,Rigid,2514136,2537324,2537667,23188,343,23531,completed,72
34665,Rigid,2514150,2537675,2540970,23525,3295,26820,completed,72
34666,Rigid,2514209,2539707,2544679,25498,4972,30470,completed,72
34667,Rigid,2515141,2539707,2540820,24566,1113,25679,completed,72
34668,Rigid,2515157,2540834,2542404,25677,1570,27247,completed,72
34669,Rigid,2515159,2540997,2542858,25838,1861,27699,completed,72
34670,Rigid,2515178,2542203,2542508,27025,305,27330,completed,72
34671,Rigid,2515195,2542203,2542216,27008,13,27021,completed,72
34672,Rigid,2515202,2542235,2547246,27033,5011,32044,completed,72
34673,Rigid,2515232,2542426,2542444,27194,18,27212,completed,72
34674,Rigid,2515233,2542459,2542480,27226,21,27247,completed,72
34675,Rigid,2515234,2542491,2542513,27257,22,27279,completed,72
34676,Rigid,2515235,2542523,2542540,27288,17,27305,completed,72
34677,Rigid,2515255,2542523,2545626,27268,3103,30371,completed,72
34678,Rigid,2515273,2542555,2558712,27282,16157,43439,completed,72
34679,Rigid,2515308,2542870,2544309,27562,1439,29001,completed,72
34680,Rigid,2515341,2543905,2548348,28564,4443,33007,completed,72
34681,Rigid,2515344,2543905,2550081,28561,6176,34737,completed,72
34682,Rigid,2515357,2544339,2545856,28982,1517,30499,completed,72
34683,Rigid,2515366,2515366,2572644,0,57278,57278,completed,36
34684,Rigid,2515931,2516005,2516014,74,9,83,completed,1
34685,Rigid,2516491,2516491,2516524,0,33,33,completed,8
34686,Rigid,2516491,2516492,2516524,1,32,33,completed,1
34687,Rigid,2516491,2516492,2516525,1,33,34,completed,6
34688,Rigid,2516491,2516492,2516526,1,34,35,completed,16
34689,Rigid,2516511,2516512,2516633,1,121,122,completed,6
34690,Rigid,2516512,2516512,2516550,0,38,38,completed,1
34691,Rigid,2516526,2516527,2516588,1,61,62,completed,1
34692,Rigid,2516526,2516527,2516547,1,20,21,completed,1
34693,Rigid,2516527,2516527,2516543,0,16,16,completed,1
34694,Rigid,2516527,2516527,2516541,0,14,14,completed,1
34695,Rigid,2516557,2516558,2517285,1,727,728,completed,6
34696,Rigid,2516557,2516558,2517285,1,727,728,completed,6
34697,Rigid,2516557,2516558,2517742,1,1184,1185,completed,6
34698,Rigid,2516557,2516558,2517675,1,1117,1118,completed,6
34699,Rigid,2516558,2516558,2517285,0,727,727,completed,6
34700,Rigid,2516558,2516562,2517285,4,723,727,completed,6
34701,Rigid,2516558,2516562,2517285,4,723,727,completed,6
34702,Rigid,2516558,2516562,2517734,4,1172,1176,completed,6
34703,Rigid,2516558,2516562,2517734,4,1172,1176,completed,6
34704,Rigid,2516558,2516562,2517734,4,1172,1176,completed,6
34705,Rigid,2516559,2516562,2517285,3,723,726,completed,6
34706,Rigid,2516559,2516562,2517288,3,726,729,completed,6
34707,Rigid,2516559,2516562,2517288,3,726,729,completed,6
34708,Rigid,2516559,2516562,2517289,3,727,730,completed,6
34709,Rigid,2516559,2516562,2517737,3,1175,1178,completed,6
34710,Rigid,2516560,2516562,2517288,2,726,728,completed,6
34711,Rigid,2516560,2516562,2517285,2,723,725,completed,6
34712,Rigid,2516560,2516562,2517288,2,726,728,completed,6
34713,Rigid,2516560,2516562,2517737,2,1175,1177,completed,6
34714,Rigid,2516561,2516562,2517467,1,905,906,completed,6
34715,Rigid,2516561,2516562,2517467,1,905,906,completed,6
34716,Rigid,2516561,2516562,2517721,1,1159,1160,completed,6
34717,Rigid,2516561,2516562,2517720,1,1158,1159,completed,6
34718,Rigid,2516562,2516562,2517285,0,723,723,completed,6
34719,Rigid,2516562,2516562,2517288,0,726,726,completed,6
34720,Rigid,2516562,2516564,2517285,2,721,723,completed,6
34721,Rigid,2516562,2516564,2517285,2,721,723,completed,6
34722,Rigid,2516562,2516564,2517290,2,726,728,completed,6
34723,Rigid,2516562,2516562,2517675,0,1113,1113,completed,6
34724,Rigid,2516562,2516564,2517977,2,1413,1415,completed,6
34725,Rigid,2516563,2516564,2517290,1,726,727,completed,6
34726,Rigid,2516564,2516566,2517290,2,724,726,completed,6
34727,Rigid,2516564,2516566,2517720,2,1154,1156,completed,6
34728,Rigid,2516564,2516566,2518221,2,1655,1657,completed,6
34729,Rigid,2516565,2516566,2517291,1,725,726,completed,6
34730,Rigid,2516565,2516566,2517289,1,723,724,completed,6
34731,Rigid,2516565,2516566,2517286,1,720,721,completed,6
34732,Rigid,2516565,2516566,2517289,1,723,724,completed,6
34733,Rigid,2516565,2516566,2517675,1,1109,1110,completed,6
34734,Rigid,2516565,2516566,2517675,1,1109,1110,completed,6
34735,Rigid,2516565,2516566,2517676,1,1110,1111,completed,6
34736,Rigid,2516566,2516568,2517369,2,801,803,completed,6
34737,Rigid,2516566,2516568,2517369,2,801,803,completed,6
34738,Rigid,2516566,2516568,2517816,2,1248,1250,completed,6
34739,Rigid,2516567,2516568,2517369,1,801,802,completed,6
34740,Rigid,2516567,2516568,2517286,1,718,719,completed,6
34741,Rigid,2516567,2516568,2517907,1,1339,1340,completed,6
34742,Rigid,2516567,2516568,2517908,1,1340,1341,completed,6
34743,Rigid,2516567,2516568,2517674,1,1106,1107,completed,6
34744,Rigid,2516567,2516568,2517674,1,1106,1107,completed,6
34745,Rigid,2516568,2516572,2517286,4,714,718,completed,6
34746,Rigid,2516568,2516572,2517285,4,713,717,completed,6
34747,Rigid,2516568,2516572,2517285,4,713,717,completed,6
34748,Rigid,2516568,2516572,2517285,4,713,717,completed,6
34749,Rigid,2516568,2516568,2517674,0,1106,1106,completed,6
34750,Rigid,2516568,2516572,2517674,4,1102,1106,completed,6
34751,Rigid,2516569,2516572,2517285,3,713,716,completed,6
34752,Rigid,2516569,2516572,2517369,3,797,800,completed,6
34753,Rigid,2516569,2516572,2517369,3,797,800,completed,6
34754,Rigid,2516569,2516572,2517369,3,797,800,completed,6
34755,Rigid,2516569,2516572,2517732,3,1160,1163,completed,6
34756,Rigid,2516569,2516572,2517977,3,1405,1408,completed,6
34757,Rigid,2516570,2516572,2517369,2,797,799,completed,6
34758,Rigid,2516570,2516572,2517369,2,797,799,completed,6
34759,Rigid,2516570,2516572,2518183,2,1611,1613,completed,6
34760,Rigid,2516570,2516589,2517977,19,1388,1407,completed,6
34761,Rigid,2516570,2516634,2518841,64,2207,2271,completed,6
34762,Rigid,2516570,2516894,2518311,324,1417,1741,completed,6
34763,Rigid,2516571,2516894,2517886,323,992,1315,completed,6
34764,Rigid,2516571,2516894,2517886,323,992,1315,completed,6
34765,Rigid,2516571,2517286,2517977,715,691,1406,completed,6
34766,Rigid,2516571,2516894,2518311,323,1417,1740,completed,6
34767,Rigid,2516571,2516894,2518311,323,1417,1740,completed,6
34768,Rigid,2516571,2516894,2518311,323,1417,1740,completed,6
34769,Rigid,2516572,2517286,2517977,714,691,1405,completed,6
34770,Rigid,2516572,2517286,2518194,714,908,1622,completed,6
34771,Rigid,2516572,2517286,2518458,714,1172,1886,completed,6
34772,Rigid,2516572,2517286,2518458,714,1172,1886,completed,6
34773,Rigid,2516572,2517286,2518662,714,1376,2090,completed,6
34774,Rigid,2516573,2517286,2518193,713,907,1620,completed,6
34775,Rigid,2516573,2517286,2517977,713,691,1404,completed,6
34776,Rigid,2516573,2517286,2518632,713,1346,2059,completed,6
34777,Rigid,2516573,2517286,2518311,713,1025,1738,completed,6
34778,Rigid,2516573,2517286,2518311,713,1025,1738,completed,6
34779,Rigid,2516574,2517286,2517977,712,691,1403,completed,6
34780,Rigid,2516574,2517287,2518254,713,967,1680,completed,6
34781,Rigid,2516574,2517286,2518312,712,1026,1738,completed,6
34782,Rigid,2516574,2517286,2518311,712,1025,1737,completed,6
34783,Rigid,2516574,2517287,2518922,713,1635,2348,completed,6
34784,Rigid,2516575,2517287,2518194,712,907,1619,completed,6
34785,Rigid,2516575,2517289,2517977,714,688,1402,completed,6
34786,Rigid,2516575,2517290,2518164,715,874,1589,completed,6
34787,Rigid,2516575,2517289,2519205,714,1916,2630,completed,6
34788,Rigid,2516576,2517290,2518164,714,874,1588,completed,6
34789,Rigid,2516576,2517290,2518164,714,874,1588,completed,6
34790,Rigid,2516576,2517290,2518164,714,874,1588,completed,6
34791,Rigid,2516576,2517291,2518193,715,902,1617,completed,6
34792,Rigid,2516576,2517291,2518662,715,1371,2086,completed,6
34793,Rigid,2516576,2517292,2518327,716,1035,1751,completed,6
34794,Rigid,2516576,2517292,2518807,716,1515,2231,completed,6
34795,Rigid,2517213,2517292,2517722,79,430,509,completed,6
34796,Rigid,2517213,2517292,2517605,79,313,392,completed,1
34797,Rigid,2517214,2517371,2517685,157,314,471,completed,8
34798,Rigid,2517214,2517371,2517916,157,545,702,completed,16
34799,Rigid,2517690,2517691,2517728,1,37,38,completed,1
34800,Rigid,2517690,2517691,2517807,1,116,117,completed,1
34801,Rigid,2517738,2517738,2518662,0,924,924,completed,6
34802,Rigid,2517738,2517738,2518662,0,924,924,completed,6
34803,Rigid,2517738,2517738,2518662,0,924,924,completed,6
34804,Rigid,2517738,2517739,2518662,1,923,924,completed,6
34805,Rigid,2517738,2517739,2518662,1,923,924,completed,6
34806,Rigid,2517738,2517739,2518662,1,923,924,completed,6
34807,Rigid,2517738,2517738,2518900,0,1162,1162,completed,6
34808,Rigid,2517738,2517738,2518900,0,1162,1162,completed,6
34809,Rigid,2517739,2517739,2518662,0,923,923,completed,6
34810,Rigid,2517739,2517741,2518813,2,1072,1074,completed,6
34811,Rigid,2517739,2517741,2518769,2,1028,1030,completed,6
34812,Rigid,2517739,2517741,2518770,2,1029,1031,completed,6
34813,Rigid,2517740,2517741,2518662,1,921,922,completed,6
34814,Rigid,2517740,2517741,2518662,1,921,922,completed,6
34815,Rigid,2517740,2517741,2518769,1,1028,1029,completed,6
34816,Rigid,2517740,2517741,2518791,1,1050,1051,completed,6
34817,Rigid,2517740,2517741,2518769,1,1028,1029,completed,6
34818,Rigid,2517740,2517741,2518769,1,1028,1029,completed,6
34819,Rigid,2517740,2517741,2518769,1,1028,1029,completed,6
34820,Rigid,2517741,2517743,2518832,2,1089,1091,completed,6
34821,Rigid,2517742,2517743,2518662,1,919,920,completed,6
34822,Rigid,2517742,2517743,2518662,1,919,920,completed,6
34823,Rigid,2517742,2517743,2518662,1,919,920,completed,6
34824,Rigid,2517742,2517743,2518662,1,919,920,completed,6
34825,Rigid,2517742,2517743,2518899,1,1156,1157,completed,6
34826,Rigid,2517742,2517743,2518900,1,1157,1158,completed,6
34827,Rigid,2517742,2517743,2518899,1,1156,1157,completed,6
34828,Rigid,2517742,2517809,2518832,67,1023,1090,completed,6
34829,Rigid,2517742,2517818,2518972,76,1154,1230,completed,6
34830,Rigid,2517742,2517888,2519352,146,1464,1610,completed,6
34831,Rigid,2517743,2517917,2518899,174,982,1156,completed,6
34832,Rigid,2517743,2517917,2518899,174,982,1156,completed,6
34833,Rigid,2517743,2517917,2518900,174,983,1157,completed,6
34834,Rigid,2517743,2517888,2519352,145,1464,1609,completed,6
34835,Rigid,2517743,2517909,2518976,166,1067,1233,completed,6
34836,Rigid,2517743,2517909,2518973,166,1064,1230,completed,6
34837,Rigid,2517743,2517978,2519089,235,1111,1346,completed,6
34838,Rigid,2517743,2517978,2519090,235,1112,1347,completed,6
34839,Rigid,2517744,2517978,2518899,234,921,1155,completed,6
34840,Rigid,2517744,2517978,2518900,234,922,1156,completed,6
34841,Rigid,2517744,2517978,2518899,234,921,1155,completed,6
34842,Rigid,2517744,2517978,2519089,234,1111,1345,completed,6
34843,Rigid,2517744,2517978,2519211,234,1233,1467,completed,6
34844,Rigid,2517744,2517978,2519211,234,1233,1467,completed,6
34845,Rigid,2517745,2518165,2519366,420,1201,1621,completed,6
34846,Rigid,2517745,2518165,2519367,420,1202,1622,completed,6
34847,Rigid,2517745,2518165,2519366,420,1201,1621,completed,6
34848,Rigid,2517745,2518165,2519366,420,1201,1621,completed,6
34849,Rigid,2517745,2518184,2519545,439,1361,1800,completed,6
34850,Rigid,2517745,2518195,2519391,450,1196,1646,completed,6
34851,Rigid,2517745,2518195,2519391,450,1196,1646,completed,6
34852,Rigid,2517745,2518195,2519394,450,1199,1649,completed,6
34853,Rigid,2517745,2518195,2519391,450,1196,1646,completed,6
34854,Rigid,2517746,2518222,2519711,476,1489,1965,completed,6
34855,Rigid,2517746,2518255,2519786,509,1531,2040,completed,6
34856,Rigid,2517746,2518313,2519352,567,1039,1606,completed,6
34857,Rigid,2517746,2518313,2519352,567,1039,1606,completed,6
34858,Rigid,2517746,2518313,2519352,567,1039,1606,completed,6
34859,Rigid,2517746,2518313,2519352,567,1039,1606,completed,6
34860,Rigid,2517746,2518313,2519392,567,1079,1646,completed,6
34861,Rigid,2517746,2518313,2519392,567,1079,1646,completed,6
34862,Rigid,2517747,2518313,2519655,566,1342,1908,completed,6
34863,Rigid,2517747,2518313,2519654,566,1341,1907,completed,6
34864,Rigid,2517747,2518328,2519832,581,1504,2085,completed,6
34865,Rigid,2517747,2518459,2519655,712,1196,1908,completed,6
34866,Rigid,2517747,2518459,2519655,712,1196,1908,completed,6
34867,Rigid,2517747,2518633,2519655,886,1022,1908,completed,6
34868,Rigid,2517747,2518663,2519707,916,1044,1960,completed,6
34869,Rigid,2517748,2518663,2519655,915,992,1907,completed,6
34870,Rigid,2517748,2518663,2519655,915,992,1907,completed,6
34871,Rigid,2517748,2518663,2519654,915,991,1906,completed,6
34872,Rigid,2517748,2518663,2519707,915,1044,1959,completed,6
34873,Rigid,2517748,2518663,2519707,915,1044,1959,completed,6
34874,Rigid,2517748,2518663,2519707,915,1044,1959,completed,6
34875,Rigid,2517749,2518663,2519654,914,991,1905,completed,6
34876,Rigid,2517814,2518663,2519707,849,1044,1893,completed,6
34877,Rigid,2517831,2518663,2519707,832,1044,1876,completed,6
34878,Rigid,2517897,2518663,2519708,766,1045,1811,completed,6
34879,Rigid,2517897,2518663,2519831,766,1168,1934,completed,6
34880,Rigid,2517918,2518663,2519831,745,1168,1913,completed,6
34881,Rigid,2517918,2518663,2519831,745,1168,1913,completed,6
34882,Rigid,2517921,2518663,2518736,742,73,815,completed,1
34883,Rigid,2517982,2518770,2519835,788,1065,1853,completed,6
34884,Rigid,2517983,2518770,2519835,787,1065,1852,completed,6
34885,Rigid,2517983,2518770,2519835,787,1065,1852,completed,6
34886,Rigid,2517983,2518771,2519831,788,1060,1848,completed,6
34887,Rigid,2517984,2518771,2519831,787,1060,1847,completed,6
34888,Rigid,2517984,2518771,2519831,787,1060,1847,completed,6
34889,Rigid,2517985,2518793,2520375,808,1582,2390,completed,6
34890,Rigid,2517985,2518809,2520338,824,1529,2353,completed,6
34891,Rigid,2518185,2518901,2519415,716,514,1230,completed,16
34892,Rigid,2518186,2518860,2519216,674,356,1030,completed,8
34893,Rigid,2518187,2518829,2519391,642,562,1204,completed,6
34894,Rigid,2518188,2518860,2518955,672,95,767,completed,6
34895,Rigid,2518205,2518901,2520254,696,1353,2049,completed,6
34896,Rigid,2518208,2518901,2520017,693,1116,1809,completed,6
34897,Rigid,2518209,2518901,2520017,692,1116,1808,completed,6
34898,Rigid,2518210,2518674,2518737,464,63,527,completed,1
34899,Rigid,2518210,2518901,2520017,691,1116,1807,completed,6
34900,Rigid,2518228,2518901,2520017,673,1116,1789,completed,6
34901,Rigid,2518284,2518674,2519016,390,342,732,completed,1
34902,Rigid,2518330,2518901,2520017,571,1116,1687,completed,6
34903,Rigid,2518340,2518901,2520075,561,1174,1735,completed,6
34904,Rigid,2518341,2518901,2520075,560,1174,1734,completed,6
34905,Rigid,2518341,2518923,2520295,582,1372,1954,completed,6
34906,Rigid,2518343,2518674,2518759,331,85,416,completed,1
34907,Rigid,2518343,2518674,2519089,331,415,746,completed,1
34908,Rigid,2518343,2518973,2519140,630,167,797,completed,6
34909,Rigid,2518343,2518956,2520886,613,1930,2543,completed,6
34910,Rigid,2518343,2518975,2520675,632,1700,2332,completed,6
34911,Rigid,2518688,2518705,2519023,17,318,335,completed,1
34912,Rigid,2518688,2518984,2519358,296,374,670,completed,6
34913,Rigid,2518688,2519213,2519395,525,182,707,completed,8
34914,Rigid,2518688,2519091,2519400,403,309,712,completed,16
34915,Rigid,2518789,2518798,2518855,9,57,66,completed,1
34916,Rigid,2518789,2519108,2519202,319,94,413,completed,6
34917,Rigid,2518840,2523148,2523209,4308,61,4369,completed,36
34918,Rigid,2519216,2519216,2519265,0,49,49,completed,6
34919,Rigid,2519219,2519220,2519245,1,25,26,completed,1
34920,Rigid,2519219,2519220,2519284,1,64,65,completed,1
34921,Rigid,2519265,2519266,2521136,1,1870,1871,completed,6
34922,Rigid,2519265,2519266,2520672,1,1406,1407,completed,6
34923,Rigid,2519265,2519266,2520645,1,1379,1380,completed,6
34924,Rigid,2519265,2519266,2521107,1,1841,1842,completed,6
34925,Rigid,2519266,2519266,2520254,0,988,988,completed,6
34926,Rigid,2519266,2519353,2520075,87,722,809,completed,6
34927,Rigid,2519266,2519353,2520075,87,722,809,completed,6
34928,Rigid,2519266,2519353,2520075,87,722,809,completed,6
34929,Rigid,2519266,2519353,2520506,87,1153,1240,completed,6
34930,Rigid,2519266,2519353,2520506,87,1153,1240,completed,6
34931,Rigid,2519266,2519353,2520506,87,1153,1240,completed,6
34932,Rigid,2519266,2519359,2520672,93,1313,1406,completed,6
34933,Rigid,2519267,2519368,2520075,101,707,808,completed,6
34934,Rigid,2519267,2519368,2520531,101,1163,1264,completed,6
34935,Rigid,2519267,2519368,2520532,101,1164,1265,completed,6
34936,Rigid,2519267,2519368,2520531,101,1163,1264,completed,6
34937,Rigid,2519267,2519392,2520509,125,1117,1242,completed,6
34938,Rigid,2519268,2519392,2520375,124,983,1107,completed,6
34939,Rigid,2519268,2519392,2520375,124,983,1107,completed,6
34940,Rigid,2519268,2519392,2520375,124,983,1107,completed,6
34941,Rigid,2519268,2519393,2520167,125,774,899,completed,6
34942,Rigid,2519268,2519401,2520167,133,766,899,completed,6
34943,Rigid,2519268,2519393,2520509,125,1116,1241,completed,6
34944,Rigid,2519268,2519395,2520944,127,1549,1676,completed,6
34945,Rigid,2519268,2519396,2520496,128,1100,1228,completed,6
34946,Rigid,2519268,2519396,2520496,128,1100,1228,completed,6
34947,Rigid,2519268,2519401,2520509,133,1108,1241,completed,6
34948,Rigid,2519268,2519401,2520509,133,1108,1241,completed,6
34949,Rigid,2519269,2519416,2520253,147,837,984,completed,6
34950,Rigid,2519269,2519416,2520253,147,837,984,completed,6
34951,Rigid,2519269,2519416,2520687,147,1271,1418,completed,6
34952,Rigid,2519269,2519547,2520886,278,1339,1617,completed,6
34953,Rigid,2519270,2519656,2520375,386,719,1105,completed,6
34954,Rigid,2519270,2519656,2520673,386,1017,1403,completed,6
34955,Rigid,2519270,2519656,2520672,386,1016,1402,completed,6
34956,Rigid,2519272,2519656,2520375,384,719,1103,completed,6
34957,Rigid,2519272,2519656,2520375,384,719,1103,completed,6
34958,Rigid,2519272,2519656,2520375,384,719,1103,completed,6
34959,Rigid,2519273,2519656,2520523,383,867,1250,completed,6
34960,Rigid,2519273,2519709,2520530,436,821,1257,completed,6
34961,Rigid,2519273,2519709,2520530,436,821,1257,completed,6
34962,Rigid,2519273,2519709,2520506,436,797,1233,completed,6
34963,Rigid,2519273,2519709,2520507,436,798,1234,completed,6
34964,Rigid,2519273,2519656,2520717,383,1061,1444,completed,6
34965,Rigid,2519273,2519656,2521194,383,1538,1921,completed,6
34966,Rigid,2519273,2519709,2520931,436,1222,1658,completed,6
34967,Rigid,2519273,2519709,2520943,436,1234,1670,completed,6
34968,Rigid,2519273,2519709,2520993,436,1284,1720,completed,6
34969,Rigid,2519274,2519832,2520645,558,813,1371,completed,6
34970,Rigid,2519274,2519713,2521477,439,1764,2203,completed,6
34971,Rigid,2519274,2519787,2521158,513,1371,1884,completed,6
34972,Rigid,2519275,2519832,2520645,557,813,1370,completed,6
34973,Rigid,2519275,2519832,2520645,557,813,1370,completed,6
34974,Rigid,2519275,2519833,2520624,558,791,1349,completed,6
34975,Rigid,2519275,2519834,2519976,559,142,701,completed,6
34976,Rigid,2519275,2519834,2520981,559,1147,1706,completed,6
34977,Rigid,2519286,2519834,2520624,548,790,1338,completed,6
34978,Rigid,2519354,2519836,2521156,482,1320,1802,completed,6
34979,Rigid,2519355,2519836,2520672,481,836,1317,completed,6
34980,Rigid,2519355,2519836,2520672,481,836,1317,completed,6
34981,Rigid,2519356,2519978,2521176,622,1198,1820,completed,6
34982,Rigid,2519358,2520018,2520127,660,109,769,completed,6
34983,Rigid,2519358,2520018,2520886,660,868,1528,completed,6
34984,Rigid,2519359,2520018,2520886,659,868,1527,completed,6
34985,Rigid,2519377,2520018,2520886,641,868,1509,completed,6
34986,Rigid,2519377,2520018,2521809,641,1791,2432,completed,6
34987,Rigid,2519377,2520076,2521324,699,1248,1947,completed,6
34988,Rigid,2519378,2520076,2520186,698,110,808,completed,6
34989,Rigid,2519396,2520076,2521324,680,1248,1928,completed,6
34990,Rigid,2519398,2520076,2520909,678,833,1511,completed,6
34991,Rigid,2519398,2520076,2521649,678,1573,2251,completed,6
34992,Rigid,2519398,2520076,2521649,678,1573,2251,completed,6
34993,Rigid,2519398,2520129,2521409,731,1280,2011,completed,6
34994,Rigid,2519399,2520169,2521175,770,1006,1776,completed,6
34995,Rigid,2519399,2520169,2521175,770,1006,1776,completed,6
34996,Rigid,2519400,2520187,2520209,787,22,809,completed,1
34997,Rigid,2519400,2520187,2520424,787,237,1024,completed,1
34998,Rigid,2519418,2520187,2520231,769,44,813,completed,1
34999,Rigid,2519548,2520187,2520242,639,55,694,completed,1
35000,Rigid,2519655,2520255,2521196,600,941,1541,completed,6
35001,Rigid,2519655,2520255,2520910,600,655,1255,completed,6
35002,Rigid,2519655,2520255,2521196,600,941,1541,completed,6
35003,Rigid,2519655,2520255,2522142,600,1887,2487,completed,6
35004,Rigid,2519655,2520296,2521810,641,1514,2155,completed,6
35005,Rigid,2519676,2520377,2521136,701,759,1460,completed,6
35006,Rigid,2519676,2520339,2521478,663,1139,1802,completed,6
35007,Rigid,2519676,2520376,2521889,700,1513,2213,completed,6
35008,Rigid,2519676,2520377,2521983,701,1606,2307,completed,6
35009,Rigid,2519718,2520377,2521954,659,1577,2236,completed,6
35010,Rigid,2519719,2520377,2521565,658,1188,1846,completed,6
35011,Rigid,2519720,2520377,2521136,657,759,1416,completed,6
35012,Rigid,2519720,2520377,2521136,657,759,1416,completed,6
35013,Rigid,2519721,2520377,2521136,656,759,1415,completed,6
35014,Rigid,2519721,2520507,2521198,786,691,1477,completed,6
35015,Rigid,2519721,2520497,2521562,776,1065,1841,completed,6
35016,Rigid,2519721,2520497,2521562,776,1065,1841,completed,6
35017,Rigid,2519805,2520507,2521198,702,691,1393,completed,6
35018,Rigid,2519846,2520507,2521475,661,968,1629,completed,6
35019,Rigid,2519846,2520507,2521649,661,1142,1803,completed,6
35020,Rigid,2519847,2520509,2521475,662,966,1628,completed,6
35021,Rigid,2519847,2520510,2521324,663,814,1477,completed,6
35022,Rigid,2519847,2520510,2521798,663,1288,1951,completed,6
35023,Rigid,2519848,2520198,2520225,350,27,377,completed,1
35024,Rigid,2519848,2520510,2521324,662,814,1476,completed,6
35025,Rigid,2519848,2520524,2521196,676,672,1348,completed,6
35026,Rigid,2519848,2520531,2521409,683,878,1561,completed,6
35027,Rigid,2519848,2520510,2521809,662,1299,1961,completed,6
35028,Rigid,2519991,2555853,2569090,35862,13237,49099,completed,72
35029,Rigid,2519994,2555853,2688137,35859,132284,168143,completed,72
35030,Rigid,2519998,2520531,2521409,533,878,1411,completed,6
35031,Rigid,2519998,2558447,2569079,38449,10632,49081,completed,72
35032,Rigid,2520000,2558447,2569084,38447,10637,49084,completed,72
35033,Rigid,2520002,2561050,2669618,41048,108568,149616,completed,144
35034,Rigid,2520038,2520198,2520569,160,371,531,completed,1
35035,Rigid,2520221,2520533,2521324,312,791,1103,completed,6
35036,Rigid,2520221,2520533,2521889,312,1356,1668,completed,6
35037,Rigid,2520221,2520533,2521889,312,1356,1668,completed,6
35038,Rigid,2520221,2520570,2521889,349,1319,1668,completed,6
35039,Rigid,2520221,2520625,2521703,404,1078,1482,completed,6
35040,Rigid,2520221,2520625,2521702,404,1077,1481,completed,6
35041,Rigid,2520222,2520646,2521409,424,763,1187,completed,6
35042,Rigid,2520222,2520646,2521809,424,1163,1587,completed,6
35043,Rigid,2520223,2520646,2521409,423,763,1186,completed,6
35044,Rigid,2520223,2520646,2521810,423,1164,1587,completed,6
35045,Rigid,2520223,2520674,2522630,451,1956,2407,completed,6
35046,Rigid,2520223,2520674,2522024,451,1350,1801,completed,6
35047,Rigid,2520224,2520674,2521562,450,888,1338,completed,6
35048,Rigid,2520224,2520674,2521562,450,888,1338,completed,6
35049,Rigid,2520224,2520674,2521697,450,1023,1473,completed,6
35050,Rigid,2520237,2520674,2521697,437,1023,1460,completed,6
35051,Rigid,2520238,2520676,2521562,438,886,1324,completed,6
35052,Rigid,2520259,2520688,2521653,429,965,1394,completed,6
35053,Rigid,2520264,2520718,2521650,454,932,1386,completed,6
35054,Rigid,2520264,2520887,2524738,623,3851,4474,completed,6
35055,Rigid,2520265,2520887,2521809,622,922,1544,completed,6
35056,Rigid,2520267,2520887,2521809,620,922,1542,completed,6
35057,Rigid,2520307,2520887,2521809,580,922,1502,completed,6
35058,Rigid,2520351,2520887,2521809,536,922,1458,completed,6
35059,Rigid,2520392,2520907,2521810,515,903,1418,completed,6
35060,Rigid,2520392,2520907,2521810,515,903,1418,completed,6
35061,Rigid,2520392,2520907,2521810,515,903,1418,completed,6
35062,Rigid,2520392,2520907,2521810,515,903,1418,completed,6
35063,Rigid,2520393,2520907,2521810,514,903,1417,completed,6
35064,Rigid,2520393,2520907,2522183,514,1276,1790,completed,6
35065,Rigid,2520393,2520910,2522178,517,1268,1785,completed,6
35066,Rigid,2520393,2520912,2521988,519,1076,1595,completed,6
35067,Rigid,2520432,2520933,2521889,501,956,1457,completed,6
35068,Rigid,2520500,2520945,2521889,445,944,1389,completed,6
35069,Rigid,2520500,2520945,2523056,445,2111,2556,completed,6
35070,Rigid,2520521,2520995,2521984,474,989,1463,completed,6
35071,Rigid,2520521,2520982,2522569,461,1587,2048,completed,6
35072,Rigid,2520521,2521108,2522569,587,1461,2048,completed,6
35073,Rigid,2520522,2521137,2522406,615,1269,1884,completed,6
35074,Rigid,2520523,2521138,2522014,615,876,1491,completed,6
35075,Rigid,2520523,2521138,2522016,615,878,1493,completed,6
35076,Rigid,2520523,2521137,2522362,614,1225,1839,completed,6
35077,Rigid,2520523,2521138,2522626,615,1488,2103,completed,6
35078,Rigid,2520524,2521157,2523675,633,2518,3151,completed,6
35079,Rigid,2520543,2521176,2522142,633,966,1599,completed,6
35080,Rigid,2520543,2521159,2522302,616,1143,1759,completed,6
35081,Rigid,2520543,2521176,2522791,633,1615,2248,completed,6
35082,Rigid,2520544,2521195,2521988,651,793,1444,completed,6
35083,Rigid,2520544,2521177,2522569,633,1392,2025,completed,6
35084,Rigid,2520545,2521198,2521989,653,791,1444,completed,6
35085,Rigid,2520581,2521198,2522745,617,1547,2164,completed,6
35086,Rigid,2520628,2521198,2521988,570,790,1360,completed,6
35087,Rigid,2520630,2521200,2522302,570,1102,1672,completed,6
35088,Rigid,2520650,2521200,2522302,550,1102,1652,completed,6
35089,Rigid,2520651,2521325,2522455,674,1130,1804,completed,6
35090,Rigid,2520651,2521325,2522412,674,1087,1761,completed,6
35091,Rigid,2520651,2521325,2522412,674,1087,1761,completed,6
35092,Rigid,2520673,2521325,2522254,652,929,1581,completed,6
35093,Rigid,2520693,2521325,2522254,632,929,1561,completed,6
35094,Rigid,2520693,2521410,2522363,717,953,1670,completed,6
35095,Rigid,2520693,2521410,2522791,717,1381,2098,completed,6
35096,Rigid,2520693,2521411,2522499,718,1088,1806,completed,6
35097,Rigid,2520693,2521411,2522499,718,1088,1806,completed,6
35098,Rigid,2520694,2521476,2522406,782,930,1712,completed,6
35099,Rigid,2520694,2521411,2522569,717,1158,1875,completed,6
35100,Rigid,2520737,2521476,2522406,739,930,1669,completed,6
35101,Rigid,2520887,2521479,2524191,592,2712,3304,completed,6
35102,Rigid,2520891,2521479,2522569,588,1090,1678,completed,6
35103,Rigid,2520891,2521563,2522569,672,1006,1678,completed,6
35104,Rigid,2520892,2521563,2522569,671,1006,1677,completed,6
35105,Rigid,2520895,2521563,2521621,668,58,726,completed,6
35106,Rigid,2520927,2521563,2522630,636,1067,1703,completed,6
35107,Rigid,2520928,2521563,2522630,635,1067,1702,completed,6
35108,Rigid,2520950,2521567,2522970,617,1403,2020,completed,6
35109,Rigid,2520951,2521651,2522576,700,925,1625,completed,6
35110,Rigid,2520951,2521623,2522630,672,1007,1679,completed,6
35111,Rigid,2520993,2521651,2522576,658,925,1583,completed,6
35112,Rigid,2521015,2521651,2522576,636,925,1561,completed,6
35113,Rigid,2521120,2521651,2524184,531,2533,3064,completed,6
35114,Rigid,2521139,2521654,2523339,515,1685,2200,completed,6
35115,Rigid,2521140,2521698,2522626,558,928,1486,completed,6
35116,Rigid,2521140,2521698,2522626,558,928,1486,completed,6
35117,Rigid,2521140,2521704,2522791,564,1087,1651,completed,6
35118,Rigid,2521142,2521704,2522791,562,1087,1649,completed,6
35119,Rigid,2521163,2521799,2522855,636,1056,1692,completed,6
35120,Rigid,2521163,2521810,2522968,647,1158,1805,completed,6
35121,Rigid,2521184,2521810,2522569,626,759,1385,completed,6
35122,Rigid,2521184,2521810,2523661,626,1851,2477,completed,6
35123,Rigid,2521184,2521810,2522968,626,1158,1784,completed,6
35124,Rigid,2521204,2521810,2522569,606,759,1365,completed,6
35125,Rigid,2521204,2521810,2522855,606,1045,1651,completed,6
35126,Rigid,2521205,2521811,2522791,606,980,1586,completed,6
35127,Rigid,2521205,2521811,2523675,606,1864,2470,completed,6
35128,Rigid,2521206,2521811,2522630,605,819,1424,completed,6
35129,Rigid,2521206,2521812,2522626,606,814,1420,completed,6
35130,Rigid,2521331,2521812,2522626,481,814,1295,completed,6
35131,Rigid,2521332,2521812,2522626,480,814,1294,completed,6
35132,Rigid,2521333,2521812,2522626,479,814,1293,completed,6
35133,Rigid,2521334,2521812,2523339,478,1527,2005,completed,6
35134,Rigid,2521335,2521890,2522968,555,1078,1633,completed,6
35135,Rigid,2521418,2521890,2522968,472,1078,1550,completed,6
35136,Rigid,2521635,2521890,2521994,255,104,359,completed,6
35137,Rigid,2521637,2521891,2521994,254,103,357,completed,6
35138,Rigid,2521638,2521891,2521994,253,103,356,completed,6
35139,Rigid,2522161,2522161,2522243,0,82,82,completed,6
35140,Rigid,2522250,2592940,2614759,70690,21819,92509,completed,540
35141,Rigid,2522251,2522251,2522348,0,97,97,completed,6
35142,Rigid,2522252,2522255,2522347,3,92,95,completed,6
35143,Rigid,2522252,2522256,2522346,4,90,94,completed,6
35144,Rigid,2522298,2904160,3054091,381862,149931,531793,completed,756
35145,Rigid,2524744,2524745,2524777,1,32,33,completed,6
35146,Rigid,2524781,2524782,2524821,1,39,40,completed,6
35147,Rigid,2524781,2524782,2524819,1,37,38,completed,6
35148,Rigid,2524781,2524782,2524819,1,37,38,completed,6
35149,Rigid,2527280,2537005,2537016,9725,11,9736,completed,18
35150,Rigid,2529006,2593195,2763891,64189,170696,234885,completed,144
35151,Rigid,2531459,2577921,2577943,46462,22,46484,completed,36
35152,Rigid,2531459,2577982,2578007,46523,25,46548,completed,36
35153,Rigid,2531459,2578074,2578099,46615,25,46640,completed,36
35154,Rigid,2531459,2577278,2577468,45819,190,46009,completed,36
35155,Rigid,2531459,2577493,2577686,46034,193,46227,completed,36
35156,Rigid,2531459,2577707,2577822,46248,115,46363,completed,36
35157,Rigid,2531459,2578105,2580764,46646,2659,49305,completed,36
35158,Rigid,2531460,2591957,2592111,60497,154,60651,completed,36
35159,Rigid,2531460,2591988,2592190,60528,202,60730,completed,36
35160,Rigid,2531460,2592113,2592240,60653,127,60780,completed,36
35161,Rigid,2531460,2592363,2592663,60903,300,61203,completed,36
35162,Rigid,2531460,2592363,2592768,60903,405,61308,completed,36
35163,Rigid,2531460,2592488,2592694,61028,206,61234,completed,36
35164,Rigid,2531460,2593206,2593698,61746,492,62238,completed,36
35165,Rigid,2531460,2593206,2593881,61746,675,62421,completed,36
35166,Rigid,2531460,2593206,2593521,61746,315,62061,completed,36
35167,Rigid,2531460,2593522,2593710,62062,188,62250,completed,36
35168,Rigid,2531460,2593790,2593988,62330,198,62528,completed,36
35169,Rigid,2531460,2595096,2595212,63636,116,63752,completed,36
35170,Rigid,2531460,2591175,2593787,59715,2612,62327,completed,36
35171,Rigid,2531460,2591926,2593091,60466,1165,61631,completed,36
35172,Rigid,2531460,2592363,2595185,60903,2822,63725,completed,36
35173,Rigid,2531460,2593206,2598087,61746,4881,66627,completed,36
35174,Rigid,2531460,2592207,2605707,60747,13500,74247,completed,36
35175,Rigid,2531460,2592270,2602506,60810,10236,71046,completed,36
35176,Rigid,2531460,2592704,2618693,61244,25989,87233,completed,36
35177,Rigid,2531460,2593107,2612287,61647,19180,80827,completed,36
35178,Rigid,2531461,2595186,2595215,63725,29,63754,completed,36
35179,Rigid,2531461,2595213,2595236,63752,23,63775,completed,36
35180,Rigid,2531461,2595216,2595233,63755,17,63772,completed,36
35181,Rigid,2531461,2598103,2598253,66642,150,66792,completed,36
35182,Rigid,2531461,2598260,2598470,66799,210,67009,completed,36
35183,Rigid,2531461,2598260,2598372,66799,112,66911,completed,36
35184,Rigid,2531461,2598510,2598781,67049,271,67320,completed,36
35185,Rigid,2531461,2598510,2598924,67049,414,67463,completed,36
35186,Rigid,2531461,2598510,2598768,67049,258,67307,completed,36
35187,Rigid,2531461,2595234,2599454,63773,4220,67993,completed,36
35188,Rigid,2531461,2595237,2599366,63776,4129,67905,completed,36
35189,Rigid,2531461,2596728,2598227,65267,1499,66766,completed,36
35190,Rigid,2531461,2598510,2602395,67049,3885,70934,completed,36
35191,Rigid,2531461,2598385,2610941,66924,12556,79480,completed,36
35192,Rigid,2531461,2598478,2610349,67017,11871,78888,completed,36
35193,Rigid,2531461,2599957,2622693,68496,22736,91232,completed,36
35194,Rigid,2531462,2607348,2607378,75886,30,75916,completed,36
35195,Rigid,2531462,2607381,2607409,75919,28,75947,completed,36
35196,Rigid,2531462,2607413,2607435,75951,22,75973,completed,36
35197,Rigid,2531462,2602558,2603010,71096,452,71548,completed,36
35198,Rigid,2531462,2605711,2606432,74249,721,74970,completed,36
35199,Rigid,2531462,2606463,2606871,75001,408,75409,completed,36
35200,Rigid,2531462,2606887,2607087,75425,200,75625,completed,36
35201,Rigid,2531462,2607118,2607326,75656,208,75864,completed,36
35202,Rigid,2531462,2607314,2607435,75852,121,75973,completed,36
35203,Rigid,2531462,2602526,2608096,71064,5570,76634,completed,36
35204,Rigid,2531462,2601994,2636684,70532,34690,105222,completed,36
35205,Rigid,2531463,2608071,2608146,76608,75,76683,completed,36
35206,Rigid,2531463,2608168,2608226,76705,58,76763,completed,36
35207,Rigid,2531463,2608071,2608634,76608,563,77171,completed,36
35208,Rigid,2531463,2608103,2608210,76640,107,76747,completed,36
35209,Rigid,2531463,2607447,2608622,75984,1175,77159,completed,36
35210,Rigid,2531463,2607447,2608635,75984,1188,77172,completed,36
35211,Rigid,2531463,2608658,2614378,77195,5720,82915,completed,36
35212,Rigid,2531463,2608233,2632550,76770,24317,101087,completed,36
35213,Rigid,2531463,2608234,2625199,76771,16965,93736,completed,36
35214,Rigid,2531465,2610811,2610839,79346,28,79374,completed,36
35215,Rigid,2531465,2610840,2610875,79375,35,79410,completed,36
35216,Rigid,2531465,2610877,2610898,79412,21,79433,completed,36
35217,Rigid,2531465,2609618,2610014,78153,396,78549,completed,36
35218,Rigid,2531465,2609618,2610201,78153,583,78736,completed,36
35219,Rigid,2531465,2610037,2610317,78572,280,78852,completed,36
35220,Rigid,2531465,2610664,2611552,79199,888,80087,completed,36
35221,Rigid,2531465,2610693,2611288,79228,595,79823,completed,36
35222,Rigid,2531465,2610693,2610924,79228,231,79459,completed,36
35223,Rigid,2531465,2610693,2610925,79228,232,79460,completed,36
35224,Rigid,2531465,2610693,2610808,79228,115,79343,completed,36
35225,Rigid,2531465,2610693,2612033,79228,1340,80568,completed,36
35226,Rigid,2531465,2610899,2612210,79434,1311,80745,completed,36
35227,Rigid,2531465,2610229,2691616,78764,81387,160151,completed,36
35228,Rigid,2531465,2610327,2690217,78862,79890,158752,completed,36
35229,Rigid,2531465,2610359,2621975,78894,11616,90510,completed,36
35230,Rigid,2531466,2610909,2610979,79443,70,79513,completed,36
35231,Rigid,2531466,2610909,2611007,79443,98,79541,completed,36
35232,Rigid,2531466,2610909,2610961,79443,52,79495,completed,36
35233,Rigid,2531466,2610909,2611458,79443,549,79992,completed,36
35234,Rigid,2531466,2610963,2611361,79497,398,79895,completed,36
35235,Rigid,2531466,2610981,2611558,79515,577,80092,completed,36
35236,Rigid,2531466,2611009,2611256,79543,247,79790,completed,36
35237,Rigid,2531466,2611459,2612365,79993,906,80899,completed,36
35238,Rigid,2531466,2611559,2612046,80093,487,80580,completed,36
35239,Rigid,2531466,2612034,2612312,80568,278,80846,completed,36
35240,Rigid,2531466,2612047,2612329,80581,282,80863,completed,36
35241,Rigid,2531466,2612212,2612380,80746,168,80914,completed,36
35242,Rigid,2531466,2610909,2612225,79443,1316,80759,completed,36
35243,Rigid,2531466,2610942,2614569,79476,3627,83103,completed,36
35244,Rigid,2531466,2611362,2619695,79896,8333,88229,completed,36
35245,Rigid,2531466,2611554,2612887,80088,1333,81421,completed,36
35246,Rigid,2531466,2610925,2632501,79459,21576,101035,completed,36
35247,Rigid,2531466,2610926,2630758,79460,19832,99292,completed,36
35248,Rigid,2531466,2611257,2695544,79791,84287,164078,completed,36
35249,Rigid,2531466,2611289,2694778,79823,83489,163312,completed,36
35250,Rigid,2531467,2612226,2612250,80759,24,80783,completed,36
35251,Rigid,2531467,2612251,2612298,80784,47,80831,completed,36
35252,Rigid,2531467,2612288,2612318,80821,30,80851,completed,36
35253,Rigid,2531467,2612330,2612408,80863,78,80941,completed,36
35254,Rigid,2531467,2612382,2612449,80915,67,80982,completed,36
35255,Rigid,2531467,2612319,2613048,80852,729,81581,completed,36
35256,Rigid,2531467,2612366,2612483,80899,117,81016,completed,36
35257,Rigid,2531467,2612888,2613326,81421,438,81859,completed,36
35258,Rigid,2531467,2613049,2613698,81582,649,82231,completed,36
35259,Rigid,2531467,2613705,2614042,82238,337,82575,completed,36
35260,Rigid,2531467,2614390,2615342,82923,952,83875,completed,36
35261,Rigid,2531467,2612300,2613784,80833,1484,82317,completed,36
35262,Rigid,2531467,2612313,2613809,80846,1496,82342,completed,36
35263,Rigid,2531467,2612484,2618008,81017,5524,86541,completed,36
35264,Rigid,2531467,2614465,2615882,82998,1417,84415,completed,36
35265,Rigid,2531467,2612409,2638778,80942,26369,107311,completed,36
35266,Rigid,2531467,2612450,2635479,80983,23029,104012,completed,36
35267,Rigid,2531467,2613802,2703799,82335,89997,172332,completed,36
35268,Rigid,2531467,2613835,2702326,82368,88491,170859,completed,36
35269,Rigid,2531467,2614063,2630071,82596,16008,98604,completed,36
35270,Rigid,2531468,2614761,2614794,83293,33,83326,completed,36
35271,Rigid,2531468,2614761,2614801,83293,40,83333,completed,36
35272,Rigid,2531468,2614761,2614792,83293,31,83324,completed,36
35273,Rigid,2531468,2614761,2614844,83293,83,83376,completed,36
35274,Rigid,2531468,2614761,2614828,83293,67,83360,completed,36
35275,Rigid,2531468,2614570,2615242,83102,672,83774,completed,36
35276,Rigid,2531468,2614760,2615008,83292,248,83540,completed,36
35277,Rigid,2531468,2614760,2615009,83292,249,83541,completed,36
35278,Rigid,2531468,2614760,2614906,83292,146,83438,completed,36
35279,Rigid,2531468,2614761,2615437,83293,676,83969,completed,36
35280,Rigid,2531468,2614761,2614880,83293,119,83412,completed,36
35281,Rigid,2531468,2614793,2615211,83325,418,83743,completed,36
35282,Rigid,2531468,2614795,2615413,83327,618,83945,completed,36
35283,Rigid,2531468,2614802,2615091,83334,289,83623,completed,36
35284,Rigid,2531468,2614761,2616105,83293,1344,84637,completed,36
35285,Rigid,2531468,2614761,2616111,83293,1350,84643,completed,36
35286,Rigid,2531468,2614761,2619711,83293,4950,88243,completed,36
35287,Rigid,2531468,2614761,2640755,83293,25994,109287,completed,36
35288,Rigid,2531468,2614761,2640028,83293,25267,108560,completed,36
35289,Rigid,2531469,2615329,2615357,83860,28,83888,completed,36
35290,Rigid,2531469,2615343,2615369,83874,26,83900,completed,36
35291,Rigid,2531469,2615358,2615383,83889,25,83914,completed,36
35292,Rigid,2531469,2615414,2615483,83945,69,84014,completed,36
35293,Rigid,2531469,2615446,2615500,83977,54,84031,completed,36
35294,Rigid,2531469,2614908,2615815,83439,907,84346,completed,36
35295,Rigid,2531469,2615010,2615589,83541,579,84120,completed,36
35296,Rigid,2531469,2615093,2615328,83624,235,83859,completed,36
35297,Rigid,2531469,2615213,2615444,83744,231,83975,completed,36
35298,Rigid,2531469,2615243,2615374,83774,131,83905,completed,36
35299,Rigid,2531469,2615384,2616012,83915,628,84543,completed,36
35300,Rigid,2531469,2615438,2615544,83969,106,84075,completed,36
35301,Rigid,2531469,2615590,2615995,84121,405,84526,completed,36
35302,Rigid,2531469,2615817,2616420,84348,603,84951,completed,36
35303,Rigid,2531469,2615009,2616384,83540,1375,84915,completed,36
35304,Rigid,2531469,2615370,2616680,83901,1310,85211,completed,36
35305,Rigid,2531469,2615375,2616698,83906,1323,85229,completed,36
35306,Rigid,2531469,2615546,2620727,84077,5181,89258,completed,36
35307,Rigid,2531469,2614830,2699728,83361,84898,168259,completed,36
35308,Rigid,2531469,2614846,2698859,83377,84013,167390,completed,36
35309,Rigid,2531469,2614881,2627801,83412,12920,96332,completed,36
35310,Rigid,2531469,2615485,2641367,84016,25882,109898,completed,36
35311,Rigid,2531469,2615501,2635363,84032,19862,103894,completed,36
35312,Rigid,2531470,2615883,2616158,84413,275,84688,completed,36
35313,Rigid,2531470,2615921,2616841,84451,920,85371,completed,36
35314,Rigid,2531470,2616014,2616560,84544,546,85090,completed,36
35315,Rigid,2531470,2615996,2617386,84526,1390,85916,completed,36
35316,Rigid,2531470,2615920,2701614,84450,85694,170144,completed,36
35317,Rigid,2531470,2615921,2699248,84451,83327,167778,completed,36
35318,Rigid,2531470,2615921,2629499,84451,13578,98029,completed,36
35319,Rigid,2533003,2533003,2533004,0,1,1,completed,36
35320,Rigid,2533016,2533016,2533017,0,1,1,completed,36
35321,Rigid,2533029,2533029,2533032,0,3,3,completed,36
35322,Rigid,2533035,2533035,2533036,0,1,1,completed,36
35323,Rigid,2533076,2533076,2533084,0,8,8,completed,36
35324,Rigid,2533090,2533090,2533092,0,2,2,completed,36
35325,Rigid,2533097,2533097,2533099,0,2,2,completed,36
35326,Rigid,2533102,2533102,2533104,0,2,2,completed,36
35327,Rigid,2533117,2533117,2533118,0,1,1,completed,36
35328,Rigid,2533130,2533130,2533132,0,2,2,completed,36
35329,Rigid,2533136,2533136,2533139,0,3,3,completed,36
35330,Rigid,2533144,2533144,2533149,0,5,5,completed,36
35331,Rigid,2533157,2533157,2533159,0,2,2,completed,36
35332,Rigid,2533166,2533166,2533168,0,2,2,completed,36
35333,Rigid,2533172,2533172,2533173,0,1,1,completed,36
35334,Rigid,2533192,2533192,2533195,0,3,3,completed,36
35335,Rigid,2533198,2533198,2533201,0,3,3,completed,36
35336,Rigid,2533208,2533208,2533224,0,16,16,completed,36
35337,Rigid,2533245,2533245,2533248,0,3,3,completed,36
35338,Rigid,2533250,2533250,2533253,0,3,3,completed,36
35339,Rigid,2533256,2533256,2533260,0,4,4,completed,36
35340,Rigid,2533260,2533260,2533263,0,3,3,completed,36
35341,Rigid,2533271,2533271,2533274,0,3,3,completed,36
35342,Rigid,2533277,2533277,2533280,0,3,3,completed,36
35343,Rigid,2533288,2533288,2533292,0,4,4,completed,36
35344,Rigid,2533307,2533307,2533310,0,3,3,completed,36
35345,Rigid,2533312,2533312,2533316,0,4,4,completed,36
35346,Rigid,2533329,2533329,2533332,0,3,3,completed,36
35347,Rigid,2533342,2533343,2533345,1,2,3,completed,36
35348,Rigid,2533346,2533346,2533349,0,3,3,completed,36
35349,Rigid,2533360,2533360,2533364,0,4,4,completed,36
35350,Rigid,2533369,2533369,2533374,0,5,5,completed,36
35351,Rigid,2533378,2533378,2533382,0,4,4,completed,36
35352,Rigid,2533391,2533391,2533396,0,5,5,completed,36
35353,Rigid,2533394,2533395,2533423,1,28,29,completed,36
35354,Rigid,2533407,2533407,2533413,0,6,6,completed,36
35355,Rigid,2533416,2533416,2533422,0,6,6,completed,36
35356,Rigid,2533430,2533430,2533435,0,5,5,completed,36
35357,Rigid,2533449,2533449,2533455,0,6,6,completed,36
35358,Rigid,2533457,2533457,2533463,0,6,6,completed,36
35359,Rigid,2533465,2533465,2533471,0,6,6,completed,36
35360,Rigid,2533567,2533567,2533572,0,5,5,completed,36
35361,Rigid,2533631,2533631,2533642,0,11,11,completed,36
35362,Rigid,2533810,2533810,2533835,0,25,25,completed,36
35363,Rigid,2533851,2533851,2533854,0,3,3,completed,36
35364,Rigid,2533879,2533879,2533882,0,3,3,completed,36
35365,Rigid,2533887,2533888,2533917,1,29,30,completed,36
35366,Rigid,2533960,2533961,2533988,1,27,28,completed,36
35367,Rigid,2534045,2534045,2534051,0,6,6,completed,36
35368,Rigid,2534119,2534119,2534121,0,2,2,completed,36
35369,Rigid,2534209,2534209,2534213,0,4,4,completed,36
35370,Rigid,2534226,2534226,2534228,0,2,2,completed,36
35371,Rigid,2534236,2534236,2534241,0,5,5,completed,36
35372,Rigid,2534300,2534300,2534302,0,2,2,completed,36
35373,Rigid,2534345,2534345,2534348,0,3,3,completed,36
35374,Rigid,2534367,2534367,2534370,0,3,3,completed,36
35375,Rigid,2534402,2534402,2534404,0,2,2,completed,36
35376,Rigid,2534427,2534427,2534430,0,3,3,completed,36
35377,Rigid,2534434,2534434,2534436,0,2,2,completed,36
35378,Rigid,2534440,2534440,2534442,0,2,2,completed,36
35379,Rigid,2534484,2534484,2534487,0,3,3,completed,36
35380,Rigid,2534490,2534490,2534492,0,2,2,completed,36
35381,Rigid,2534504,2534504,2534506,0,2,2,completed,36
35382,Rigid,2534505,2534506,2534516,1,10,11,completed,36
35383,Rigid,2534507,2534507,2534510,0,3,3,completed,36
35384,Rigid,2534569,2534569,2534572,0,3,3,completed,36
35385,Rigid,2534583,2534583,2534585,0,2,2,completed,36
35386,Rigid,2534587,2534587,2534591,0,4,4,completed,36
35387,Rigid,2534658,2534658,2534661,0,3,3,completed,36
35388,Rigid,2534690,2534690,2534692,0,2,2,completed,36
35389,Rigid,2534722,2534722,2534724,0,2,2,completed,36
35390,Rigid,2534728,2534728,2534730,0,2,2,completed,36
35391,Rigid,2534775,2534775,2534778,0,3,3,completed,36
35392,Rigid,2534787,2534787,2534790,0,3,3,completed,36
35393,Rigid,2534825,2534825,2534828,0,3,3,completed,36
35394,Rigid,2534905,2534905,2534906,0,1,1,completed,36
35395,Rigid,2534912,2534912,2534944,0,32,32,completed,36
35396,Rigid,2535195,2535196,2535206,1,10,11,completed,36
35397,Rigid,2535287,2535287,2535321,0,34,34,completed,36
35398,Rigid,2536114,2536114,2536157,0,43,43,completed,36
35399,Rigid,2536638,2536638,2536682,0,44,44,completed,36
35400,Rigid,2536793,2536793,2536832,0,39,39,completed,36
35401,Rigid,2537050,2537050,2537090,0,40,40,completed,36
35402,Rigid,2537101,2537101,2537139,0,38,38,completed,36
35403,Rigid,2537253,2537253,2537255,0,2,2,completed,36
35404,Rigid,2537280,2537280,2537314,0,34,34,completed,36
35405,Rigid,2537393,2537393,2537394,0,1,1,completed,36
35406,Rigid,2537400,2537400,2537402,0,2,2,completed,36
35407,Rigid,2537595,2537595,2537598,0,3,3,completed,36
35408,Rigid,2537602,2537602,2537605,0,3,3,completed,36
35409,Rigid,2537677,2537677,2537680,0,3,3,completed,36
35410,Rigid,2537826,2537826,2537829,0,3,3,completed,36
35411,Rigid,2538033,2538033,2538036,0,3,3,completed,36
35412,Rigid,2538063,2538063,2538066,0,3,3,completed,36
35413,Rigid,2538095,2538095,2538099,0,4,4,completed,36
35414,Rigid,2538101,2538101,2538104,0,3,3,completed,36
35415,Rigid,2538165,2538165,2538168,0,3,3,completed,36
35416,Rigid,2538170,2538170,2538173,0,3,3,completed,36
35417,Rigid,2539739,2539739,2539744,0,5,5,completed,36
35418,Rigid,2539760,2539760,2539762,0,2,2,completed,36
35419,Rigid,2539879,2539879,2539882,0,3,3,completed,36
35420,Rigid,2539993,2539993,2539995,0,2,2,completed,36
35421,Rigid,2540053,2540053,2540055,0,2,2,completed,36
35422,Rigid,2540090,2540090,2540093,0,3,3,completed,36
35423,Rigid,2540149,2540150,2540152,1,2,3,completed,36
35424,Rigid,2540174,2540174,2540177,0,3,3,completed,36
35425,Rigid,2540457,2540457,2540459,0,2,2,completed,36
35426,Rigid,2540473,2540473,2540508,0,35,35,completed,36
35427,Rigid,2540595,2540595,2540634,0,39,39,completed,36
35428,Rigid,2540763,2540763,2540812,0,49,49,completed,36
35429,Rigid,2540888,2540888,2540929,0,41,41,completed,36
35430,Rigid,2542238,2542238,2542244,0,6,6,completed,36
35431,Rigid,2542266,2542266,2542269,0,3,3,completed,36
35432,Rigid,2542282,2542282,2542284,0,2,2,completed,36
35433,Rigid,2542376,2542376,2542380,0,4,4,completed,36
35434,Rigid,2542444,2542444,2542447,0,3,3,completed,36
35435,Rigid,2542692,2542692,2542694,0,2,2,completed,36
35436,Rigid,2542709,2542709,2542711,0,2,2,completed,36
35437,Rigid,2542727,2542727,2542731,0,4,4,completed,36
35438,Rigid,2542751,2542751,2542753,0,2,2,completed,36
35439,Rigid,2542760,2542760,2542761,0,1,1,completed,36
35440,Rigid,2542771,2542771,2542772,0,1,1,completed,36
35441,Rigid,2542858,2542858,2542861,0,3,3,completed,36
35442,Rigid,2542864,2542864,2542866,0,2,2,completed,36
35443,Rigid,2542868,2542868,2542870,0,2,2,completed,36
35444,Rigid,2542894,2542894,2542895,0,1,1,completed,36
35445,Rigid,2542910,2542910,2542912,0,2,2,completed,36
35446,Rigid,2542928,2542928,2542930,0,2,2,completed,36
35447,Rigid,2542973,2542973,2542975,0,2,2,completed,36
35448,Rigid,2543054,2543054,2543056,0,2,2,completed,36
35449,Rigid,2543064,2543064,2543066,0,2,2,completed,36
35450,Rigid,2543083,2543083,2543084,0,1,1,completed,36
35451,Rigid,2543097,2543097,2543099,0,2,2,completed,36
35452,Rigid,2543102,2543103,2543105,1,2,3,completed,36
35453,Rigid,2543149,2543149,2543151,0,2,2,completed,36
35454,Rigid,2543158,2543158,2543160,0,2,2,completed,36
35455,Rigid,2543162,2543162,2543164,0,2,2,completed,36
35456,Rigid,2543177,2543177,2543179,0,2,2,completed,36
35457,Rigid,2543292,2543292,2543295,0,3,3,completed,36
35458,Rigid,2543313,2543313,2543316,0,3,3,completed,36
35459,Rigid,2543381,2543381,2543383,0,2,2,completed,36
35460,Rigid,2556832,2619685,2670089,62853,50404,113257,completed,144
35461,Rigid,2558426,2619697,2671480,61271,51783,113054,completed,144
35462,Rigid,2561038,2620469,2675458,59431,54989,114420,completed,144
35463,Rigid,2567269,2567270,2582769,1,15499,15500,completed,72
35464,Rigid,2568665,2577064,2577254,8399,190,8589,completed,18
35465,Rigid,2568737,2625855,2680961,57118,55106,112224,completed,144
35466,Rigid,2569538,2593711,2616408,24173,22697,46870,completed,72
35467,Rigid,2569576,2593989,2620608,24413,26619,51032,completed,72
35468,Rigid,2569579,2598792,2629183,29213,30391,59604,completed,72
35469,Rigid,2569583,2599390,2634301,29807,34911,64718,completed,72
35470,Rigid,2569588,2616086,2637781,46498,21695,68193,completed,144
35471,Rigid,2569593,2616386,2640699,46793,24313,71106,completed,144
35472,Rigid,2569596,2616609,2642840,47013,26231,73244,completed,144
35473,Rigid,2569599,2616656,2645766,47057,29110,76167,completed,144
35474,Rigid,2569666,2625948,2719787,56282,93839,150121,completed,36
35475,Rigid,2569666,2626015,2669060,56349,43045,99394,completed,36
35476,Rigid,2569666,2626015,2656196,56349,30181,86530,completed,36
35477,Rigid,2569792,2616685,2730767,46893,114082,160975,completed,36
35478,Rigid,2569792,2616716,2673286,46924,56570,103494,completed,36
35479,Rigid,2569792,2616871,2666128,47079,49257,96336,completed,36
35480,Rigid,2570504,2570505,2570983,1,478,479,completed,18
35481,Rigid,2571097,2571098,2571100,1,2,3,completed,1
35482,Rigid,2571097,2571098,2571100,1,2,3,completed,1
35483,Rigid,2571097,2571098,2571107,1,9,10,completed,1
35484,Rigid,2571097,2571098,2571107,1,9,10,completed,1
35485,Rigid,2571097,2571098,2571120,1,22,23,completed,1
35486,Rigid,2571300,2571301,2571303,1,2,3,completed,1
35487,Rigid,2571300,2571301,2571303,1,2,3,completed,1
35488,Rigid,2571300,2571301,2571303,1,2,3,completed,1
35489,Rigid,2571300,2571301,2571303,1,2,3,completed,1
35490,Rigid,2571301,2571301,2571303,0,2,2,completed,1
35491,Rigid,2571301,2571301,2571303,0,2,2,completed,1
35492,Rigid,2571301,2571301,2571303,0,2,2,completed,1
35493,Rigid,2571301,2571301,2571303,0,2,2,completed,1
35494,Rigid,2571301,2571304,2571305,3,1,4,completed,1
35495,Rigid,2571301,2571304,2571305,3,1,4,completed,1
35496,Rigid,2571301,2571304,2571305,3,1,4,completed,1
35497,Rigid,2571301,2571304,2571305,3,1,4,completed,1
35498,Rigid,2571301,2571304,2571306,3,2,5,completed,1
35499,Rigid,2571302,2571304,2571306,2,2,4,completed,1
35500,Rigid,2571302,2571304,2571306,2,2,4,completed,1
35501,Rigid,2571302,2571304,2571305,2,1,3,completed,1
35502,Rigid,2571302,2571304,2571306,2,2,4,completed,1
35503,Rigid,2571302,2571304,2571305,2,1,3,completed,1
35504,Rigid,2571302,2571304,2571305,2,1,3,completed,1
35505,Rigid,2571302,2571304,2571306,2,2,4,completed,1
35506,Rigid,2571302,2571304,2571306,2,2,4,completed,1
35507,Rigid,2571302,2571304,2571305,2,1,3,completed,1
35508,Rigid,2571303,2571304,2571306,1,2,3,completed,1
35509,Rigid,2571303,2571304,2571305,1,1,2,completed,1
35510,Rigid,2571303,2571304,2571306,1,2,3,completed,1
35511,Rigid,2571303,2571304,2571306,1,2,3,completed,1
35512,Rigid,2571303,2571304,2571306,1,2,3,completed,1
35513,Rigid,2571303,2571304,2571305,1,1,2,completed,1
35514,Rigid,2571303,2571304,2571306,1,2,3,completed,1
35515,Rigid,2571303,2571304,2571305,1,1,2,completed,1
35516,Rigid,2571304,2571304,2571306,0,2,2,completed,1
35517,Rigid,2571304,2571304,2571305,0,1,1,completed,1
35518,Rigid,2571304,2571304,2571305,0,1,1,completed,1
35519,Rigid,2571304,2571304,2571306,0,2,2,completed,1
35520,Rigid,2571304,2571304,2571306,0,2,2,completed,1
35521,Rigid,2571304,2571305,2571306,1,1,2,completed,1
35522,Rigid,2571304,2571305,2571306,1,1,2,completed,1
35523,Rigid,2571304,2571305,2571307,1,2,3,completed,1
35524,Rigid,2571305,2571305,2571306,0,1,1,completed,1
35525,Rigid,2571305,2571305,2571306,0,1,1,completed,1
35526,Rigid,2571305,2571305,2571306,0,1,1,completed,1
35527,Rigid,2571305,2571307,2571308,2,1,3,completed,1
35528,Rigid,2571305,2571307,2571308,2,1,3,completed,1
35529,Rigid,2571305,2571307,2571308,2,1,3,completed,1
35530,Rigid,2571305,2571307,2571308,2,1,3,completed,1
35531,Rigid,2571305,2571307,2571308,2,1,3,completed,1
35532,Rigid,2571306,2571307,2571308,1,1,2,completed,1
35533,Rigid,2571306,2571307,2571308,1,1,2,completed,1
35534,Rigid,2571306,2571307,2571308,1,1,2,completed,1
35535,Rigid,2571306,2571307,2571308,1,1,2,completed,1
35536,Rigid,2571306,2571307,2571308,1,1,2,completed,1
35537,Rigid,2571307,2571307,2571308,0,1,1,completed,1
35538,Rigid,2571307,2571307,2571308,0,1,1,completed,1
35539,Rigid,2571307,2571307,2571308,0,1,1,completed,1
35540,Rigid,2571307,2571307,2571308,0,1,1,completed,1
35541,Rigid,2571307,2571307,2571308,0,1,1,completed,1
35542,Rigid,2571307,2571307,2571308,0,1,1,completed,1
35543,Rigid,2571307,2571307,2571308,0,1,1,completed,1
35544,Rigid,2571307,2571307,2571309,0,2,2,completed,1
35545,Rigid,2571307,2571308,2571309,1,1,2,completed,1
35546,Rigid,2571308,2571308,2571309,0,1,1,completed,1
35547,Rigid,2571308,2571308,2571309,0,1,1,completed,1
35548,Rigid,2571308,2571308,2571309,0,1,1,completed,1
35549,Rigid,2571308,2571309,2571310,1,1,2,completed,1
35550,Rigid,2571308,2571309,2571310,1,1,2,completed,1
35551,Rigid,2571308,2571309,2571310,1,1,2,completed,1
35552,Rigid,2571308,2571309,2571310,1,1,2,completed,1
35553,Rigid,2571309,2571309,2571310,0,1,1,completed,1
35554,Rigid,2571309,2571309,2571310,0,1,1,completed,1
35555,Rigid,2571309,2571309,2571310,0,1,1,completed,1
35556,Rigid,2571309,2571309,2571310,0,1,1,completed,1
35557,Rigid,2571309,2571309,2571310,0,1,1,completed,1
35558,Rigid,2571309,2571309,2571310,0,1,1,completed,1
35559,Rigid,2571309,2571309,2571310,0,1,1,completed,1
35560,Rigid,2571309,2571310,2571311,1,1,2,completed,1
35561,Rigid,2571309,2571310,2571311,1,1,2,completed,1
35562,Rigid,2571310,2571310,2571311,0,1,1,completed,1
35563,Rigid,2571310,2571310,2571311,0,1,1,completed,1
35564,Rigid,2571310,2571311,2571313,1,2,3,completed,1
35565,Rigid,2571310,2571311,2571313,1,2,3,completed,1
35566,Rigid,2571310,2571311,2571313,1,2,3,completed,1
35567,Rigid,2571310,2571311,2571313,1,2,3,completed,1
35568,Rigid,2571311,2571311,2571313,0,2,2,completed,1
35569,Rigid,2571311,2571311,2571313,0,2,2,completed,1
35570,Rigid,2571311,2571313,2571314,2,1,3,completed,1
35571,Rigid,2571311,2571313,2571314,2,1,3,completed,1
35572,Rigid,2571313,2571313,2571314,0,1,1,completed,1
35573,Rigid,2571313,2571313,2571314,0,1,1,completed,1
35574,Rigid,2571313,2571314,2571315,1,1,2,completed,1
35575,Rigid,2571313,2571314,2571315,1,1,2,completed,1
35576,Rigid,2571313,2571314,2571315,1,1,2,completed,1
35577,Rigid,2571313,2571314,2571315,1,1,2,completed,1
35578,Rigid,2571313,2571314,2571315,1,1,2,completed,1
35579,Rigid,2571313,2571314,2571315,1,1,2,completed,1
35580,Rigid,2571313,2571314,2571315,1,1,2,completed,1
35581,Rigid,2571314,2571314,2571315,0,1,1,completed,1
35582,Rigid,2571314,2571314,2571315,0,1,1,completed,1
35583,Rigid,2571314,2571314,2571315,0,1,1,completed,1
35584,Rigid,2571314,2571314,2571315,0,1,1,completed,1
35585,Rigid,2571314,2571314,2571315,0,1,1,completed,1
35586,Rigid,2571314,2571314,2571315,0,1,1,completed,1
35587,Rigid,2571314,2571315,2571316,1,1,2,completed,1
35588,Rigid,2571314,2571315,2571316,1,1,2,completed,1
35589,Rigid,2571314,2571315,2571316,1,1,2,completed,1
35590,Rigid,2571315,2571315,2571316,0,1,1,completed,1
35591,Rigid,2571315,2571315,2571316,0,1,1,completed,1
35592,Rigid,2571315,2571315,2571316,0,1,1,completed,1
35593,Rigid,2571315,2571315,2571316,0,1,1,completed,1
35594,Rigid,2571315,2571315,2571316,0,1,1,completed,1
35595,Rigid,2571315,2571316,2571317,1,1,2,completed,1
35596,Rigid,2571315,2571316,2571317,1,1,2,completed,1
35597,Rigid,2571315,2571316,2571317,1,1,2,completed,1
35598,Rigid,2571316,2571316,2571317,0,1,1,completed,1
35599,Rigid,2571316,2571316,2571317,0,1,1,completed,1
35600,Rigid,2571316,2571316,2571317,0,1,1,completed,1
35601,Rigid,2571316,2571316,2571317,0,1,1,completed,1
35602,Rigid,2571316,2571316,2571317,0,1,1,completed,1
35603,Rigid,2571316,2571316,2571317,0,1,1,completed,1
35604,Rigid,2571316,2571316,2571317,0,1,1,completed,1
35605,Rigid,2571316,2571317,2571318,1,1,2,completed,1
35606,Rigid,2571317,2571317,2571318,0,1,1,completed,1
35607,Rigid,2571317,2571317,2571318,0,1,1,completed,1
35608,Rigid,2571317,2571317,2571318,0,1,1,completed,1
35609,Rigid,2571317,2571317,2571318,0,1,1,completed,1
35610,Rigid,2571317,2571317,2571318,0,1,1,completed,1
35611,Rigid,2571317,2571317,2571318,0,1,1,completed,1
35612,Rigid,2571317,2571317,2571318,0,1,1,completed,1
35613,Rigid,2571317,2571317,2571318,0,1,1,completed,1
35614,Rigid,2571317,2571317,2571318,0,1,1,completed,1
35615,Rigid,2571318,2571318,2571319,0,1,1,completed,1
35616,Rigid,2571318,2571318,2571319,0,1,1,completed,1
35617,Rigid,2571318,2571318,2571319,0,1,1,completed,1
35618,Rigid,2571318,2571318,2571319,0,1,1,completed,1
35619,Rigid,2571318,2571318,2571319,0,1,1,completed,1
35620,Rigid,2571318,2571318,2571319,0,1,1,completed,1
35621,Rigid,2571318,2571318,2571319,0,1,1,completed,1
35622,Rigid,2571318,2571318,2571319,0,1,1,completed,1
35623,Rigid,2571319,2571319,2571320,0,1,1,completed,1
35624,Rigid,2571319,2571319,2571320,0,1,1,completed,1
35625,Rigid,2571319,2571319,2571320,0,1,1,completed,1
35626,Rigid,2571319,2571319,2571320,0,1,1,completed,1
35627,Rigid,2571319,2571319,2571320,0,1,1,completed,1
35628,Rigid,2571319,2571319,2571320,0,1,1,completed,1
35629,Rigid,2571319,2571319,2571320,0,1,1,completed,1
35630,Rigid,2571320,2571320,2571321,0,1,1,completed,1
35631,Rigid,2571320,2571320,2571321,0,1,1,completed,1
35632,Rigid,2571320,2571321,2571322,1,1,2,completed,1
35633,Rigid,2571320,2571321,2571322,1,1,2,completed,1
35634,Rigid,2571320,2571321,2571322,1,1,2,completed,1
35635,Rigid,2571320,2571321,2571322,1,1,2,completed,1
35636,Rigid,2571320,2571321,2571322,1,1,2,completed,1
35637,Rigid,2571320,2571321,2571322,1,1,2,completed,1
35638,Rigid,2571321,2571321,2571322,0,1,1,completed,1
35639,Rigid,2571321,2571321,2571322,0,1,1,completed,1
35640,Rigid,2571321,2571321,2571322,0,1,1,completed,1
35641,Rigid,2571321,2571321,2571322,0,1,1,completed,1
35642,Rigid,2571321,2571321,2571322,0,1,1,completed,1
35643,Rigid,2571321,2571321,2571322,0,1,1,completed,1
35644,Rigid,2571321,2571321,2571322,0,1,1,completed,1
35645,Rigid,2571321,2571321,2571322,0,1,1,completed,1
35646,Rigid,2571321,2571322,2571323,1,1,2,completed,1
35647,Rigid,2571322,2571322,2571323,0,1,1,completed,1
35648,Rigid,2571322,2571322,2571323,0,1,1,completed,1
35649,Rigid,2571322,2571322,2571323,0,1,1,completed,1
35650,Rigid,2571322,2571322,2571323,0,1,1,completed,1
35651,Rigid,2571327,2571327,2571328,0,1,1,completed,1
35652,Rigid,2571328,2571329,2571330,1,1,2,completed,1
35653,Rigid,2571328,2571329,2571331,1,2,3,completed,1
35654,Rigid,2571328,2571329,2571331,1,2,3,completed,1
35655,Rigid,2571328,2571329,2571330,1,1,2,completed,1
35656,Rigid,2571328,2571329,2571331,1,2,3,completed,1
35657,Rigid,2571328,2571329,2571331,1,2,3,completed,1
35658,Rigid,2571328,2571329,2571331,1,2,3,completed,1
35659,Rigid,2571328,2571329,2571331,1,2,3,completed,1
35660,Rigid,2571328,2571329,2571331,1,2,3,completed,1
35661,Rigid,2571329,2571329,2571331,0,2,2,completed,1
35662,Rigid,2571329,2571329,2571331,0,2,2,completed,1
35663,Rigid,2571329,2571329,2571331,0,2,2,completed,1
35664,Rigid,2571329,2571329,2571331,0,2,2,completed,1
35665,Rigid,2571329,2571331,2571333,2,2,4,completed,1
35666,Rigid,2571330,2571331,2571333,1,2,3,completed,1
35667,Rigid,2571330,2571331,2571333,1,2,3,completed,1
35668,Rigid,2571330,2571331,2571333,1,2,3,completed,1
35669,Rigid,2571330,2571331,2571333,1,2,3,completed,1
35670,Rigid,2571330,2571331,2571333,1,2,3,completed,1
35671,Rigid,2571330,2571332,2571333,2,1,3,completed,1
35672,Rigid,2571330,2571332,2571333,2,1,3,completed,1
35673,Rigid,2571330,2571332,2571333,2,1,3,completed,1
35674,Rigid,2571330,2571332,2571333,2,1,3,completed,1
35675,Rigid,2571330,2571332,2571333,2,1,3,completed,1
35676,Rigid,2571331,2571332,2571333,1,1,2,completed,1
35677,Rigid,2571331,2571332,2571333,1,1,2,completed,1
35678,Rigid,2571331,2571332,2571333,1,1,2,completed,1
35679,Rigid,2571331,2571332,2571333,1,1,2,completed,1
35680,Rigid,2571331,2571332,2571333,1,1,2,completed,1
35681,Rigid,2571331,2571332,2571333,1,1,2,completed,1
35682,Rigid,2571331,2571332,2571333,1,1,2,completed,1
35683,Rigid,2571332,2571332,2571333,0,1,1,completed,1
35684,Rigid,2571332,2571332,2571333,0,1,1,completed,1
35685,Rigid,2571332,2571332,2571333,0,1,1,completed,1
35686,Rigid,2571332,2571332,2571333,0,1,1,completed,1
35687,Rigid,2571332,2571332,2571333,0,1,1,completed,1
35688,Rigid,2571332,2571332,2571333,0,1,1,completed,1
35689,Rigid,2571332,2571334,2571335,2,1,3,completed,1
35690,Rigid,2571332,2571334,2571335,2,1,3,completed,1
35691,Rigid,2571332,2571334,2571335,2,1,3,completed,1
35692,Rigid,2571333,2571334,2571335,1,1,2,completed,1
35693,Rigid,2571333,2571334,2571335,1,1,2,completed,1
35694,Rigid,2571333,2571334,2571335,1,1,2,completed,1
35695,Rigid,2571333,2571334,2571335,1,1,2,completed,1
35696,Rigid,2571333,2571334,2571335,1,1,2,completed,1
35697,Rigid,2571333,2571334,2571335,1,1,2,completed,1
35698,Rigid,2571333,2571334,2571335,1,1,2,completed,1
35699,Rigid,2571333,2571334,2571335,1,1,2,completed,1
35700,Rigid,2571333,2571334,2571335,1,1,2,completed,1
35701,Rigid,2571333,2571334,2571335,1,1,2,completed,1
35702,Rigid,2571334,2571334,2571335,0,1,1,completed,1
35703,Rigid,2571334,2571334,2571335,0,1,1,completed,1
35704,Rigid,2571334,2571334,2571335,0,1,1,completed,1
35705,Rigid,2571334,2571334,2571335,0,1,1,completed,1
35706,Rigid,2571334,2571334,2571335,0,1,1,completed,1
35707,Rigid,2571334,2571334,2571335,0,1,1,completed,1
35708,Rigid,2571334,2571334,2571335,0,1,1,completed,1
35709,Rigid,2571334,2571334,2571335,0,1,1,completed,1
35710,Rigid,2571334,2571334,2571335,0,1,1,completed,1
35711,Rigid,2571335,2571336,2571337,1,1,2,completed,1
35712,Rigid,2571335,2571336,2571337,1,1,2,completed,1
35713,Rigid,2571335,2571336,2571337,1,1,2,completed,1
35714,Rigid,2571335,2571336,2571337,1,1,2,completed,1
35715,Rigid,2571335,2571336,2571337,1,1,2,completed,1
35716,Rigid,2571335,2571336,2571337,1,1,2,completed,1
35717,Rigid,2571335,2571336,2571337,1,1,2,completed,1
35718,Rigid,2571335,2571336,2571337,1,1,2,completed,1
35719,Rigid,2571335,2571336,2571337,1,1,2,completed,1
35720,Rigid,2571336,2571336,2571337,0,1,1,completed,1
35721,Rigid,2571336,2571336,2571337,0,1,1,completed,1
35722,Rigid,2571336,2571336,2571337,0,1,1,completed,1
35723,Rigid,2571336,2571336,2571337,0,1,1,completed,1
35724,Rigid,2571336,2571336,2571337,0,1,1,completed,1
35725,Rigid,2571336,2571336,2571337,0,1,1,completed,1
35726,Rigid,2571336,2571336,2571337,0,1,1,completed,1
35727,Rigid,2571336,2571336,2571337,0,1,1,completed,1
35728,Rigid,2571336,2571336,2571337,0,1,1,completed,1
35729,Rigid,2571336,2571336,2571337,0,1,1,completed,1
35730,Rigid,2571337,2571338,2571339,1,1,2,completed,1
35731,Rigid,2571337,2571338,2571339,1,1,2,completed,1
35732,Rigid,2571337,2571338,2571339,1,1,2,completed,1
35733,Rigid,2571337,2571338,2571339,1,1,2,completed,1
35734,Rigid,2571337,2571338,2571339,1,1,2,completed,1
35735,Rigid,2571337,2571338,2571339,1,1,2,completed,1
35736,Rigid,2571337,2571338,2571339,1,1,2,completed,1
35737,Rigid,2571337,2571338,2571339,1,1,2,completed,1
35738,Rigid,2571337,2571338,2571339,1,1,2,completed,1
35739,Rigid,2571338,2571338,2571339,0,1,1,completed,1
35740,Rigid,2571338,2571338,2571339,0,1,1,completed,1
35741,Rigid,2571338,2571338,2571340,0,2,2,completed,1
35742,Rigid,2571338,2571338,2571339,0,1,1,completed,1
35743,Rigid,2571338,2571338,2571339,0,1,1,completed,1
35744,Rigid,2571338,2571338,2571339,0,1,1,completed,1
35745,Rigid,2571338,2571338,2571339,0,1,1,completed,1
35746,Rigid,2571338,2571338,2571339,0,1,1,completed,1
35747,Rigid,2571339,2571339,2571340,0,1,1,completed,1
35748,Rigid,2571339,2571339,2571340,0,1,1,completed,1
35749,Rigid,2571348,2571349,2571350,1,1,2,completed,1
35750,Rigid,2571348,2571349,2571350,1,1,2,completed,1
35751,Rigid,2571348,2571349,2571350,1,1,2,completed,1
35752,Rigid,2571348,2571349,2571350,1,1,2,completed,1
35753,Rigid,2571348,2571349,2571350,1,1,2,completed,1
35754,Rigid,2571348,2571349,2571350,1,1,2,completed,1
35755,Rigid,2571349,2571349,2571350,0,1,1,completed,1
35756,Rigid,2571349,2571351,2571352,2,1,3,completed,1
35757,Rigid,2571349,2571351,2571352,2,1,3,completed,1
35758,Rigid,2571349,2571351,2571352,2,1,3,completed,1
35759,Rigid,2571349,2571351,2571352,2,1,3,completed,1
35760,Rigid,2571349,2571351,2571352,2,1,3,completed,1
35761,Rigid,2571349,2571351,2571352,2,1,3,completed,1
35762,Rigid,2571349,2571351,2571352,2,1,3,completed,1
35763,Rigid,2571349,2571351,2571352,2,1,3,completed,1
35764,Rigid,2571350,2571351,2571352,1,1,2,completed,1
35765,Rigid,2571350,2571351,2571352,1,1,2,completed,1
35766,Rigid,2571350,2571351,2571352,1,1,2,completed,1
35767,Rigid,2571350,2571351,2571352,1,1,2,completed,1
35768,Rigid,2571350,2571351,2571352,1,1,2,completed,1
35769,Rigid,2571350,2571351,2571352,1,1,2,completed,1
35770,Rigid,2571350,2571351,2571352,1,1,2,completed,1
35771,Rigid,2571350,2571351,2571352,1,1,2,completed,1
35772,Rigid,2571350,2571351,2571352,1,1,2,completed,1
35773,Rigid,2571351,2571351,2571352,0,1,1,completed,1
35774,Rigid,2571351,2571351,2571352,0,1,1,completed,1
35775,Rigid,2571351,2571351,2571352,0,1,1,completed,1
35776,Rigid,2571351,2571351,2571352,0,1,1,completed,1
35777,Rigid,2571351,2571353,2571354,2,1,3,completed,1
35778,Rigid,2571351,2571353,2571354,2,1,3,completed,1
35779,Rigid,2571351,2571353,2571354,2,1,3,completed,1
35780,Rigid,2571351,2571353,2571354,2,1,3,completed,1
35781,Rigid,2571352,2571353,2571354,1,1,2,completed,1
35782,Rigid,2571352,2571353,2571354,1,1,2,completed,1
35783,Rigid,2571352,2571353,2571354,1,1,2,completed,1
35784,Rigid,2571352,2571353,2571354,1,1,2,completed,1
35785,Rigid,2571352,2571353,2571354,1,1,2,completed,1
35786,Rigid,2571352,2571353,2571354,1,1,2,completed,1
35787,Rigid,2571352,2571353,2571354,1,1,2,completed,1
35788,Rigid,2571352,2571353,2571354,1,1,2,completed,1
35789,Rigid,2571352,2571353,2571354,1,1,2,completed,1
35790,Rigid,2571353,2571353,2571354,0,1,1,completed,1
35791,Rigid,2571353,2571353,2571354,0,1,1,completed,1
35792,Rigid,2571353,2571353,2571354,0,1,1,completed,1
35793,Rigid,2571353,2571353,2571354,0,1,1,completed,1
35794,Rigid,2571353,2571353,2571354,0,1,1,completed,1
35795,Rigid,2571353,2571353,2571354,0,1,1,completed,1
35796,Rigid,2571353,2571353,2571354,0,1,1,completed,1
35797,Rigid,2571353,2571353,2571354,0,1,1,completed,1
35798,Rigid,2571353,2571354,2571355,1,1,2,completed,1
35799,Rigid,2571354,2571354,2571355,0,1,1,completed,1
35800,Rigid,2571354,2571354,2571355,0,1,1,completed,1
35801,Rigid,2571354,2571354,2571355,0,1,1,completed,1
35802,Rigid,2571354,2571354,2571355,0,1,1,completed,1
35803,Rigid,2571354,2571354,2571355,0,1,1,completed,1
35804,Rigid,2571354,2571355,2571356,1,1,2,completed,1
35805,Rigid,2571354,2571355,2571356,1,1,2,completed,1
35806,Rigid,2571354,2571355,2571356,1,1,2,completed,1
35807,Rigid,2571354,2571355,2571356,1,1,2,completed,1
35808,Rigid,2571355,2571355,2571356,0,1,1,completed,1
35809,Rigid,2571355,2571355,2571356,0,1,1,completed,1
35810,Rigid,2571355,2571355,2571356,0,1,1,completed,1
35811,Rigid,2571355,2571355,2571356,0,1,1,completed,1
35812,Rigid,2571355,2571355,2571356,0,1,1,completed,1
35813,Rigid,2571355,2571355,2571356,0,1,1,completed,1
35814,Rigid,2571355,2571355,2571356,0,1,1,completed,1
35815,Rigid,2571355,2571355,2571356,0,1,1,completed,1
35816,Rigid,2571355,2571355,2571356,0,1,1,completed,1
35817,Rigid,2571355,2571356,2571357,1,1,2,completed,1
35818,Rigid,2571356,2571356,2571357,0,1,1,completed,1
35819,Rigid,2571356,2571356,2571357,0,1,1,completed,1
35820,Rigid,2571356,2571356,2571357,0,1,1,completed,1
35821,Rigid,2571356,2571357,2571358,1,1,2,completed,1
35822,Rigid,2571356,2571357,2571358,1,1,2,completed,1
35823,Rigid,2571356,2571357,2571358,1,1,2,completed,1
35824,Rigid,2571356,2571357,2571358,1,1,2,completed,1
35825,Rigid,2571357,2571357,2571358,0,1,1,completed,1
35826,Rigid,2571357,2571357,2571358,0,1,1,completed,1
35827,Rigid,2571357,2571357,2571358,0,1,1,completed,1
35828,Rigid,2571357,2571357,2571358,0,1,1,completed,1
35829,Rigid,2571357,2571358,2571359,1,1,2,completed,1
35830,Rigid,2571358,2571358,2571359,0,1,1,completed,1
35831,Rigid,2571358,2571358,2571359,0,1,1,completed,1
35832,Rigid,2571358,2571358,2571359,0,1,1,completed,1
35833,Rigid,2571358,2571358,2571359,0,1,1,completed,1
35834,Rigid,2571358,2571358,2571359,0,1,1,completed,1
35835,Rigid,2571358,2571359,2571360,1,1,2,completed,1
35836,Rigid,2571358,2571359,2571360,1,1,2,completed,1
35837,Rigid,2571358,2571359,2571360,1,1,2,completed,1
35838,Rigid,2571359,2571359,2571360,0,1,1,completed,1
35839,Rigid,2571359,2571359,2571360,0,1,1,completed,1
35840,Rigid,2571359,2571359,2571360,0,1,1,completed,1
35841,Rigid,2571359,2571359,2571360,0,1,1,completed,1
35842,Rigid,2571359,2571359,2571360,0,1,1,completed,1
35843,Rigid,2571359,2571359,2571360,0,1,1,completed,1
35844,Rigid,2571359,2571359,2571360,0,1,1,completed,1
35845,Rigid,2571369,2571370,2571371,1,1,2,completed,1
35846,Rigid,2571369,2571370,2571371,1,1,2,completed,1
35847,Rigid,2571369,2571370,2571371,1,1,2,completed,1
35848,Rigid,2571369,2571370,2571371,1,1,2,completed,1
35849,Rigid,2571369,2571370,2571371,1,1,2,completed,1
35850,Rigid,2571369,2571370,2571371,1,1,2,completed,1
35851,Rigid,2571369,2571370,2571371,1,1,2,completed,1
35852,Rigid,2571369,2571370,2571371,1,1,2,completed,1
35853,Rigid,2571369,2571370,2571371,1,1,2,completed,1
35854,Rigid,2571369,2571370,2571371,1,1,2,completed,1
35855,Rigid,2571370,2571372,2571373,2,1,3,completed,1
35856,Rigid,2571370,2571372,2571373,2,1,3,completed,1
35857,Rigid,2571370,2571372,2571373,2,1,3,completed,1
35858,Rigid,2571370,2571372,2571373,2,1,3,completed,1
35859,Rigid,2571370,2571372,2571373,2,1,3,completed,1
35860,Rigid,2571370,2571372,2571373,2,1,3,completed,1
35861,Rigid,2571370,2571372,2571373,2,1,3,completed,1
35862,Rigid,2571370,2571372,2571373,2,1,3,completed,1
35863,Rigid,2571370,2571372,2571373,2,1,3,completed,1
35864,Rigid,2571370,2571372,2571373,2,1,3,completed,1
35865,Rigid,2571371,2571372,2571373,1,1,2,completed,1
35866,Rigid,2571371,2571372,2571373,1,1,2,completed,1
35867,Rigid,2571371,2571372,2571373,1,1,2,completed,1
35868,Rigid,2571371,2571372,2571373,1,1,2,completed,1
35869,Rigid,2571371,2571372,2571373,1,1,2,completed,1
35870,Rigid,2571371,2571372,2571373,1,1,2,completed,1
35871,Rigid,2571372,2571372,2571373,0,1,1,completed,1
35872,Rigid,2571372,2571372,2571373,0,1,1,completed,1
35873,Rigid,2571372,2571372,2571373,0,1,1,completed,1
35874,Rigid,2571372,2571372,2571373,0,1,1,completed,1
35875,Rigid,2571372,2571374,2571375,2,1,3,completed,1
35876,Rigid,2571372,2571374,2571375,2,1,3,completed,1
35877,Rigid,2571372,2571374,2571375,2,1,3,completed,1
35878,Rigid,2571372,2571374,2571375,2,1,3,completed,1
35879,Rigid,2571372,2571374,2571375,2,1,3,completed,1
35880,Rigid,2571373,2571374,2571375,1,1,2,completed,1
35881,Rigid,2571373,2571374,2571375,1,1,2,completed,1
35882,Rigid,2571373,2571374,2571375,1,1,2,completed,1
35883,Rigid,2571373,2571374,2571375,1,1,2,completed,1
35884,Rigid,2571373,2571374,2571375,1,1,2,completed,1
35885,Rigid,2571373,2571374,2571375,1,1,2,completed,1
35886,Rigid,2571373,2571374,2571375,1,1,2,completed,1
35887,Rigid,2571373,2571374,2571375,1,1,2,completed,1
35888,Rigid,2571374,2571374,2571375,0,1,1,completed,1
35889,Rigid,2571374,2571374,2571375,0,1,1,completed,1
35890,Rigid,2571374,2571374,2571375,0,1,1,completed,1
35891,Rigid,2571374,2571374,2571375,0,1,1,completed,1
35892,Rigid,2571374,2571374,2571375,0,1,1,completed,1
35893,Rigid,2571374,2571374,2571375,0,1,1,completed,1
35894,Rigid,2571374,2571374,2571375,0,1,1,completed,1
35895,Rigid,2571374,2571374,2571375,0,1,1,completed,1
35896,Rigid,2571374,2571374,2571375,0,1,1,completed,1
35897,Rigid,2571375,2571376,2571377,1,1,2,completed,1
35898,Rigid,2571375,2571376,2571377,1,1,2,completed,1
35899,Rigid,2571375,2571376,2571377,1,1,2,completed,1
35900,Rigid,2571375,2571376,2571377,1,1,2,completed,1
35901,Rigid,2571375,2571376,2571377,1,1,2,completed,1
35902,Rigid,2571375,2571376,2571377,1,1,2,completed,1
35903,Rigid,2571375,2571376,2571377,1,1,2,completed,1
35904,Rigid,2571375,2571376,2571377,1,1,2,completed,1
35905,Rigid,2571375,2571376,2571377,1,1,2,completed,1
35906,Rigid,2571375,2571376,2571377,1,1,2,completed,1
35907,Rigid,2571376,2571376,2571377,0,1,1,completed,1
35908,Rigid,2571376,2571376,2571377,0,1,1,completed,1
35909,Rigid,2571376,2571376,2571377,0,1,1,completed,1
35910,Rigid,2571376,2571376,2571377,0,1,1,completed,1
35911,Rigid,2571376,2571376,2571377,0,1,1,completed,1
35912,Rigid,2571376,2571376,2571377,0,1,1,completed,1
35913,Rigid,2571376,2571376,2571377,0,1,1,completed,1
35914,Rigid,2571376,2571376,2571377,0,1,1,completed,1
35915,Rigid,2571377,2571378,2571379,1,1,2,completed,1
35916,Rigid,2571377,2571378,2571379,1,1,2,completed,1
35917,Rigid,2571377,2571378,2571379,1,1,2,completed,1
35918,Rigid,2571377,2571378,2571379,1,1,2,completed,1
35919,Rigid,2571377,2571378,2571379,1,1,2,completed,1
35920,Rigid,2571377,2571378,2571379,1,1,2,completed,1
35921,Rigid,2571377,2571378,2571379,1,1,2,completed,1
35922,Rigid,2571378,2571378,2571379,0,1,1,completed,1
35923,Rigid,2571378,2571378,2571379,0,1,1,completed,1
35924,Rigid,2571378,2571378,2571379,0,1,1,completed,1
35925,Rigid,2571378,2571378,2571379,0,1,1,completed,1
35926,Rigid,2571378,2571378,2571379,0,1,1,completed,1
35927,Rigid,2571378,2571378,2571379,0,1,1,completed,1
35928,Rigid,2571378,2571378,2571379,0,1,1,completed,1
35929,Rigid,2571378,2571378,2571379,0,1,1,completed,1
35930,Rigid,2571378,2571378,2571379,0,1,1,completed,1
35931,Rigid,2571378,2571378,2571379,0,1,1,completed,1
35932,Rigid,2571379,2571379,2571380,0,1,1,completed,1
35933,Rigid,2571379,2571380,2571381,1,1,2,completed,1
35934,Rigid,2571379,2571380,2571381,1,1,2,completed,1
35935,Rigid,2571379,2571380,2571381,1,1,2,completed,1
35936,Rigid,2571379,2571380,2571381,1,1,2,completed,1
35937,Rigid,2571379,2571380,2571381,1,1,2,completed,1
35938,Rigid,2571379,2571380,2571381,1,1,2,completed,1
35939,Rigid,2571379,2571380,2571381,1,1,2,completed,1
35940,Rigid,2571379,2571380,2571381,1,1,2,completed,1
35941,Rigid,2571389,2571391,2571392,2,1,3,completed,1
35942,Rigid,2571389,2571391,2571392,2,1,3,completed,1
35943,Rigid,2571389,2571391,2571392,2,1,3,completed,1
35944,Rigid,2571389,2571391,2571392,2,1,3,completed,1
35945,Rigid,2571389,2571391,2571392,2,1,3,completed,1
35946,Rigid,2571389,2571391,2571392,2,1,3,completed,1
35947,Rigid,2571389,2571391,2571392,2,1,3,completed,1
35948,Rigid,2571389,2571391,2571392,2,1,3,completed,1
35949,Rigid,2571389,2571391,2571392,2,1,3,completed,1
35950,Rigid,2571389,2571391,2571392,2,1,3,completed,1
35951,Rigid,2571390,2571391,2571392,1,1,2,completed,1
35952,Rigid,2571390,2571391,2571392,1,1,2,completed,1
35953,Rigid,2571391,2571391,2571392,0,1,1,completed,1
35954,Rigid,2571391,2571391,2571392,0,1,1,completed,1
35955,Rigid,2571391,2571391,2571392,0,1,1,completed,1
35956,Rigid,2571391,2571391,2571392,0,1,1,completed,1
35957,Rigid,2571391,2571391,2571392,0,1,1,completed,1
35958,Rigid,2571391,2571391,2571392,0,1,1,completed,1
35959,Rigid,2571391,2571391,2571393,0,2,2,completed,1
35960,Rigid,2571391,2571391,2571392,0,1,1,completed,1
35961,Rigid,2571391,2571393,2571394,2,1,3,completed,1
35962,Rigid,2571392,2571393,2571394,1,1,2,completed,1
35963,Rigid,2571392,2571393,2571394,1,1,2,completed,1
35964,Rigid,2571392,2571393,2571394,1,1,2,completed,1
35965,Rigid,2571392,2571393,2571394,1,1,2,completed,1
35966,Rigid,2571392,2571393,2571394,1,1,2,completed,1
35967,Rigid,2571392,2571393,2571394,1,1,2,completed,1
35968,Rigid,2571392,2571393,2571394,1,1,2,completed,1
35969,Rigid,2571392,2571393,2571394,1,1,2,completed,1
35970,Rigid,2571392,2571393,2571394,1,1,2,completed,1
35971,Rigid,2571393,2571393,2571394,0,1,1,completed,1
35972,Rigid,2571393,2571393,2571394,0,1,1,completed,1
35973,Rigid,2571393,2571393,2571394,0,1,1,completed,1
35974,Rigid,2571393,2571393,2571394,0,1,1,completed,1
35975,Rigid,2571393,2571393,2571394,0,1,1,completed,1
35976,Rigid,2571393,2571393,2571394,0,1,1,completed,1
35977,Rigid,2571393,2571393,2571394,0,1,1,completed,1
35978,Rigid,2571393,2571393,2571395,0,2,2,completed,1
35979,Rigid,2571393,2571393,2571394,0,1,1,completed,1
35980,Rigid,2571393,2571393,2571394,0,1,1,completed,1
35981,Rigid,2571394,2571394,2571395,0,1,1,completed,1
35982,Rigid,2571394,2571394,2571395,0,1,1,completed,1
35983,Rigid,2571394,2571395,2571396,1,1,2,completed,1
35984,Rigid,2571394,2571395,2571396,1,1,2,completed,1
35985,Rigid,2571394,2571395,2571396,1,1,2,completed,1
35986,Rigid,2571394,2571395,2571396,1,1,2,completed,1
35987,Rigid,2571394,2571395,2571396,1,1,2,completed,1
35988,Rigid,2571394,2571395,2571396,1,1,2,completed,1
35989,Rigid,2571394,2571395,2571396,1,1,2,completed,1
35990,Rigid,2571394,2571395,2571396,1,1,2,completed,1
35991,Rigid,2571395,2571395,2571396,0,1,1,completed,1
35992,Rigid,2571395,2571395,2571396,0,1,1,completed,1
35993,Rigid,2571395,2571395,2571396,0,1,1,completed,1
35994,Rigid,2571395,2571395,2571396,0,1,1,completed,1
35995,Rigid,2571395,2571395,2571396,0,1,1,completed,1
35996,Rigid,2571395,2571395,2571396,0,1,1,completed,1
35997,Rigid,2571395,2571395,2571396,0,1,1,completed,1
35998,Rigid,2571395,2571395,2571396,0,1,1,completed,1
35999,Rigid,2571395,2571395,2571396,0,1,1,completed,1
36000,Rigid,2571395,2571395,2571396,0,1,1,completed,1
36001,Rigid,2571396,2571396,2571397,0,1,1,completed,1
36002,Rigid,2571396,2571396,2571397,0,1,1,completed,1
36003,Rigid,2571396,2571396,2571397,0,1,1,completed,1
36004,Rigid,2571396,2571397,2571398,1,1,2,completed,1
36005,Rigid,2571396,2571397,2571398,1,1,2,completed,1
36006,Rigid,2571396,2571397,2571399,1,2,3,completed,1
36007,Rigid,2571396,2571397,2571398,1,1,2,completed,1
36008,Rigid,2571396,2571397,2571399,1,2,3,completed,1
36009,Rigid,2571396,2571397,2571399,1,2,3,completed,1
36010,Rigid,2571396,2571397,2571399,1,2,3,completed,1
36011,Rigid,2571397,2571397,2571399,0,2,2,completed,1
36012,Rigid,2571397,2571397,2571399,0,2,2,completed,1
36013,Rigid,2571397,2571397,2571399,0,2,2,completed,1
36014,Rigid,2571397,2571397,2571399,0,2,2,completed,1
36015,Rigid,2571397,2571397,2571399,0,2,2,completed,1
36016,Rigid,2571397,2571397,2571399,0,2,2,completed,1
36017,Rigid,2571397,2571397,2571399,0,2,2,completed,1
36018,Rigid,2571397,2571398,2571399,1,1,2,completed,1
36019,Rigid,2571398,2571398,2571399,0,1,1,completed,1
36020,Rigid,2571398,2571398,2571399,0,1,1,completed,1
36021,Rigid,2571398,2571398,2571399,0,1,1,completed,1
36022,Rigid,2571398,2571398,2571399,0,1,1,completed,1
36023,Rigid,2571398,2571399,2571400,1,1,2,completed,1
36024,Rigid,2571398,2571399,2571400,1,1,2,completed,1
36025,Rigid,2571398,2571399,2571400,1,1,2,completed,1
36026,Rigid,2571398,2571399,2571400,1,1,2,completed,1
36027,Rigid,2571398,2571399,2571400,1,1,2,completed,1
36028,Rigid,2571399,2571399,2571400,0,1,1,completed,1
36029,Rigid,2571399,2571399,2571400,0,1,1,completed,1
36030,Rigid,2571399,2571399,2571400,0,1,1,completed,1
36031,Rigid,2571399,2571399,2571400,0,1,1,completed,1
36032,Rigid,2571399,2571399,2571400,0,1,1,completed,1
36033,Rigid,2571399,2571399,2571400,0,1,1,completed,1
36034,Rigid,2571399,2571399,2571400,0,1,1,completed,1
36035,Rigid,2571399,2571400,2571401,1,1,2,completed,1
36036,Rigid,2571399,2571400,2571401,1,1,2,completed,1
36037,Rigid,2571400,2571400,2571401,0,1,1,completed,1
36038,Rigid,2571400,2571400,2571401,0,1,1,completed,1
36039,Rigid,2571400,2571400,2571401,0,1,1,completed,1
36040,Rigid,2571409,2571409,2571410,0,1,1,completed,1
36041,Rigid,2571409,2571409,2571410,0,1,1,completed,1
36042,Rigid,2571409,2571409,2571410,0,1,1,completed,1
36043,Rigid,2571409,2571409,2571410,0,1,1,completed,1
36044,Rigid,2571409,2571411,2571412,2,1,3,completed,1
36045,Rigid,2571409,2571411,2571412,2,1,3,completed,1
36046,Rigid,2571409,2571411,2571412,2,1,3,completed,1
36047,Rigid,2571410,2571411,2571413,1,2,3,completed,1
36048,Rigid,2571410,2571411,2571412,1,1,2,completed,1
36049,Rigid,2571410,2571411,2571412,1,1,2,completed,1
36050,Rigid,2571411,2571411,2571413,0,2,2,completed,1
36051,Rigid,2571411,2571411,2571413,0,2,2,completed,1
36052,Rigid,2571411,2571411,2571413,0,2,2,completed,1
36053,Rigid,2571411,2571411,2571413,0,2,2,completed,1
36054,Rigid,2571411,2571411,2571413,0,2,2,completed,1
36055,Rigid,2571411,2571411,2571413,0,2,2,completed,1
36056,Rigid,2571411,2571411,2571412,0,1,1,completed,1
36057,Rigid,2571411,2571411,2571413,0,2,2,completed,1
36058,Rigid,2571411,2571411,2571413,0,2,2,completed,1
36059,Rigid,2571411,2571411,2571412,0,1,1,completed,1
36060,Rigid,2571412,2571413,2571415,1,2,3,completed,1
36061,Rigid,2571412,2571413,2571415,1,2,3,completed,1
36062,Rigid,2571412,2571413,2571415,1,2,3,completed,1
36063,Rigid,2571412,2571413,2571415,1,2,3,completed,1
36064,Rigid,2571412,2571413,2571415,1,2,3,completed,1
36065,Rigid,2571412,2571413,2571415,1,2,3,completed,1
36066,Rigid,2571412,2571413,2571415,1,2,3,completed,1
36067,Rigid,2571412,2571413,2571415,1,2,3,completed,1
36068,Rigid,2571412,2571413,2571415,1,2,3,completed,1
36069,Rigid,2571412,2571413,2571415,1,2,3,completed,1
36070,Rigid,2571413,2571413,2571415,0,2,2,completed,1
36071,Rigid,2571413,2571413,2571415,0,2,2,completed,1
36072,Rigid,2571413,2571413,2571415,0,2,2,completed,1
36073,Rigid,2571413,2571413,2571415,0,2,2,completed,1
36074,Rigid,2571413,2571413,2571415,0,2,2,completed,1
36075,Rigid,2571413,2571413,2571450,0,37,37,completed,2
36076,Rigid,2571413,2571413,2571480,0,67,67,completed,1
36077,Rigid,2571413,2571413,2571449,0,36,36,completed,2
36078,Rigid,2571413,2571413,2572661,0,1248,1248,completed,2
36079,Rigid,2571414,2571414,2571415,0,1,1,completed,1
36080,Rigid,2571415,2571415,2571419,0,4,4,completed,1
36081,Rigid,2571415,2571416,2571425,1,9,10,completed,2
36082,Rigid,2571415,2571416,2571425,1,9,10,completed,2
36083,Rigid,2571415,2571416,2571425,1,9,10,completed,2
36084,Rigid,2571415,2571416,2571425,1,9,10,completed,2
36085,Rigid,2571415,2571416,2571425,1,9,10,completed,2
36086,Rigid,2571415,2571416,2571425,1,9,10,completed,2
36087,Rigid,2571415,2571416,2571422,1,6,7,completed,1
36088,Rigid,2571415,2571416,2571508,1,92,93,completed,2
36089,Rigid,2571415,2571416,2571544,1,128,129,completed,2
36090,Rigid,2571416,2571416,2571421,0,5,5,completed,1
36091,Rigid,2571416,2571416,2571425,0,9,9,completed,2
36092,Rigid,2571416,2571416,2571425,0,9,9,completed,2
36093,Rigid,2571416,2571416,2571425,0,9,9,completed,2
36094,Rigid,2571416,2571416,2571420,0,4,4,completed,1
36095,Rigid,2571416,2571416,2571425,0,9,9,completed,2
36096,Rigid,2571416,2571416,2571425,0,9,9,completed,2
36097,Rigid,2571416,2571416,2571510,0,94,94,completed,2
36098,Rigid,2571416,2571416,2571511,0,95,95,completed,2
36099,Rigid,2571416,2571417,2571509,1,92,93,completed,2
36100,Rigid,2571417,2571417,2571425,0,8,8,completed,2
36101,Rigid,2571417,2571417,2571421,0,4,4,completed,1
36102,Rigid,2571417,2571417,2571425,0,8,8,completed,2
36103,Rigid,2571417,2571420,2571428,3,8,11,completed,2
36104,Rigid,2571417,2571420,2571428,3,8,11,completed,2
36105,Rigid,2571417,2571420,2571428,3,8,11,completed,2
36106,Rigid,2571417,2571420,2571428,3,8,11,completed,2
36107,Rigid,2571417,2571420,2571428,3,8,11,completed,2
36108,Rigid,2571418,2571420,2571425,2,5,7,completed,1
36109,Rigid,2571418,2571420,2571428,2,8,10,completed,2
36110,Rigid,2571418,2571420,2571428,2,8,10,completed,2
36111,Rigid,2571418,2571420,2571428,2,8,10,completed,2
36112,Rigid,2571418,2571420,2571425,2,5,7,completed,1
36113,Rigid,2571418,2571420,2571428,2,8,10,completed,2
36114,Rigid,2571418,2571420,2571424,2,4,6,completed,1
36115,Rigid,2571418,2571420,2571429,2,9,11,completed,2
36116,Rigid,2571418,2571420,2571508,2,88,90,completed,2
36117,Rigid,2571419,2571420,2571429,1,9,10,completed,2
36118,Rigid,2571419,2571420,2571429,1,9,10,completed,2
36119,Rigid,2571419,2571420,2571429,1,9,10,completed,2
36120,Rigid,2571419,2571420,2571425,1,5,6,completed,1
36121,Rigid,2571419,2571420,2571424,1,4,5,completed,1
36122,Rigid,2571419,2571420,2571508,1,88,89,completed,2
36123,Rigid,2571419,2571420,2571509,1,89,90,completed,2
36124,Rigid,2571419,2571420,2571508,1,88,89,completed,2
36125,Rigid,2571419,2571420,2571509,1,89,90,completed,2
36126,Rigid,2571420,2571420,2571429,0,9,9,completed,2
36127,Rigid,2571420,2571420,2571424,0,4,4,completed,1
36128,Rigid,2571420,2571420,2571429,0,9,9,completed,2
36129,Rigid,2571420,2571420,2571429,0,9,9,completed,2
36130,Rigid,2571420,2571420,2571429,0,9,9,completed,2
36131,Rigid,2571420,2571420,2571429,0,9,9,completed,2
36132,Rigid,2571420,2571420,2571509,0,89,89,completed,2
36133,Rigid,2571421,2571421,2571429,0,8,8,completed,2
36134,Rigid,2571421,2571421,2571424,0,3,3,completed,1
36135,Rigid,2571421,2571421,2571424,0,3,3,completed,1
36136,Rigid,2571421,2571421,2571429,0,8,8,completed,2
36137,Rigid,2571421,2571421,2571429,0,8,8,completed,2
36138,Rigid,2571421,2571421,2571508,0,87,87,completed,2
36139,Rigid,2571421,2571421,2571509,0,88,88,completed,2
36140,Rigid,2571430,2571430,2571433,0,3,3,completed,1
36141,Rigid,2571430,2571430,2571434,0,4,4,completed,1
36142,Rigid,2571430,2571430,2571438,0,8,8,completed,2
36143,Rigid,2571430,2571431,2571437,1,6,7,completed,2
36144,Rigid,2571430,2571431,2571437,1,6,7,completed,2
36145,Rigid,2571430,2571431,2571434,1,3,4,completed,1
36146,Rigid,2571430,2571431,2571437,1,6,7,completed,2
36147,Rigid,2571430,2571430,2571508,0,78,78,completed,2
36148,Rigid,2571430,2571430,2571509,0,79,79,completed,2
36149,Rigid,2571430,2571431,2571508,1,77,78,completed,2
36150,Rigid,2571431,2571434,2571441,3,7,10,completed,2
36151,Rigid,2571431,2571434,2571442,3,8,11,completed,2
36152,Rigid,2571431,2571434,2571438,3,4,7,completed,1
36153,Rigid,2571431,2571434,2571441,3,7,10,completed,2
36154,Rigid,2571432,2571434,2571441,2,7,9,completed,2
36155,Rigid,2571432,2571434,2571441,2,7,9,completed,2
36156,Rigid,2571432,2571434,2571442,2,8,10,completed,2
36157,Rigid,2571432,2571434,2571442,2,8,10,completed,2
36158,Rigid,2571432,2571434,2571438,2,4,6,completed,1
36159,Rigid,2571432,2571434,2571508,2,74,76,completed,2
36160,Rigid,2571432,2571434,2571508,2,74,76,completed,2
36161,Rigid,2571433,2571434,2571438,1,4,5,completed,1
36162,Rigid,2571433,2571434,2571442,1,8,9,completed,2
36163,Rigid,2571433,2571434,2571438,1,4,5,completed,1
36164,Rigid,2571433,2571434,2571441,1,7,8,completed,2
36165,Rigid,2571433,2571434,2571441,1,7,8,completed,2
36166,Rigid,2571433,2571434,2571441,1,7,8,completed,2
36167,Rigid,2571433,2571434,2571441,1,7,8,completed,2
36168,Rigid,2571433,2571434,2571441,1,7,8,completed,2
36169,Rigid,2571433,2571434,2571509,1,75,76,completed,2
36170,Rigid,2571434,2571434,2571441,0,7,7,completed,2
36171,Rigid,2571434,2571434,2571441,0,7,7,completed,2
36172,Rigid,2571434,2571434,2571441,0,7,7,completed,2
36173,Rigid,2571434,2571434,2571441,0,7,7,completed,2
36174,Rigid,2571434,2571434,2571441,0,7,7,completed,2
36175,Rigid,2571434,2571434,2571437,0,3,3,completed,1
36176,Rigid,2571434,2571434,2571441,0,7,7,completed,2
36177,Rigid,2571434,2571434,2571443,0,9,9,completed,2
36178,Rigid,2571434,2571434,2571441,0,7,7,completed,2
36179,Rigid,2571434,2571434,2571509,0,75,75,completed,2
36180,Rigid,2571435,2571435,2571438,0,3,3,completed,1
36181,Rigid,2571435,2571435,2571443,0,8,8,completed,2
36182,Rigid,2571435,2571436,2571443,1,7,8,completed,2
36183,Rigid,2571435,2571436,2571439,1,3,4,completed,1
36184,Rigid,2571435,2571435,2571509,0,74,74,completed,2
36185,Rigid,2571435,2571435,2571509,0,74,74,completed,2
36186,Rigid,2571435,2571436,2571508,1,72,73,completed,2
36187,Rigid,2571436,2571439,2571447,3,8,11,completed,2
36188,Rigid,2571436,2571439,2571443,3,4,7,completed,1
36189,Rigid,2571436,2571439,2571446,3,7,10,completed,2
36190,Rigid,2571436,2571439,2571442,3,3,6,completed,1
36191,Rigid,2571436,2571439,2571509,3,70,73,completed,2
36192,Rigid,2571437,2571439,2571446,2,7,9,completed,2
36193,Rigid,2571437,2571439,2571442,2,3,5,completed,1
36194,Rigid,2571437,2571439,2571446,2,7,9,completed,2
36195,Rigid,2571437,2571439,2571442,2,3,5,completed,1
36196,Rigid,2571437,2571439,2571442,2,3,5,completed,1
36197,Rigid,2571437,2571439,2571446,2,7,9,completed,2
36198,Rigid,2571437,2571439,2571509,2,70,72,completed,2
36199,Rigid,2571437,2571439,2571508,2,69,71,completed,2
36200,Rigid,2571437,2571439,2571509,2,70,72,completed,2
36201,Rigid,2571437,2571439,2571509,2,70,72,completed,2
36202,Rigid,2571438,2571439,2571446,1,7,8,completed,2
36203,Rigid,2571438,2571439,2571443,1,4,5,completed,1
36204,Rigid,2571438,2571439,2571446,1,7,8,completed,2
36205,Rigid,2571438,2571439,2571447,1,8,9,completed,2
36206,Rigid,2571438,2571439,2571509,1,70,71,completed,2
36207,Rigid,2571439,2571439,2571447,0,8,8,completed,2
36208,Rigid,2571439,2571439,2571447,0,8,8,completed,2
36209,Rigid,2571439,2571439,2571447,0,8,8,completed,2
36210,Rigid,2571439,2571439,2571447,0,8,8,completed,2
36211,Rigid,2571439,2571439,2571447,0,8,8,completed,2
36212,Rigid,2571439,2571439,2571442,0,3,3,completed,1
36213,Rigid,2571439,2571439,2571447,0,8,8,completed,2
36214,Rigid,2571439,2571440,2571447,1,7,8,completed,2
36215,Rigid,2571439,2571439,2571509,0,70,70,completed,2
36216,Rigid,2571440,2571440,2571443,0,3,3,completed,1
36217,Rigid,2571440,2571440,2571447,0,7,7,completed,2
36218,Rigid,2571440,2571440,2571447,0,7,7,completed,2
36219,Rigid,2571440,2571440,2571448,0,8,8,completed,2
36220,Rigid,2571440,2571440,2571508,0,68,68,completed,2
36221,Rigid,2571440,2571440,2571508,0,68,68,completed,2
36222,Rigid,2571441,2571442,2571445,1,3,4,completed,1
36223,Rigid,2571451,2571452,2571460,1,8,9,completed,2
36224,Rigid,2571451,2571452,2571460,1,8,9,completed,2
36225,Rigid,2571451,2571452,2571455,1,3,4,completed,1
36226,Rigid,2571451,2571452,2571460,1,8,9,completed,2
36227,Rigid,2571451,2571452,2571456,1,4,5,completed,1
36228,Rigid,2571451,2571452,2571517,1,65,66,completed,2
36229,Rigid,2571451,2571452,2571518,1,66,67,completed,2
36230,Rigid,2571452,2571456,2571464,4,8,12,completed,2
36231,Rigid,2571452,2571456,2571459,4,3,7,completed,1
36232,Rigid,2571452,2571456,2571464,4,8,12,completed,2
36233,Rigid,2571452,2571456,2571516,4,60,64,completed,2
36234,Rigid,2571453,2571456,2571464,3,8,11,completed,2
36235,Rigid,2571453,2571456,2571464,3,8,11,completed,2
36236,Rigid,2571453,2571456,2571459,3,3,6,completed,1
36237,Rigid,2571453,2571456,2571464,3,8,11,completed,2
36238,Rigid,2571453,2571456,2571464,3,8,11,completed,2
36239,Rigid,2571453,2571456,2571464,3,8,11,completed,2
36240,Rigid,2571453,2571456,2571515,3,59,62,completed,2
36241,Rigid,2571454,2571456,2571460,2,4,6,completed,1
36242,Rigid,2571454,2571456,2571464,2,8,10,completed,2
36243,Rigid,2571454,2571456,2571464,2,8,10,completed,2
36244,Rigid,2571454,2571456,2571464,2,8,10,completed,2
36245,Rigid,2571454,2571456,2571464,2,8,10,completed,2
36246,Rigid,2571454,2571456,2571460,2,4,6,completed,1
36247,Rigid,2571454,2571456,2571464,2,8,10,completed,2
36248,Rigid,2571454,2571456,2571527,2,71,73,completed,2
36249,Rigid,2571454,2571456,2571517,2,61,63,completed,2
36250,Rigid,2571454,2571456,2571466,2,10,12,completed,2
36251,Rigid,2571455,2571456,2571465,1,9,10,completed,2
36252,Rigid,2571455,2571456,2571464,1,8,9,completed,2
36253,Rigid,2571455,2571456,2571460,1,4,5,completed,1
36254,Rigid,2571455,2571456,2571516,1,60,61,completed,2
36255,Rigid,2571456,2571456,2571459,0,3,3,completed,1
36256,Rigid,2571456,2571456,2571464,0,8,8,completed,2
36257,Rigid,2571456,2571457,2571464,1,7,8,completed,2
36258,Rigid,2571456,2571457,2571464,1,7,8,completed,2
36259,Rigid,2571456,2571457,2571464,1,7,8,completed,2
36260,Rigid,2571456,2571457,2571516,1,59,60,completed,2
36261,Rigid,2571457,2571457,2571460,0,3,3,completed,1
36262,Rigid,2571457,2571460,2571468,3,8,11,completed,2
36263,Rigid,2571457,2571460,2571468,3,8,11,completed,2
36264,Rigid,2571457,2571460,2571463,3,3,6,completed,1
36265,Rigid,2571457,2571460,2571463,3,3,6,completed,1
36266,Rigid,2571457,2571460,2571468,3,8,11,completed,2
36267,Rigid,2571457,2571457,2571518,0,61,61,completed,2
36268,Rigid,2571457,2571460,2571520,3,60,63,completed,2
36269,Rigid,2571458,2571460,2571468,2,8,10,completed,2
36270,Rigid,2571458,2571460,2571469,2,9,11,completed,2
36271,Rigid,2571458,2571460,2571469,2,9,11,completed,2
36272,Rigid,2571458,2571460,2571463,2,3,5,completed,1
36273,Rigid,2571458,2571460,2571468,2,8,10,completed,2
36274,Rigid,2571458,2571460,2571522,2,62,64,completed,2
36275,Rigid,2571459,2571460,2571469,1,9,10,completed,2
36276,Rigid,2571459,2571460,2571463,1,3,4,completed,1
36277,Rigid,2571459,2571460,2571468,1,8,9,completed,2
36278,Rigid,2571459,2571460,2571468,1,8,9,completed,2
36279,Rigid,2571459,2571460,2571468,1,8,9,completed,2
36280,Rigid,2571459,2571460,2571521,1,61,62,completed,2
36281,Rigid,2571459,2571460,2571519,1,59,60,completed,2
36282,Rigid,2571459,2571460,2571522,1,62,63,completed,2
36283,Rigid,2571460,2571460,2571464,0,4,4,completed,1
36284,Rigid,2571460,2571460,2571468,0,8,8,completed,2
36285,Rigid,2571460,2571460,2571463,0,3,3,completed,1
36286,Rigid,2571460,2571460,2571522,0,62,62,completed,2
36287,Rigid,2571461,2571461,2571468,0,7,7,completed,2
36288,Rigid,2571462,2571464,2571475,2,11,13,completed,2
36289,Rigid,2571472,2571473,2571477,1,4,5,completed,1
36290,Rigid,2571472,2571473,2571477,1,4,5,completed,1
36291,Rigid,2571472,2571473,2571537,1,64,65,completed,2
36292,Rigid,2571472,2571473,2571483,1,10,11,completed,2
36293,Rigid,2571472,2571473,2571537,1,64,65,completed,2
36294,Rigid,2571473,2571473,2571481,0,8,8,completed,2
36295,Rigid,2571473,2571473,2571481,0,8,8,completed,2
36296,Rigid,2571473,2571476,2571484,3,8,11,completed,2
36297,Rigid,2571473,2571476,2571479,3,3,6,completed,1
36298,Rigid,2571473,2571476,2571537,3,61,64,completed,2
36299,Rigid,2571474,2571476,2571484,2,8,10,completed,2
36300,Rigid,2571474,2571476,2571479,2,3,5,completed,1
36301,Rigid,2571474,2571476,2571484,2,8,10,completed,2
36302,Rigid,2571474,2571476,2571484,2,8,10,completed,2
36303,Rigid,2571474,2571476,2571484,2,8,10,completed,2
36304,Rigid,2571474,2571476,2571533,2,57,59,completed,2
36305,Rigid,2571474,2571476,2571532,2,56,58,completed,2
36306,Rigid,2571475,2571476,2571485,1,9,10,completed,2
36307,Rigid,2571475,2571476,2571479,1,3,4,completed,1
36308,Rigid,2571475,2571476,2571484,1,8,9,completed,2
36309,Rigid,2571475,2571476,2571480,1,4,5,completed,1
36310,Rigid,2571475,2571476,2571485,1,9,10,completed,2
36311,Rigid,2571475,2571476,2571485,1,9,10,completed,2
36312,Rigid,2571475,2571476,2571480,1,4,5,completed,1
36313,Rigid,2571475,2571476,2571533,1,57,58,completed,2
36314,Rigid,2571475,2571476,2571535,1,59,60,completed,2
36315,Rigid,2571476,2571476,2571484,0,8,8,completed,2
36316,Rigid,2571476,2571476,2571485,0,9,9,completed,2
36317,Rigid,2571476,2571477,2571484,1,7,8,completed,2
36318,Rigid,2571476,2571477,2571480,1,3,4,completed,1
36319,Rigid,2571476,2571477,2571484,1,7,8,completed,2
36320,Rigid,2571476,2571477,2571485,1,8,9,completed,2
36321,Rigid,2571476,2571477,2571481,1,4,5,completed,1
36322,Rigid,2571476,2571477,2571534,1,57,58,completed,2
36323,Rigid,2571477,2571477,2571485,0,8,8,completed,2
36324,Rigid,2571477,2571477,2571484,0,7,7,completed,2
36325,Rigid,2571477,2571478,2571487,1,9,10,completed,2
36326,Rigid,2571477,2571478,2571487,1,9,10,completed,2
36327,Rigid,2571477,2571478,2571487,1,9,10,completed,2
36328,Rigid,2571477,2571477,2571535,0,58,58,completed,2
36329,Rigid,2571477,2571478,2571531,1,53,54,completed,2
36330,Rigid,2571478,2571478,2571482,0,4,4,completed,1
36331,Rigid,2571479,2571480,2571483,1,3,4,completed,1
36332,Rigid,2571479,2571480,2571487,1,7,8,completed,2
36333,Rigid,2571479,2571480,2571487,1,7,8,completed,2
36334,Rigid,2571479,2571480,2571483,1,3,4,completed,1
36335,Rigid,2571479,2571480,2571487,1,7,8,completed,2
36336,Rigid,2571479,2571480,2571544,1,64,65,completed,2
36337,Rigid,2571479,2571480,2571531,1,51,52,completed,2
36338,Rigid,2571480,2571480,2571531,0,51,51,completed,2
36339,Rigid,2571482,2571482,2571492,0,10,10,completed,2
36340,Rigid,2571483,2571484,2571487,1,3,4,completed,1
36341,Rigid,2571493,2571494,2571497,1,3,4,completed,1
36342,Rigid,2571493,2571494,2571497,1,3,4,completed,1
36343,Rigid,2571493,2571494,2571556,1,62,63,completed,2
36344,Rigid,2571493,2571494,2571507,1,13,14,completed,2
36345,Rigid,2571493,2571494,2571507,1,13,14,completed,2
36346,Rigid,2571494,2571498,2571506,4,8,12,completed,2
36347,Rigid,2571494,2571494,2571555,0,61,61,completed,2
36348,Rigid,2571494,2571494,2571506,0,12,12,completed,2
36349,Rigid,2571494,2571498,2571555,4,57,61,completed,2
36350,Rigid,2571495,2571498,2571501,3,3,6,completed,1
36351,Rigid,2571495,2571498,2571506,3,8,11,completed,2
36352,Rigid,2571495,2571498,2571501,3,3,6,completed,1
36353,Rigid,2571495,2571498,2571506,3,8,11,completed,2
36354,Rigid,2571495,2571498,2571501,3,3,6,completed,1
36355,Rigid,2571495,2571498,2571507,3,9,12,completed,2
36356,Rigid,2571495,2571498,2571553,3,55,58,completed,2
36357,Rigid,2571495,2571498,2571555,3,57,60,completed,2
36358,Rigid,2571496,2571498,2571506,2,8,10,completed,2
36359,Rigid,2571496,2571498,2571506,2,8,10,completed,2
36360,Rigid,2571496,2571498,2571506,2,8,10,completed,2
36361,Rigid,2571496,2571498,2571506,2,8,10,completed,2
36362,Rigid,2571496,2571498,2571501,2,3,5,completed,1
36363,Rigid,2571496,2571498,2571507,2,9,11,completed,2
36364,Rigid,2571496,2571498,2571556,2,58,60,completed,2
36365,Rigid,2571496,2571498,2571508,2,10,12,completed,2
36366,Rigid,2571497,2571498,2571501,1,3,4,completed,1
36367,Rigid,2571497,2571498,2571501,1,3,4,completed,1
36368,Rigid,2571497,2571498,2571506,1,8,9,completed,2
36369,Rigid,2571497,2571498,2571506,1,8,9,completed,2
36370,Rigid,2571497,2571498,2571506,1,8,9,completed,2
36371,Rigid,2571497,2571498,2571557,1,59,60,completed,2
36372,Rigid,2571497,2571498,2571559,1,61,62,completed,2
36373,Rigid,2571498,2571498,2571506,0,8,8,completed,2
36374,Rigid,2571498,2571498,2571506,0,8,8,completed,2
36375,Rigid,2571498,2571498,2571507,0,9,9,completed,2
36376,Rigid,2571498,2571498,2571507,0,9,9,completed,2
36377,Rigid,2571498,2571498,2571501,0,3,3,completed,1
36378,Rigid,2571498,2571499,2571556,1,57,58,completed,2
36379,Rigid,2571503,2571506,2571516,3,10,13,completed,2
36380,Rigid,2571513,2571514,2571523,1,9,10,completed,2
36381,Rigid,2571514,2571514,2571517,0,3,3,completed,1
36382,Rigid,2571514,2571517,2571525,3,8,11,completed,2
36383,Rigid,2571514,2571517,2571524,3,7,10,completed,2
36384,Rigid,2571514,2571517,2571524,3,7,10,completed,2
36385,Rigid,2571514,2571517,2571524,3,7,10,completed,2
36386,Rigid,2571514,2571517,2571525,3,8,11,completed,2
36387,Rigid,2571514,2571517,2571574,3,57,60,completed,2
36388,Rigid,2571515,2571517,2571520,2,3,5,completed,1
36389,Rigid,2571515,2571517,2571524,2,7,9,completed,2
36390,Rigid,2571515,2571517,2571524,2,7,9,completed,2
36391,Rigid,2571515,2571517,2571520,2,3,5,completed,1
36392,Rigid,2571515,2571517,2571524,2,7,9,completed,2
36393,Rigid,2571515,2571517,2571573,2,56,58,completed,2
36394,Rigid,2571515,2571517,2571564,2,47,49,completed,2
36395,Rigid,2571516,2571517,2571520,1,3,4,completed,1
36396,Rigid,2571516,2571517,2571524,1,7,8,completed,2
36397,Rigid,2571516,2571517,2571524,1,7,8,completed,2
36398,Rigid,2571516,2571517,2571524,1,7,8,completed,2
36399,Rigid,2571516,2571517,2571524,1,7,8,completed,2
36400,Rigid,2571516,2571517,2571563,1,46,47,completed,2
36401,Rigid,2571516,2571517,2571564,1,47,48,completed,2
36402,Rigid,2571517,2571517,2571520,0,3,3,completed,1
36403,Rigid,2571517,2571517,2571520,0,3,3,completed,1
36404,Rigid,2571517,2571517,2571524,0,7,7,completed,2
36405,Rigid,2571517,2571518,2571524,1,6,7,completed,2
36406,Rigid,2571517,2571518,2571524,1,6,7,completed,2
36407,Rigid,2571517,2571518,2571525,1,7,8,completed,2
36408,Rigid,2571517,2571517,2571571,0,54,54,completed,2
36409,Rigid,2571519,2571519,2571526,0,7,7,completed,2
36410,Rigid,2571519,2571519,2571526,0,7,7,completed,2
36411,Rigid,2571519,2571519,2571522,0,3,3,completed,1
36412,Rigid,2571519,2571519,2571526,0,7,7,completed,2
36413,Rigid,2571519,2571519,2571522,0,3,3,completed,1
36414,Rigid,2571519,2571520,2571574,1,54,55,completed,2
36415,Rigid,2571520,2571521,2571524,1,3,4,completed,1
36416,Rigid,2571520,2571521,2571527,1,6,7,completed,2
36417,Rigid,2571520,2571521,2571527,1,6,7,completed,2
36418,Rigid,2571520,2571521,2571527,1,6,7,completed,2
36419,Rigid,2571520,2571520,2571574,0,54,54,completed,2
36420,Rigid,2571520,2571520,2571571,0,51,51,completed,2
36421,Rigid,2571520,2571521,2571570,1,49,50,completed,2
36422,Rigid,2571521,2571521,2571528,0,7,7,completed,2
36423,Rigid,2571521,2571521,2571524,0,3,3,completed,1
36424,Rigid,2571521,2571521,2571528,0,7,7,completed,2
36425,Rigid,2571521,2571521,2571529,0,8,8,completed,2
36426,Rigid,2571521,2571521,2571528,0,7,7,completed,2
36427,Rigid,2571521,2571522,2571528,1,6,7,completed,2
36428,Rigid,2571521,2571522,2571524,1,2,3,completed,1
36429,Rigid,2571521,2571522,2571578,1,56,57,completed,2
36430,Rigid,2571522,2571523,2571525,1,2,3,completed,1
36431,Rigid,2571522,2571523,2571530,1,7,8,completed,2
36432,Rigid,2571522,2571523,2571525,1,2,3,completed,1
36433,Rigid,2571522,2571523,2571530,1,7,8,completed,2
36434,Rigid,2571522,2571523,2571530,1,7,8,completed,2
36435,Rigid,2571522,2571523,2571525,1,2,3,completed,1
36436,Rigid,2571522,2571522,2571577,0,55,55,completed,2
36437,Rigid,2571522,2571523,2571582,1,59,60,completed,2
36438,Rigid,2571523,2571523,2571531,0,8,8,completed,2
36439,Rigid,2571523,2571523,2571531,0,8,8,completed,2
36440,Rigid,2571523,2571523,2571526,0,3,3,completed,1
36441,Rigid,2571523,2571524,2571526,1,2,3,completed,1
36442,Rigid,2571523,2571524,2571533,1,9,10,completed,2
36443,Rigid,2571523,2571524,2571526,1,2,3,completed,1
36444,Rigid,2571523,2571524,2571533,1,9,10,completed,2
36445,Rigid,2571523,2571523,2571569,0,46,46,completed,2
36446,Rigid,2571523,2571523,2571569,0,46,46,completed,2
36447,Rigid,2571523,2571524,2571583,1,59,60,completed,2
36448,Rigid,2571524,2571525,2571532,1,7,8,completed,2
36449,Rigid,2571524,2571525,2571569,1,44,45,completed,2
36450,Rigid,2571534,2571534,2571537,0,3,3,completed,1
36451,Rigid,2571534,2571534,2571543,0,9,9,completed,2
36452,Rigid,2571534,2571535,2571542,1,7,8,completed,2
36453,Rigid,2571534,2571535,2571542,1,7,8,completed,2
36454,Rigid,2571534,2571535,2571542,1,7,8,completed,2
36455,Rigid,2571534,2571535,2571542,1,7,8,completed,2
36456,Rigid,2571534,2571534,2571594,0,60,60,completed,2
36457,Rigid,2571534,2571535,2571591,1,56,57,completed,2
36458,Rigid,2571535,2571535,2571537,0,2,2,completed,1
36459,Rigid,2571535,2571535,2571542,0,7,7,completed,2
36460,Rigid,2571535,2571535,2571542,0,7,7,completed,2
36461,Rigid,2571535,2571535,2571542,0,7,7,completed,2
36462,Rigid,2571535,2571535,2571542,0,7,7,completed,2
36463,Rigid,2571535,2571535,2571542,0,7,7,completed,2
36464,Rigid,2571535,2571535,2571542,0,7,7,completed,2
36465,Rigid,2571536,2571536,2571544,0,8,8,completed,2
36466,Rigid,2571536,2571536,2571544,0,8,8,completed,2
36467,Rigid,2571536,2571536,2571544,0,8,8,completed,2
36468,Rigid,2571536,2571536,2571539,0,3,3,completed,1
36469,Rigid,2571536,2571536,2571546,0,10,10,completed,2
36470,Rigid,2571536,2571538,2571587,2,49,51,completed,2
36471,Rigid,2571536,2571538,2571587,2,49,51,completed,2
36472,Rigid,2571537,2571538,2571541,1,3,4,completed,1
36473,Rigid,2571537,2571538,2571548,1,10,11,completed,2
36474,Rigid,2571537,2571538,2571548,1,10,11,completed,2
36475,Rigid,2571537,2571538,2571548,1,10,11,completed,2
36476,Rigid,2571537,2571538,2571587,1,49,50,completed,2
36477,Rigid,2571538,2571538,2571541,0,3,3,completed,1
36478,Rigid,2571538,2571538,2571541,0,3,3,completed,1
36479,Rigid,2571538,2571538,2571548,0,10,10,completed,2
36480,Rigid,2571538,2571538,2571588,0,50,50,completed,2
36481,Rigid,2571538,2571538,2571548,0,10,10,completed,2
36482,Rigid,2571538,2571538,2571548,0,10,10,completed,2
36483,Rigid,2571538,2571539,2571598,1,59,60,completed,2
36484,Rigid,2571539,2571539,2571541,0,2,2,completed,1
36485,Rigid,2571539,2571541,2571543,2,2,4,completed,1
36486,Rigid,2571539,2571539,2571549,0,10,10,completed,2
36487,Rigid,2571539,2571539,2571549,0,10,10,completed,2
36488,Rigid,2571539,2571539,2571594,0,55,55,completed,2
36489,Rigid,2571539,2571539,2571549,0,10,10,completed,2
36490,Rigid,2571540,2571541,2571594,1,53,54,completed,2
36491,Rigid,2571541,2571541,2571549,0,8,8,completed,2
36492,Rigid,2571541,2571542,2571544,1,2,3,completed,1
36493,Rigid,2571541,2571542,2571548,1,6,7,completed,2
36494,Rigid,2571541,2571542,2571544,1,2,3,completed,1
36495,Rigid,2571541,2571542,2571548,1,6,7,completed,2
36496,Rigid,2571541,2571542,2571544,1,2,3,completed,1
36497,Rigid,2571541,2571542,2571602,1,60,61,completed,2
36498,Rigid,2571542,2571542,2571548,0,6,6,completed,2
36499,Rigid,2571542,2571542,2571548,0,6,6,completed,2
36500,Rigid,2571542,2571542,2571594,0,52,52,completed,2
36501,Rigid,2571542,2571542,2571594,0,52,52,completed,2
36502,Rigid,2571543,2571544,2571553,1,9,10,completed,2
36503,Rigid,2571543,2571544,2571547,1,3,4,completed,1
36504,Rigid,2571543,2571544,2571547,1,3,4,completed,1
36505,Rigid,2571543,2571544,2571553,1,9,10,completed,2
36506,Rigid,2571543,2571544,2571552,1,8,9,completed,2
36507,Rigid,2571543,2571544,2571602,1,58,59,completed,2
36508,Rigid,2571544,2571544,2571553,0,9,9,completed,2
36509,Rigid,2571544,2571544,2571552,0,8,8,completed,2
36510,Rigid,2571544,2571544,2571547,0,3,3,completed,1
36511,Rigid,2571544,2571544,2571552,0,8,8,completed,2
36512,Rigid,2571544,2571544,2571552,0,8,8,completed,2
36513,Rigid,2571544,2571544,2571552,0,8,8,completed,2
36514,Rigid,2571544,2571544,2571552,0,8,8,completed,2
36515,Rigid,2571544,2571544,2571552,0,8,8,completed,2
36516,Rigid,2571544,2571544,2571594,0,50,50,completed,2
36517,Rigid,2571545,2571545,2571552,0,7,7,completed,2
36518,Rigid,2571545,2571545,2571548,0,3,3,completed,1
36519,Rigid,2571545,2571545,2571554,0,9,9,completed,2
36520,Rigid,2571545,2571545,2571594,0,49,49,completed,2
36521,Rigid,2571545,2571545,2571593,0,48,48,completed,2
36522,Rigid,2571555,2571556,2571558,1,2,3,completed,1
36523,Rigid,2571556,2571557,2571566,1,9,10,completed,2
36524,Rigid,2571556,2571556,2571566,0,10,10,completed,2
36525,Rigid,2571556,2571557,2571605,1,48,49,completed,2
36526,Rigid,2571557,2571557,2571566,0,9,9,completed,2
36527,Rigid,2571557,2571557,2571560,0,3,3,completed,1
36528,Rigid,2571557,2571557,2571560,0,3,3,completed,1
36529,Rigid,2571557,2571557,2571566,0,9,9,completed,2
36530,Rigid,2571557,2571557,2571560,0,3,3,completed,1
36531,Rigid,2571557,2571557,2571566,0,9,9,completed,2
36532,Rigid,2571557,2571557,2571604,0,47,47,completed,2
36533,Rigid,2571557,2571557,2571605,0,48,48,completed,2
36534,Rigid,2571558,2571558,2571566,0,8,8,completed,2
36535,Rigid,2571558,2571560,2571567,2,7,9,completed,2
36536,Rigid,2571558,2571560,2571563,2,3,5,completed,1
36537,Rigid,2571558,2571560,2571567,2,7,9,completed,2
36538,Rigid,2571558,2571560,2571563,2,3,5,completed,1
36539,Rigid,2571558,2571560,2571563,2,3,5,completed,1
36540,Rigid,2571558,2571558,2571610,0,52,52,completed,2
36541,Rigid,2571558,2571560,2571609,2,49,51,completed,2
36542,Rigid,2571559,2571560,2571568,1,8,9,completed,2
36543,Rigid,2571559,2571560,2571567,1,7,8,completed,2
36544,Rigid,2571559,2571560,2571563,1,3,4,completed,1
36545,Rigid,2571559,2571560,2571567,1,7,8,completed,2
36546,Rigid,2571559,2571560,2571609,1,49,50,completed,2
36547,Rigid,2571559,2571560,2571603,1,43,44,completed,2
36548,Rigid,2571560,2571560,2571567,0,7,7,completed,2
36549,Rigid,2571560,2571560,2571569,0,9,9,completed,2
36550,Rigid,2571560,2571561,2571569,1,8,9,completed,2
36551,Rigid,2571560,2571561,2571564,1,3,4,completed,1
36552,Rigid,2571560,2571561,2571569,1,8,9,completed,2
36553,Rigid,2571560,2571561,2571610,1,49,50,completed,2
36554,Rigid,2571561,2571561,2571564,0,3,3,completed,1
36555,Rigid,2571561,2571561,2571569,0,8,8,completed,2
36556,Rigid,2571561,2571561,2571569,0,8,8,completed,2
36557,Rigid,2571561,2571561,2571564,0,3,3,completed,1
36558,Rigid,2571561,2571561,2571569,0,8,8,completed,2
36559,Rigid,2571561,2571561,2571610,0,49,49,completed,2
36560,Rigid,2571561,2571561,2571610,0,49,49,completed,2
36561,Rigid,2571562,2571564,2571573,2,9,11,completed,2
36562,Rigid,2571562,2571564,2571566,2,2,4,completed,1
36563,Rigid,2571562,2571564,2571607,2,43,45,completed,2
36564,Rigid,2571562,2571564,2571607,2,43,45,completed,2
36565,Rigid,2571563,2571564,2571571,1,7,8,completed,2
36566,Rigid,2571563,2571564,2571566,1,2,3,completed,1
36567,Rigid,2571563,2571564,2571571,1,7,8,completed,2
36568,Rigid,2571563,2571564,2571572,1,8,9,completed,2
36569,Rigid,2571563,2571564,2571566,1,2,3,completed,1
36570,Rigid,2571563,2571564,2571566,1,2,3,completed,1
36571,Rigid,2571563,2571564,2571571,1,7,8,completed,2
36572,Rigid,2571563,2571564,2571571,1,7,8,completed,2
36573,Rigid,2571563,2571564,2571607,1,43,44,completed,2
36574,Rigid,2571563,2571564,2571608,1,44,45,completed,2
36575,Rigid,2571564,2571565,2571573,1,8,9,completed,2
36576,Rigid,2571564,2571565,2571574,1,9,10,completed,2
36577,Rigid,2571564,2571565,2571572,1,7,8,completed,2
36578,Rigid,2571564,2571565,2571572,1,7,8,completed,2
36579,Rigid,2571564,2571565,2571574,1,9,10,completed,2
36580,Rigid,2571564,2571565,2571615,1,50,51,completed,2
36581,Rigid,2571566,2571567,2571569,1,2,3,completed,1
36582,Rigid,2571566,2571567,2571576,1,9,10,completed,2
36583,Rigid,2571566,2571567,2571575,1,8,9,completed,2
36584,Rigid,2571566,2571567,2571570,1,3,4,completed,1
36585,Rigid,2571566,2571567,2571575,1,8,9,completed,2
36586,Rigid,2571566,2571567,2571570,1,3,4,completed,1
36587,Rigid,2571566,2571567,2571614,1,47,48,completed,2
36588,Rigid,2571567,2571567,2571575,0,8,8,completed,2
36589,Rigid,2571567,2571567,2571575,0,8,8,completed,2
36590,Rigid,2571567,2571567,2571615,0,48,48,completed,2
36591,Rigid,2571577,2571577,2571586,0,9,9,completed,2
36592,Rigid,2571577,2571577,2571629,0,52,52,completed,2
36593,Rigid,2571577,2571577,2571587,0,10,10,completed,2
36594,Rigid,2571578,2571579,2571581,1,2,3,completed,1
36595,Rigid,2571578,2571579,2571586,1,7,8,completed,2
36596,Rigid,2571578,2571579,2571581,1,2,3,completed,1
36597,Rigid,2571578,2571579,2571586,1,7,8,completed,2
36598,Rigid,2571578,2571579,2571586,1,7,8,completed,2
36599,Rigid,2571578,2571579,2571581,1,2,3,completed,1
36600,Rigid,2571578,2571579,2571629,1,50,51,completed,2
36601,Rigid,2571579,2571579,2571582,0,3,3,completed,1
36602,Rigid,2571579,2571579,2571588,0,9,9,completed,2
36603,Rigid,2571579,2571581,2571590,2,9,11,completed,2
36604,Rigid,2571579,2571579,2571629,0,50,50,completed,2
36605,Rigid,2571579,2571579,2571589,0,10,10,completed,2
36606,Rigid,2571579,2571579,2571629,0,50,50,completed,2
36607,Rigid,2571580,2571581,2571590,1,9,10,completed,2
36608,Rigid,2571580,2571581,2571584,1,3,4,completed,1
36609,Rigid,2571580,2571581,2571590,1,9,10,completed,2
36610,Rigid,2571580,2571581,2571584,1,3,4,completed,1
36611,Rigid,2571580,2571581,2571590,1,9,10,completed,2
36612,Rigid,2571580,2571581,2571629,1,48,49,completed,2
36613,Rigid,2571580,2571581,2571629,1,48,49,completed,2
36614,Rigid,2571581,2571581,2571590,0,9,9,completed,2
36615,Rigid,2571581,2571581,2571584,0,3,3,completed,1
36616,Rigid,2571581,2571581,2571589,0,8,8,completed,2
36617,Rigid,2571581,2571581,2571629,0,48,48,completed,2
36618,Rigid,2571581,2571581,2571628,0,47,47,completed,2
36619,Rigid,2571582,2571582,2571585,0,3,3,completed,1
36620,Rigid,2571582,2571582,2571591,0,9,9,completed,2
36621,Rigid,2571582,2571582,2571584,0,2,2,completed,1
36622,Rigid,2571582,2571582,2571591,0,9,9,completed,2
36623,Rigid,2571582,2571583,2571586,1,3,4,completed,1
36624,Rigid,2571582,2571582,2571627,0,45,45,completed,2
36625,Rigid,2571582,2571583,2571593,1,10,11,completed,2
36626,Rigid,2571583,2571583,2571591,0,8,8,completed,2
36627,Rigid,2571583,2571583,2571591,0,8,8,completed,2
36628,Rigid,2571583,2571583,2571586,0,3,3,completed,1
36629,Rigid,2571583,2571584,2571592,1,8,9,completed,2
36630,Rigid,2571583,2571583,2571593,0,10,10,completed,2
36631,Rigid,2571583,2571583,2571593,0,10,10,completed,2
36632,Rigid,2571583,2571583,2571633,0,50,50,completed,2
36633,Rigid,2571583,2571583,2571627,0,44,44,completed,2
36634,Rigid,2571584,2571584,2571587,0,3,3,completed,1
36635,Rigid,2571584,2571584,2571591,0,7,7,completed,2
36636,Rigid,2571584,2571584,2571592,0,8,8,completed,2
36637,Rigid,2571584,2571584,2571591,0,7,7,completed,2
36638,Rigid,2571584,2571584,2571591,0,7,7,completed,2
36639,Rigid,2571584,2571584,2571591,0,7,7,completed,2
36640,Rigid,2571584,2571585,2571594,1,9,10,completed,2
36641,Rigid,2571584,2571584,2571634,0,50,50,completed,2
36642,Rigid,2571586,2571587,2571595,1,8,9,completed,2
36643,Rigid,2571586,2571587,2571595,1,8,9,completed,2
36644,Rigid,2571586,2571587,2571595,1,8,9,completed,2
36645,Rigid,2571587,2571587,2571595,0,8,8,completed,2
36646,Rigid,2571587,2571587,2571594,0,7,7,completed,2
36647,Rigid,2571587,2571587,2571594,0,7,7,completed,2
36648,Rigid,2571587,2571587,2571594,0,7,7,completed,2
36649,Rigid,2571587,2571587,2571594,0,7,7,completed,2
36650,Rigid,2571587,2571587,2571589,0,2,2,completed,1
36651,Rigid,2571587,2571588,2571590,1,2,3,completed,1
36652,Rigid,2571587,2571587,2571631,0,44,44,completed,2
36653,Rigid,2571587,2571588,2571631,1,43,44,completed,2
36654,Rigid,2571588,2571588,2571596,0,8,8,completed,2
36655,Rigid,2571588,2571588,2571596,0,8,8,completed,2
36656,Rigid,2571588,2571588,2571636,0,48,48,completed,2
36657,Rigid,2571598,2571598,2571601,0,3,3,completed,1
36658,Rigid,2571598,2571598,2571607,0,9,9,completed,2
36659,Rigid,2571598,2571598,2571607,0,9,9,completed,2
36660,Rigid,2571598,2571598,2571607,0,9,9,completed,2
36661,Rigid,2571599,2571599,2571601,0,2,2,completed,1
36662,Rigid,2571599,2571599,2571608,0,9,9,completed,2
36663,Rigid,2571599,2571599,2571601,0,2,2,completed,1
36664,Rigid,2571599,2571600,2571607,1,7,8,completed,2
36665,Rigid,2571599,2571600,2571609,1,9,10,completed,2
36666,Rigid,2571599,2571599,2571645,0,46,46,completed,2
36667,Rigid,2571599,2571600,2571645,1,45,46,completed,2
36668,Rigid,2571600,2571600,2571603,0,3,3,completed,1
36669,Rigid,2571600,2571600,2571645,0,45,45,completed,2
36670,Rigid,2571600,2571600,2571645,0,45,45,completed,2
36671,Rigid,2571601,2571602,2571605,1,3,4,completed,1
36672,Rigid,2571601,2571602,2571610,1,8,9,completed,2
36673,Rigid,2571601,2571602,2571604,1,2,3,completed,1
36674,Rigid,2571601,2571602,2571611,1,9,10,completed,2
36675,Rigid,2571601,2571602,2571604,1,2,3,completed,1
36676,Rigid,2571601,2571602,2571610,1,8,9,completed,2
36677,Rigid,2571601,2571602,2571646,1,44,45,completed,2
36678,Rigid,2571601,2571602,2571646,1,44,45,completed,2
36679,Rigid,2571602,2571602,2571609,0,7,7,completed,2
36680,Rigid,2571602,2571602,2571605,0,3,3,completed,1
36681,Rigid,2571602,2571602,2571609,0,7,7,completed,2
36682,Rigid,2571602,2571602,2571605,0,3,3,completed,1
36683,Rigid,2571602,2571602,2571610,0,8,8,completed,2
36684,Rigid,2571602,2571602,2571610,0,8,8,completed,2
36685,Rigid,2571602,2571603,2571610,1,7,8,completed,2
36686,Rigid,2571602,2571602,2571652,0,50,50,completed,2
36687,Rigid,2571603,2571603,2571606,0,3,3,completed,1
36688,Rigid,2571603,2571603,2571610,0,7,7,completed,2
36689,Rigid,2571603,2571603,2571610,0,7,7,completed,2
36690,Rigid,2571603,2571604,2571612,1,8,9,completed,2
36691,Rigid,2571603,2571603,2571650,0,47,47,completed,2
36692,Rigid,2571603,2571603,2571651,0,48,48,completed,2
36693,Rigid,2571604,2571604,2571606,0,2,2,completed,1
36694,Rigid,2571604,2571604,2571607,0,3,3,completed,1
36695,Rigid,2571604,2571604,2571607,0,3,3,completed,1
36696,Rigid,2571604,2571604,2571643,0,39,39,completed,2
36697,Rigid,2571604,2571604,2571650,0,46,46,completed,2
36698,Rigid,2571604,2571604,2571614,0,10,10,completed,2
36699,Rigid,2571604,2571604,2571614,0,10,10,completed,2
36700,Rigid,2571604,2571604,2571643,0,39,39,completed,2
36701,Rigid,2571605,2571605,2571612,0,7,7,completed,2
36702,Rigid,2571605,2571605,2571607,0,2,2,completed,1
36703,Rigid,2571605,2571605,2571613,0,8,8,completed,2
36704,Rigid,2571605,2571605,2571612,0,7,7,completed,2
36705,Rigid,2571605,2571605,2571643,0,38,38,completed,2
36706,Rigid,2571605,2571606,2571643,1,37,38,completed,2
36707,Rigid,2571606,2571606,2571607,0,1,1,completed,1
36708,Rigid,2571606,2571606,2571614,0,8,8,completed,2
36709,Rigid,2571606,2571606,2571614,0,8,8,completed,2
36710,Rigid,2571606,2571606,2571608,0,2,2,completed,1
36711,Rigid,2571606,2571606,2571648,0,42,42,completed,2
36712,Rigid,2571607,2571608,2571616,1,8,9,completed,2
36713,Rigid,2571607,2571608,2571616,1,8,9,completed,2
36714,Rigid,2571607,2571608,2571610,1,2,3,completed,1
36715,Rigid,2571607,2571608,2571610,1,2,3,completed,1
36716,Rigid,2571607,2571608,2571648,1,40,41,completed,2
36717,Rigid,2571608,2571608,2571615,0,7,7,completed,2
36718,Rigid,2571608,2571608,2571615,0,7,7,completed,2
36719,Rigid,2571608,2571608,2571614,0,6,6,completed,2
36720,Rigid,2571608,2571608,2571611,0,3,3,completed,1
36721,Rigid,2571608,2571608,2571616,0,8,8,completed,2
36722,Rigid,2571608,2571608,2571649,0,41,41,completed,2
36723,Rigid,2571608,2571608,2571648,0,40,40,completed,2
36724,Rigid,2571609,2571609,2571616,0,7,7,completed,2
36725,Rigid,2571609,2571609,2571611,0,2,2,completed,1
36726,Rigid,2571609,2571609,2571616,0,7,7,completed,2
36727,Rigid,2571609,2571609,2571652,0,43,43,completed,2
36728,Rigid,2571619,2571627,2571636,8,9,17,completed,2
36729,Rigid,2571619,2571627,2571635,8,8,16,completed,2
36730,Rigid,2571620,2571627,2571636,7,9,16,completed,2
36731,Rigid,2571620,2571627,2571636,7,9,16,completed,2
36732,Rigid,2571620,2571627,2571635,7,8,15,completed,2
36733,Rigid,2571620,2571627,2571635,7,8,15,completed,2
36734,Rigid,2571620,2571627,2571630,7,3,10,completed,1
36735,Rigid,2571620,2571627,2571675,7,48,55,completed,2
36736,Rigid,2571620,2571627,2571637,7,10,17,completed,2
36737,Rigid,2571621,2571627,2571630,6,3,9,completed,1
36738,Rigid,2571621,2571627,2571630,6,3,9,completed,1
36739,Rigid,2571621,2571627,2571635,6,8,14,completed,2
36740,Rigid,2571621,2571627,2571637,6,10,16,completed,2
36741,Rigid,2571621,2571627,2571669,6,42,48,completed,2
36742,Rigid,2571621,2571627,2571637,6,10,16,completed,2
36743,Rigid,2571621,2571627,2571670,6,43,49,completed,2
36744,Rigid,2571622,2571627,2571630,5,3,8,completed,1
36745,Rigid,2571622,2571627,2571635,5,8,13,completed,2
36746,Rigid,2571622,2571627,2571630,5,3,8,completed,1
36747,Rigid,2571622,2571627,2571635,5,8,13,completed,2
36748,Rigid,2571622,2571627,2571630,5,3,8,completed,1
36749,Rigid,2571622,2571627,2571670,5,43,48,completed,2
36750,Rigid,2571622,2571627,2571670,5,43,48,completed,2
36751,Rigid,2571623,2571627,2571635,4,8,12,completed,2
36752,Rigid,2571623,2571627,2571636,4,9,13,completed,2
36753,Rigid,2571623,2571627,2571629,4,2,6,completed,1
36754,Rigid,2571623,2571627,2571636,4,9,13,completed,2
36755,Rigid,2571623,2571627,2571636,4,9,13,completed,2
36756,Rigid,2571623,2571627,2571670,4,43,47,completed,2
36757,Rigid,2571623,2571627,2571670,4,43,47,completed,2
36758,Rigid,2571624,2571627,2571636,3,9,12,completed,2
36759,Rigid,2571624,2571627,2571636,3,9,12,completed,2
36760,Rigid,2571624,2571627,2571630,3,3,6,completed,1
36761,Rigid,2571624,2571627,2571634,3,7,10,completed,2
36762,Rigid,2571624,2571627,2571629,3,2,5,completed,1
36763,Rigid,2571624,2571627,2571670,3,43,46,completed,2
36764,Rigid,2571624,2571627,2571670,3,43,46,completed,2
36765,Rigid,2571625,2571627,2571629,2,2,4,completed,1
36766,Rigid,2571625,2571627,2571635,2,8,10,completed,2
36767,Rigid,2571625,2571627,2571635,2,8,10,completed,2
36768,Rigid,2571625,2571627,2571629,2,2,4,completed,1
36769,Rigid,2571625,2571627,2571629,2,2,4,completed,1
36770,Rigid,2571625,2571627,2571667,2,40,42,completed,2
36771,Rigid,2571625,2571627,2571668,2,41,43,completed,2
36772,Rigid,2571625,2571627,2571667,2,40,42,completed,2
36773,Rigid,2571626,2571627,2571634,1,7,8,completed,2
36774,Rigid,2571626,2571627,2571635,1,8,9,completed,2
36775,Rigid,2571626,2571627,2571629,1,2,3,completed,1
36776,Rigid,2571626,2571627,2571636,1,9,10,completed,2
36777,Rigid,2571626,2571627,2571667,1,40,41,completed,2
36778,Rigid,2571627,2571627,2571636,0,9,9,completed,2
36779,Rigid,2571627,2571627,2571636,0,9,9,completed,2
36780,Rigid,2571628,2571629,2571635,1,6,7,completed,2
36781,Rigid,2571628,2571629,2571632,1,3,4,completed,1
36782,Rigid,2571628,2571629,2571670,1,41,42,completed,2
36783,Rigid,2571628,2571629,2571670,1,41,42,completed,2
36784,Rigid,2571629,2571629,2571635,0,6,6,completed,2
36785,Rigid,2571629,2571629,2571632,0,3,3,completed,1
36786,Rigid,2571629,2571629,2571635,0,6,6,completed,2
36787,Rigid,2571629,2571629,2571632,0,3,3,completed,1
36788,Rigid,2571629,2571629,2571636,0,7,7,completed,2
36789,Rigid,2571629,2571629,2571632,0,3,3,completed,1
36790,Rigid,2571629,2571629,2571638,0,9,9,completed,2
36791,Rigid,2571629,2571629,2571670,0,41,41,completed,2
36792,Rigid,2571629,2571629,2571667,0,38,38,completed,2
36793,Rigid,2571630,2571630,2571632,0,2,2,completed,1
36794,Rigid,2571640,2571644,2571646,4,2,6,completed,1
36795,Rigid,2571640,2571644,2571653,4,9,13,completed,2
36796,Rigid,2571640,2571644,2571653,4,9,13,completed,2
36797,Rigid,2571640,2571644,2571646,4,2,6,completed,1
36798,Rigid,2571640,2571644,2571653,4,9,13,completed,2
36799,Rigid,2571640,2571640,2571687,0,47,47,completed,2
36800,Rigid,2571640,2571644,2571687,4,43,47,completed,2
36801,Rigid,2571640,2571644,2571687,4,43,47,completed,2
36802,Rigid,2571641,2571644,2571653,3,9,12,completed,2
36803,Rigid,2571641,2571644,2571653,3,9,12,completed,2
36804,Rigid,2571641,2571644,2571646,3,2,5,completed,1
36805,Rigid,2571641,2571644,2571651,3,7,10,completed,2
36806,Rigid,2571641,2571644,2571647,3,3,6,completed,1
36807,Rigid,2571641,2571644,2571651,3,7,10,completed,2
36808,Rigid,2571641,2571644,2571687,3,43,46,completed,2
36809,Rigid,2571641,2571644,2571687,3,43,46,completed,2
36810,Rigid,2571642,2571644,2571647,2,3,5,completed,1
36811,Rigid,2571642,2571644,2571651,2,7,9,completed,2
36812,Rigid,2571642,2571644,2571647,2,3,5,completed,1
36813,Rigid,2571642,2571644,2571651,2,7,9,completed,2
36814,Rigid,2571642,2571644,2571685,2,41,43,completed,2
36815,Rigid,2571642,2571644,2571685,2,41,43,completed,2
36816,Rigid,2571642,2571644,2571685,2,41,43,completed,2
36817,Rigid,2571643,2571644,2571651,1,7,8,completed,2
36818,Rigid,2571643,2571644,2571647,1,3,4,completed,1
36819,Rigid,2571643,2571644,2571647,1,3,4,completed,1
36820,Rigid,2571643,2571644,2571651,1,7,8,completed,2
36821,Rigid,2571643,2571644,2571647,1,3,4,completed,1
36822,Rigid,2571643,2571644,2571652,1,8,9,completed,2
36823,Rigid,2571643,2571644,2571685,1,41,42,completed,2
36824,Rigid,2571644,2571644,2571647,0,3,3,completed,1
36825,Rigid,2571644,2571644,2571652,0,8,8,completed,2
36826,Rigid,2571644,2571644,2571689,0,45,45,completed,2
36827,Rigid,2571644,2571646,2571688,2,42,44,completed,2
36828,Rigid,2571645,2571646,2571653,1,7,8,completed,2
36829,Rigid,2571645,2571646,2571653,1,7,8,completed,2
36830,Rigid,2571645,2571646,2571653,1,7,8,completed,2
36831,Rigid,2571645,2571646,2571648,1,2,3,completed,1
36832,Rigid,2571645,2571646,2571653,1,7,8,completed,2
36833,Rigid,2571645,2571646,2571648,1,2,3,completed,1
36834,Rigid,2571645,2571646,2571688,1,42,43,completed,2
36835,Rigid,2571646,2571646,2571653,0,7,7,completed,2
36836,Rigid,2571646,2571646,2571648,0,2,2,completed,1
36837,Rigid,2571646,2571646,2571653,0,7,7,completed,2
36838,Rigid,2571646,2571647,2571655,1,8,9,completed,2
36839,Rigid,2571646,2571646,2571688,0,42,42,completed,2
36840,Rigid,2571646,2571647,2571684,1,37,38,completed,2
36841,Rigid,2571646,2571647,2571684,1,37,38,completed,2
36842,Rigid,2571647,2571647,2571649,0,2,2,completed,1
36843,Rigid,2571647,2571647,2571649,0,2,2,completed,1
36844,Rigid,2571647,2571647,2571655,0,8,8,completed,2
36845,Rigid,2571647,2571647,2571655,0,8,8,completed,2
36846,Rigid,2571647,2571648,2571655,1,7,8,completed,2
36847,Rigid,2571647,2571648,2571655,1,7,8,completed,2
36848,Rigid,2571647,2571648,2571655,1,7,8,completed,2
36849,Rigid,2571647,2571647,2571684,0,37,37,completed,2
36850,Rigid,2571648,2571648,2571655,0,7,7,completed,2
36851,Rigid,2571648,2571648,2571656,0,8,8,completed,2
36852,Rigid,2571648,2571649,2571651,1,2,3,completed,1
36853,Rigid,2571648,2571648,2571697,0,49,49,completed,2
36854,Rigid,2571649,2571649,2571656,0,7,7,completed,2
36855,Rigid,2571649,2571649,2571651,0,2,2,completed,1
36856,Rigid,2571649,2571649,2571656,0,7,7,completed,2
36857,Rigid,2571649,2571649,2571652,0,3,3,completed,1
36858,Rigid,2571649,2571649,2571658,0,9,9,completed,2
36859,Rigid,2571649,2571649,2571651,0,2,2,completed,1
36860,Rigid,2571649,2571649,2571696,0,47,47,completed,2
36861,Rigid,2571649,2571649,2571689,0,40,40,completed,2
36862,Rigid,2571649,2571650,2571689,1,39,40,completed,2
36863,Rigid,2571650,2571650,2571657,0,7,7,completed,2
36864,Rigid,2571650,2571650,2571652,0,2,2,completed,1
36865,Rigid,2571650,2571650,2571659,0,9,9,completed,2
36866,Rigid,2571650,2571650,2571652,0,2,2,completed,1
36867,Rigid,2571650,2571650,2571689,0,39,39,completed,2
36868,Rigid,2571650,2571650,2571699,0,49,49,completed,2
36869,Rigid,2571661,2571661,2571670,0,9,9,completed,2
36870,Rigid,2571661,2571661,2571670,0,9,9,completed,2
36871,Rigid,2571661,2571661,2571670,0,9,9,completed,2
36872,Rigid,2571661,2571661,2571663,0,2,2,completed,1
36873,Rigid,2571661,2571661,2571670,0,9,9,completed,2
36874,Rigid,2571661,2571662,2571670,1,8,9,completed,2
36875,Rigid,2571661,2571662,2571665,1,3,4,completed,1
36876,Rigid,2571661,2571661,2571709,0,48,48,completed,2
36877,Rigid,2571662,2571665,2571672,3,7,10,completed,2
36878,Rigid,2571662,2571665,2571672,3,7,10,completed,2
36879,Rigid,2571662,2571665,2571667,3,2,5,completed,1
36880,Rigid,2571662,2571665,2571673,3,8,11,completed,2
36881,Rigid,2571662,2571665,2571672,3,7,10,completed,2
36882,Rigid,2571662,2571665,2571704,3,39,42,completed,2
36883,Rigid,2571662,2571665,2571704,3,39,42,completed,2
36884,Rigid,2571663,2571665,2571673,2,8,10,completed,2
36885,Rigid,2571663,2571665,2571667,2,2,4,completed,1
36886,Rigid,2571663,2571665,2571672,2,7,9,completed,2
36887,Rigid,2571663,2571665,2571672,2,7,9,completed,2
36888,Rigid,2571663,2571665,2571672,2,7,9,completed,2
36889,Rigid,2571663,2571665,2571704,2,39,41,completed,2
36890,Rigid,2571664,2571665,2571672,1,7,8,completed,2
36891,Rigid,2571664,2571665,2571672,1,7,8,completed,2
36892,Rigid,2571664,2571665,2571667,1,2,3,completed,1
36893,Rigid,2571664,2571665,2571707,1,42,43,completed,2
36894,Rigid,2571665,2571665,2571672,0,7,7,completed,2
36895,Rigid,2571665,2571665,2571667,0,2,2,completed,1
36896,Rigid,2571665,2571665,2571672,0,7,7,completed,2
36897,Rigid,2571665,2571665,2571673,0,8,8,completed,2
36898,Rigid,2571665,2571666,2571668,1,2,3,completed,1
36899,Rigid,2571665,2571665,2571707,0,42,42,completed,2
36900,Rigid,2571665,2571665,2571708,0,43,43,completed,2
36901,Rigid,2571666,2571666,2571674,0,8,8,completed,2
36902,Rigid,2571666,2571668,2571676,2,8,10,completed,2
36903,Rigid,2571666,2571668,2571670,2,2,4,completed,1
36904,Rigid,2571666,2571668,2571675,2,7,9,completed,2
36905,Rigid,2571666,2571668,2571675,2,7,9,completed,2
36906,Rigid,2571666,2571668,2571716,2,48,50,completed,2
36907,Rigid,2571666,2571668,2571707,2,39,41,completed,2
36908,Rigid,2571667,2571668,2571670,1,2,3,completed,1
36909,Rigid,2571667,2571668,2571676,1,8,9,completed,2
36910,Rigid,2571667,2571668,2571670,1,2,3,completed,1
36911,Rigid,2571667,2571668,2571675,1,7,8,completed,2
36912,Rigid,2571667,2571668,2571676,1,8,9,completed,2
36913,Rigid,2571667,2571668,2571670,1,2,3,completed,1
36914,Rigid,2571667,2571668,2571708,1,40,41,completed,2
36915,Rigid,2571667,2571668,2571724,1,56,57,completed,2
36916,Rigid,2571668,2571668,2571670,0,2,2,completed,1
36917,Rigid,2571668,2571668,2571671,0,3,3,completed,1
36918,Rigid,2571668,2571668,2571678,0,10,10,completed,2
36919,Rigid,2571668,2571668,2571712,0,44,44,completed,2
36920,Rigid,2571668,2571668,2571679,0,11,11,completed,2
36921,Rigid,2571669,2571670,2571707,1,37,38,completed,2
36922,Rigid,2571670,2571670,2571678,0,8,8,completed,2
36923,Rigid,2571670,2571671,2571672,1,1,2,completed,1
36924,Rigid,2571670,2571671,2571677,1,6,7,completed,2
36925,Rigid,2571670,2571670,2571706,0,36,36,completed,2
36926,Rigid,2571670,2571671,2571706,1,35,36,completed,2
36927,Rigid,2571671,2571671,2571677,0,6,6,completed,2
36928,Rigid,2571671,2571671,2571677,0,6,6,completed,2
36929,Rigid,2571671,2571671,2571673,0,2,2,completed,1
36930,Rigid,2571671,2571671,2571677,0,6,6,completed,2
36931,Rigid,2571671,2571671,2571677,0,6,6,completed,2
36932,Rigid,2571671,2571671,2571674,0,3,3,completed,1
36933,Rigid,2571671,2571671,2571707,0,36,36,completed,2
36934,Rigid,2571678,2571678,2572586,0,908,908,completed,36
36935,Rigid,2571679,2571679,2572583,0,904,904,completed,36
36936,Rigid,2571679,2572585,2573491,906,906,1812,completed,36
36937,Rigid,2571680,2572588,2573497,908,909,1817,completed,36
36938,Rigid,2571681,2571682,2571690,1,8,9,completed,2
36939,Rigid,2571681,2572867,2573770,1186,903,2089,completed,36
36940,Rigid,2571682,2571682,2571690,0,8,8,completed,2
36941,Rigid,2571682,2571682,2571691,0,9,9,completed,2
36942,Rigid,2571682,2571682,2571690,0,8,8,completed,2
36943,Rigid,2571682,2571682,2571690,0,8,8,completed,2
36944,Rigid,2571682,2571682,2571691,0,9,9,completed,2
36945,Rigid,2571682,2571682,2571685,0,3,3,completed,1
36946,Rigid,2571682,2571682,2571732,0,50,50,completed,2
36947,Rigid,2571682,2572867,2573776,1185,909,2094,completed,36
36948,Rigid,2571683,2571685,2571694,2,9,11,completed,2
36949,Rigid,2571683,2571685,2571694,2,9,11,completed,2
36950,Rigid,2571683,2571685,2571693,2,8,10,completed,2
36951,Rigid,2571683,2571685,2571694,2,9,11,completed,2
36952,Rigid,2571683,2571685,2571687,2,2,4,completed,1
36953,Rigid,2571683,2571685,2571694,2,9,11,completed,2
36954,Rigid,2571683,2571685,2571687,2,2,4,completed,1
36955,Rigid,2571683,2571685,2571729,2,44,46,completed,2
36956,Rigid,2571684,2571685,2571694,1,9,10,completed,2
36957,Rigid,2571684,2571685,2571693,1,8,9,completed,2
36958,Rigid,2571684,2571685,2571687,1,2,3,completed,1
36959,Rigid,2571684,2571685,2571693,1,8,9,completed,2
36960,Rigid,2571684,2571685,2571693,1,8,9,completed,2
36961,Rigid,2571684,2571685,2571729,1,44,45,completed,2
36962,Rigid,2571684,2571685,2571729,1,44,45,completed,2
36963,Rigid,2571685,2571685,2571687,0,2,2,completed,1
36964,Rigid,2571685,2571685,2571693,0,8,8,completed,2
36965,Rigid,2571685,2571685,2571693,0,8,8,completed,2
36966,Rigid,2571685,2571685,2571687,0,2,2,completed,1
36967,Rigid,2571685,2571685,2571693,0,8,8,completed,2
36968,Rigid,2571685,2571686,2571693,1,7,8,completed,2
36969,Rigid,2571685,2571685,2571728,0,43,43,completed,2
36970,Rigid,2571685,2571685,2571727,0,42,42,completed,2
36971,Rigid,2571686,2571686,2571693,0,7,7,completed,2
36972,Rigid,2571686,2571686,2571695,0,9,9,completed,2
36973,Rigid,2571686,2571686,2571693,0,7,7,completed,2
36974,Rigid,2571686,2571686,2571693,0,7,7,completed,2
36975,Rigid,2571686,2571686,2571693,0,7,7,completed,2
36976,Rigid,2571686,2571686,2571688,0,2,2,completed,1
36977,Rigid,2571686,2571686,2571729,0,43,43,completed,2
36978,Rigid,2571687,2571687,2571696,0,9,9,completed,2
36979,Rigid,2571687,2571687,2571695,0,8,8,completed,2
36980,Rigid,2571687,2571687,2571689,0,2,2,completed,1
36981,Rigid,2571687,2571687,2571695,0,8,8,completed,2
36982,Rigid,2571687,2571688,2571690,1,2,3,completed,1
36983,Rigid,2571687,2571687,2571729,0,42,42,completed,2
36984,Rigid,2571687,2571687,2571697,0,10,10,completed,2
36985,Rigid,2571688,2571688,2571695,0,7,7,completed,2
36986,Rigid,2571688,2571688,2571690,0,2,2,completed,1
36987,Rigid,2571688,2571688,2571695,0,7,7,completed,2
36988,Rigid,2571688,2571688,2571690,0,2,2,completed,1
36989,Rigid,2571688,2571689,2571695,1,6,7,completed,2
36990,Rigid,2571688,2571688,2571729,0,41,41,completed,2
36991,Rigid,2571688,2571688,2571729,0,41,41,completed,2
36992,Rigid,2571689,2571689,2571690,0,1,1,completed,1
36993,Rigid,2571689,2571689,2571696,0,7,7,completed,2
36994,Rigid,2571689,2571689,2571697,0,8,8,completed,2
36995,Rigid,2571689,2571689,2571691,0,2,2,completed,1
36996,Rigid,2571689,2571689,2571697,0,8,8,completed,2
36997,Rigid,2571689,2571689,2571729,0,40,40,completed,2
36998,Rigid,2571689,2571689,2571736,0,47,47,completed,2
36999,Rigid,2571689,2571689,2571737,0,48,48,completed,2
37000,Rigid,2571690,2571690,2571693,0,3,3,completed,1
37001,Rigid,2571690,2571690,2571697,0,7,7,completed,2
37002,Rigid,2571690,2571690,2571697,0,7,7,completed,2
37003,Rigid,2571690,2571690,2571697,0,7,7,completed,2
37004,Rigid,2571690,2571690,2571693,0,3,3,completed,1
37005,Rigid,2571690,2571690,2571697,0,7,7,completed,2
37006,Rigid,2571690,2571690,2571729,0,39,39,completed,2
37007,Rigid,2571690,2571691,2571737,1,46,47,completed,2
37008,Rigid,2571691,2571691,2571700,0,9,9,completed,2
37009,Rigid,2571691,2571691,2571693,0,2,2,completed,1
37010,Rigid,2571691,2571691,2571699,0,8,8,completed,2
37011,Rigid,2571691,2571691,2571694,0,3,3,completed,1
37012,Rigid,2571691,2571691,2571698,0,7,7,completed,2
37013,Rigid,2571691,2571691,2571693,0,2,2,completed,1
37014,Rigid,2571691,2571691,2571736,0,45,45,completed,2
37015,Rigid,2571691,2571691,2571729,0,38,38,completed,2
37016,Rigid,2571691,2571691,2571701,0,10,10,completed,2
37017,Rigid,2571692,2571692,2571700,0,8,8,completed,2
37018,Rigid,2571692,2571692,2571731,0,39,39,completed,2
37019,Rigid,2571702,2571703,2571705,1,2,3,completed,1
37020,Rigid,2571702,2571703,2571711,1,8,9,completed,2
37021,Rigid,2571702,2571703,2571711,1,8,9,completed,2
37022,Rigid,2571702,2571703,2571751,1,48,49,completed,2
37023,Rigid,2571703,2571703,2571705,0,2,2,completed,1
37024,Rigid,2571703,2571703,2571711,0,8,8,completed,2
37025,Rigid,2571703,2571703,2571705,0,2,2,completed,1
37026,Rigid,2571703,2571705,2571714,2,9,11,completed,2
37027,Rigid,2571703,2571703,2571751,0,48,48,completed,2
37028,Rigid,2571703,2571705,2571748,2,43,45,completed,2
37029,Rigid,2571703,2571705,2571715,2,10,12,completed,2
37030,Rigid,2571704,2571705,2571708,1,3,4,completed,1
37031,Rigid,2571704,2571705,2571714,1,9,10,completed,2
37032,Rigid,2571704,2571705,2571714,1,9,10,completed,2
37033,Rigid,2571704,2571705,2571707,1,2,3,completed,1
37034,Rigid,2571704,2571705,2571714,1,9,10,completed,2
37035,Rigid,2571704,2571705,2571708,1,3,4,completed,1
37036,Rigid,2571704,2571705,2571749,1,44,45,completed,2
37037,Rigid,2571704,2571705,2571749,1,44,45,completed,2
37038,Rigid,2571705,2571705,2571707,0,2,2,completed,1
37039,Rigid,2571705,2571706,2571714,1,8,9,completed,2
37040,Rigid,2571705,2571705,2571715,0,10,10,completed,2
37041,Rigid,2571705,2571705,2571751,0,46,46,completed,2
37042,Rigid,2571705,2571705,2571715,0,10,10,completed,2
37043,Rigid,2571705,2571705,2571748,0,43,43,completed,2
37044,Rigid,2571706,2571706,2571708,0,2,2,completed,1
37045,Rigid,2571706,2571706,2571715,0,9,9,completed,2
37046,Rigid,2571706,2571706,2571714,0,8,8,completed,2
37047,Rigid,2571706,2571706,2571708,0,2,2,completed,1
37048,Rigid,2571706,2571707,2571714,1,7,8,completed,2
37049,Rigid,2571706,2571707,2571709,1,2,3,completed,1
37050,Rigid,2571706,2571706,2571748,0,42,42,completed,2
37051,Rigid,2571706,2571706,2571748,0,42,42,completed,2
37052,Rigid,2571706,2571707,2571748,1,41,42,completed,2
37053,Rigid,2571707,2571707,2571714,0,7,7,completed,2
37054,Rigid,2571707,2571707,2571709,0,2,2,completed,1
37055,Rigid,2571707,2571707,2571709,0,2,2,completed,1
37056,Rigid,2571707,2571708,2571716,1,8,9,completed,2
37057,Rigid,2571707,2571708,2571716,1,8,9,completed,2
37058,Rigid,2571707,2571707,2571748,0,41,41,completed,2
37059,Rigid,2571707,2571708,2571751,1,43,44,completed,2
37060,Rigid,2571708,2571708,2571716,0,8,8,completed,2
37061,Rigid,2571708,2571708,2571710,0,2,2,completed,1
37062,Rigid,2571708,2571708,2571716,0,8,8,completed,2
37063,Rigid,2571708,2571708,2571711,0,3,3,completed,1
37064,Rigid,2571708,2571708,2571751,0,43,43,completed,2
37065,Rigid,2571708,2571708,2571751,0,43,43,completed,2
37066,Rigid,2571709,2571709,2571711,0,2,2,completed,1
37067,Rigid,2571709,2571709,2571718,0,9,9,completed,2
37068,Rigid,2571709,2571709,2571711,0,2,2,completed,1
37069,Rigid,2571709,2571710,2571717,1,7,8,completed,2
37070,Rigid,2571709,2571710,2571717,1,7,8,completed,2
37071,Rigid,2571709,2571710,2571717,1,7,8,completed,2
37072,Rigid,2571709,2571709,2571748,0,39,39,completed,2
37073,Rigid,2571709,2571710,2571759,1,49,50,completed,2
37074,Rigid,2571711,2571711,2571713,0,2,2,completed,1
37075,Rigid,2571711,2571711,2571720,0,9,9,completed,2
37076,Rigid,2571711,2571711,2571713,0,2,2,completed,1
37077,Rigid,2571711,2571711,2571714,0,3,3,completed,1
37078,Rigid,2571711,2571712,2571720,1,8,9,completed,2
37079,Rigid,2571711,2571711,2571757,0,46,46,completed,2
37080,Rigid,2571711,2571711,2571753,0,42,42,completed,2
37081,Rigid,2571711,2571711,2571721,0,10,10,completed,2
37082,Rigid,2571711,2571712,2571752,1,40,41,completed,2
37083,Rigid,2571712,2571712,2571720,0,8,8,completed,2
37084,Rigid,2571712,2571712,2571714,0,2,2,completed,1
37085,Rigid,2571712,2571712,2571720,0,8,8,completed,2
37086,Rigid,2571712,2571712,2571720,0,8,8,completed,2
37087,Rigid,2571712,2571712,2571714,0,2,2,completed,1
37088,Rigid,2571712,2571712,2571752,0,40,40,completed,2
37089,Rigid,2571712,2571714,2571758,2,44,46,completed,2
37090,Rigid,2571713,2571714,2571722,1,8,9,completed,2
37091,Rigid,2571713,2571714,2571716,1,2,3,completed,1
37092,Rigid,2571713,2571714,2571722,1,8,9,completed,2
37093,Rigid,2571713,2571714,2571758,1,44,45,completed,2
37094,Rigid,2571713,2571714,2571724,1,10,11,completed,2
37095,Rigid,2571713,2571714,2571724,1,10,11,completed,2
37096,Rigid,2571713,2571714,2571752,1,38,39,completed,2
37097,Rigid,2571724,2571724,2571726,0,2,2,completed,1
37098,Rigid,2571724,2571725,2571734,1,9,10,completed,2
37099,Rigid,2571724,2571725,2571727,1,2,3,completed,1
37100,Rigid,2571724,2571725,2571733,1,8,9,completed,2
37101,Rigid,2571724,2571725,2571727,1,2,3,completed,1
37102,Rigid,2571724,2571725,2571733,1,8,9,completed,2
37103,Rigid,2571724,2571725,2571769,1,44,45,completed,2
37104,Rigid,2571725,2571725,2571733,0,8,8,completed,2
37105,Rigid,2571725,2571725,2571769,0,44,44,completed,2
37106,Rigid,2571725,2571725,2571769,0,44,44,completed,2
37107,Rigid,2571726,2571728,2571730,2,2,4,completed,1
37108,Rigid,2571726,2571728,2571730,2,2,4,completed,1
37109,Rigid,2571726,2571728,2571736,2,8,10,completed,2
37110,Rigid,2571726,2571728,2571730,2,2,4,completed,1
37111,Rigid,2571726,2571728,2571736,2,8,10,completed,2
37112,Rigid,2571726,2571728,2571770,2,42,44,completed,2
37113,Rigid,2571726,2571728,2571770,2,42,44,completed,2
37114,Rigid,2571727,2571728,2571735,1,7,8,completed,2
37115,Rigid,2571727,2571728,2571731,1,3,4,completed,1
37116,Rigid,2571727,2571728,2571735,1,7,8,completed,2
37117,Rigid,2571727,2571728,2571730,1,2,3,completed,1
37118,Rigid,2571727,2571728,2571736,1,8,9,completed,2
37119,Rigid,2571727,2571728,2571774,1,46,47,completed,2
37120,Rigid,2571727,2571728,2571774,1,46,47,completed,2
37121,Rigid,2571728,2571728,2571736,0,8,8,completed,2
37122,Rigid,2571728,2571728,2571736,0,8,8,completed,2
37123,Rigid,2571728,2571728,2571730,0,2,2,completed,1
37124,Rigid,2571728,2571729,2571737,1,8,9,completed,2
37125,Rigid,2571728,2571728,2571774,0,46,46,completed,2
37126,Rigid,2571728,2571728,2571738,0,10,10,completed,2
37127,Rigid,2571728,2571728,2571766,0,38,38,completed,2
37128,Rigid,2571729,2571730,2571732,1,2,3,completed,1
37129,Rigid,2571729,2571730,2571738,1,8,9,completed,2
37130,Rigid,2571729,2571730,2571732,1,2,3,completed,1
37131,Rigid,2571729,2571730,2571738,1,8,9,completed,2
37132,Rigid,2571729,2571730,2571766,1,36,37,completed,2
37133,Rigid,2571730,2571730,2571738,0,8,8,completed,2
37134,Rigid,2571730,2571730,2571739,0,9,9,completed,2
37135,Rigid,2571730,2571730,2571738,0,8,8,completed,2
37136,Rigid,2571730,2571730,2571732,0,2,2,completed,1
37137,Rigid,2571730,2571730,2571766,0,36,36,completed,2
37138,Rigid,2571731,2571731,2571740,0,9,9,completed,2
37139,Rigid,2571731,2571731,2571733,0,2,2,completed,1
37140,Rigid,2571731,2571731,2571740,0,9,9,completed,2
37141,Rigid,2571731,2571731,2571732,0,1,1,completed,1
37142,Rigid,2571731,2571731,2571739,0,8,8,completed,2
37143,Rigid,2571731,2571731,2571733,0,2,2,completed,1
37144,Rigid,2571731,2571733,2571739,2,6,8,completed,2
37145,Rigid,2571731,2571731,2571772,0,41,41,completed,2
37146,Rigid,2571731,2571731,2571772,0,41,41,completed,2
37147,Rigid,2571731,2571731,2571772,0,41,41,completed,2
37148,Rigid,2571732,2571733,2571735,1,2,3,completed,1
37149,Rigid,2571732,2571733,2571735,1,2,3,completed,1
37150,Rigid,2571732,2571733,2571739,1,6,7,completed,2
37151,Rigid,2571732,2571733,2571741,1,8,9,completed,2
37152,Rigid,2571732,2571733,2571735,1,2,3,completed,1
37153,Rigid,2571732,2571733,2571741,1,8,9,completed,2
37154,Rigid,2571732,2571733,2571779,1,46,47,completed,2
37155,Rigid,2571732,2571733,2571769,1,36,37,completed,2
37156,Rigid,2571732,2571733,2571769,1,36,37,completed,2
37157,Rigid,2571733,2571733,2571741,0,8,8,completed,2
37158,Rigid,2571733,2571733,2571741,0,8,8,completed,2
37159,Rigid,2571733,2571733,2571741,0,8,8,completed,2
37160,Rigid,2571733,2571733,2571769,0,36,36,completed,2
37161,Rigid,2571734,2571734,2571736,0,2,2,completed,1
37162,Rigid,2571734,2571734,2571740,0,6,6,completed,2
37163,Rigid,2571734,2571734,2571740,0,6,6,completed,2
37164,Rigid,2571734,2571734,2571782,0,48,48,completed,2
37165,Rigid,2571735,2571735,2571737,0,2,2,completed,1
37166,Rigid,2571735,2571735,2571743,0,8,8,completed,2
37167,Rigid,2571735,2571735,2571743,0,8,8,completed,2
37168,Rigid,2571745,2571745,2571747,0,2,2,completed,1
37169,Rigid,2571745,2571747,2571754,2,7,9,completed,2
37170,Rigid,2571745,2571747,2571754,2,7,9,completed,2
37171,Rigid,2571745,2571747,2571749,2,2,4,completed,1
37172,Rigid,2571745,2571745,2571755,0,10,10,completed,2
37173,Rigid,2571745,2571745,2571786,0,41,41,completed,2
37174,Rigid,2571745,2571747,2571786,2,39,41,completed,2
37175,Rigid,2571746,2571747,2571754,1,7,8,completed,2
37176,Rigid,2571746,2571747,2571754,1,7,8,completed,2
37177,Rigid,2571746,2571747,2571749,1,2,3,completed,1
37178,Rigid,2571746,2571747,2571749,1,2,3,completed,1
37179,Rigid,2571746,2571747,2571755,1,8,9,completed,2
37180,Rigid,2571746,2571747,2571755,1,8,9,completed,2
37181,Rigid,2571746,2571747,2571787,1,40,41,completed,2
37182,Rigid,2571746,2571747,2571787,1,40,41,completed,2
37183,Rigid,2571747,2571748,2571750,1,2,3,completed,1
37184,Rigid,2571747,2571748,2571757,1,9,10,completed,2
37185,Rigid,2571747,2571748,2571757,1,9,10,completed,2
37186,Rigid,2571747,2571748,2571751,1,3,4,completed,1
37187,Rigid,2571747,2571747,2571787,0,40,40,completed,2
37188,Rigid,2571747,2571748,2571790,1,42,43,completed,2
37189,Rigid,2571748,2571748,2571757,0,9,9,completed,2
37190,Rigid,2571748,2571748,2571750,0,2,2,completed,1
37191,Rigid,2571748,2571748,2571757,0,9,9,completed,2
37192,Rigid,2571748,2571748,2571757,0,9,9,completed,2
37193,Rigid,2571748,2571748,2571751,0,3,3,completed,1
37194,Rigid,2571748,2571749,2571757,1,8,9,completed,2
37195,Rigid,2571748,2571748,2571790,0,42,42,completed,2
37196,Rigid,2571748,2571748,2571785,0,37,37,completed,2
37197,Rigid,2571748,2571749,2571790,1,41,42,completed,2
37198,Rigid,2571749,2571749,2571751,0,2,2,completed,1
37199,Rigid,2571749,2571749,2571757,0,8,8,completed,2
37200,Rigid,2571749,2571749,2571757,0,8,8,completed,2
37201,Rigid,2571749,2571749,2571751,0,2,2,completed,1
37202,Rigid,2571749,2571750,2571757,1,7,8,completed,2
37203,Rigid,2571749,2571750,2571790,1,40,41,completed,2
37204,Rigid,2571750,2571751,2571790,1,39,40,completed,2
37205,Rigid,2571751,2571751,2571757,0,6,6,completed,2
37206,Rigid,2571751,2571751,2571753,0,2,2,completed,1
37207,Rigid,2571751,2571751,2571753,0,2,2,completed,1
37208,Rigid,2571751,2571752,2571760,1,8,9,completed,2
37209,Rigid,2571751,2571751,2571787,0,36,36,completed,2
37210,Rigid,2571751,2571751,2571787,0,36,36,completed,2
37211,Rigid,2571752,2571752,2571760,0,8,8,completed,2
37212,Rigid,2571752,2571752,2571754,0,2,2,completed,1
37213,Rigid,2571752,2571752,2571760,0,8,8,completed,2
37214,Rigid,2571752,2571752,2571754,0,2,2,completed,1
37215,Rigid,2571752,2571752,2571760,0,8,8,completed,2
37216,Rigid,2571752,2571753,2571760,1,7,8,completed,2
37217,Rigid,2571752,2571752,2571787,0,35,35,completed,2
37218,Rigid,2571752,2571753,2571787,1,34,35,completed,2
37219,Rigid,2571753,2571753,2571755,0,2,2,completed,1
37220,Rigid,2571753,2571753,2571760,0,7,7,completed,2
37221,Rigid,2571753,2571753,2571760,0,7,7,completed,2
37222,Rigid,2571753,2571753,2571761,0,8,8,completed,2
37223,Rigid,2571753,2571753,2571755,0,2,2,completed,1
37224,Rigid,2571753,2571754,2571756,1,2,3,completed,1
37225,Rigid,2571753,2571754,2571761,1,7,8,completed,2
37226,Rigid,2571753,2571753,2571790,0,37,37,completed,2
37227,Rigid,2571753,2571754,2571764,1,10,11,completed,2
37228,Rigid,2571753,2571754,2571796,1,42,43,completed,2
37229,Rigid,2571754,2571755,2571757,1,2,3,completed,1
37230,Rigid,2571754,2571754,2571764,0,10,10,completed,2
37231,Rigid,2571755,2571755,2571763,0,8,8,completed,2
37232,Rigid,2571755,2571755,2571764,0,9,9,completed,2
37233,Rigid,2571755,2571755,2571757,0,2,2,completed,1
37234,Rigid,2571755,2571755,2571793,0,38,38,completed,2
37235,Rigid,2571755,2571755,2571793,0,38,38,completed,2
37236,Rigid,2571756,2571756,2571764,0,8,8,completed,2
37237,Rigid,2571756,2571756,2571757,0,1,1,completed,1
37238,Rigid,2571756,2571756,2571762,0,6,6,completed,2
37239,Rigid,2571756,2571756,2571764,0,8,8,completed,2
37240,Rigid,2571756,2571756,2571758,0,2,2,completed,1
37241,Rigid,2571756,2571756,2571764,0,8,8,completed,2
37242,Rigid,2571756,2571756,2571791,0,35,35,completed,2
37243,Rigid,2571756,2571756,2571790,0,34,34,completed,2
37244,Rigid,2571766,2571766,2571775,0,9,9,completed,2
37245,Rigid,2571766,2571766,2571768,0,2,2,completed,1
37246,Rigid,2571767,2571770,2571777,3,7,10,completed,2
37247,Rigid,2571767,2571770,2571777,3,7,10,completed,2
37248,Rigid,2571767,2571770,2571801,3,31,34,completed,2
37249,Rigid,2571767,2571770,2571801,3,31,34,completed,2
37250,Rigid,2571768,2571770,2571771,2,1,3,completed,1
37251,Rigid,2571768,2571770,2571777,2,7,9,completed,2
37252,Rigid,2571768,2571770,2571771,2,1,3,completed,1
37253,Rigid,2571768,2571770,2571777,2,7,9,completed,2
37254,Rigid,2571768,2571770,2571801,2,31,33,completed,2
37255,Rigid,2571768,2571770,2571801,2,31,33,completed,2
37256,Rigid,2571769,2571770,2571779,1,9,10,completed,2
37257,Rigid,2571769,2571770,2571772,1,2,3,completed,1
37258,Rigid,2571769,2571770,2571776,1,6,7,completed,2
37259,Rigid,2571769,2571770,2571771,1,1,2,completed,1
37260,Rigid,2571769,2571770,2571799,1,29,30,completed,2
37261,Rigid,2571770,2571770,2571776,0,6,6,completed,2
37262,Rigid,2571770,2571770,2571776,0,6,6,completed,2
37263,Rigid,2571770,2571770,2571771,0,1,1,completed,1
37264,Rigid,2571770,2571770,2571776,0,6,6,completed,2
37265,Rigid,2571770,2571770,2571778,0,8,8,completed,2
37266,Rigid,2571770,2571770,2571777,0,7,7,completed,2
37267,Rigid,2571770,2571770,2571772,0,2,2,completed,1
37268,Rigid,2571770,2571770,2571799,0,29,29,completed,2
37269,Rigid,2571771,2571771,2571777,0,6,6,completed,2
37270,Rigid,2571771,2571771,2571773,0,2,2,completed,1
37271,Rigid,2571771,2571771,2571777,0,6,6,completed,2
37272,Rigid,2571771,2571773,2571780,2,7,9,completed,2
37273,Rigid,2571771,2571771,2571801,0,30,30,completed,2
37274,Rigid,2571771,2571771,2571801,0,30,30,completed,2
37275,Rigid,2571772,2571773,2571779,1,6,7,completed,2
37276,Rigid,2571772,2571773,2571775,1,2,3,completed,1
37277,Rigid,2571772,2571773,2571779,1,6,7,completed,2
37278,Rigid,2571772,2571773,2571779,1,6,7,completed,2
37279,Rigid,2571772,2571773,2571775,1,2,3,completed,1
37280,Rigid,2571772,2571773,2571801,1,28,29,completed,2
37281,Rigid,2571772,2571773,2571801,1,28,29,completed,2
37282,Rigid,2571773,2571773,2571779,0,6,6,completed,2
37283,Rigid,2571773,2571773,2571775,0,2,2,completed,1
37284,Rigid,2571773,2571773,2571779,0,6,6,completed,2
37285,Rigid,2571773,2571774,2571775,1,1,2,completed,1
37286,Rigid,2571773,2571774,2571778,1,4,5,completed,2
37287,Rigid,2571773,2571773,2571801,0,28,28,completed,2
37288,Rigid,2571773,2571773,2571806,0,33,33,completed,2
37289,Rigid,2571774,2571774,2571778,0,4,4,completed,2
37290,Rigid,2572351,2622262,2658283,49911,36021,85932,completed,288
37291,Rigid,2573571,2573572,2573579,1,7,8,completed,72
37292,Rigid,2573864,2573865,2573930,1,65,66,completed,1
37293,Rigid,2573864,2573865,2573923,1,58,59,completed,1
37294,Rigid,2573864,2573865,2573924,1,59,60,completed,1
37295,Rigid,2573864,2573865,2574214,1,349,350,completed,1
37296,Rigid,2573864,2573865,2574223,1,358,359,completed,1
37297,Rigid,2573864,2573865,2574272,1,407,408,completed,1
37298,Rigid,2573864,2573865,2573946,1,81,82,completed,1
37299,Rigid,2573864,2573865,2573938,1,73,74,completed,1
37300,Rigid,2573864,2573865,2573937,1,72,73,completed,1
37301,Rigid,2573965,2573966,2574259,1,293,294,completed,72
37302,Rigid,2574287,2574287,2575491,0,1204,1204,completed,72
37303,Rigid,2574673,2577094,3180075,2421,602981,605402,completed,72
37304,Rigid,2575045,2616916,2658416,41871,41500,83371,completed,144
37305,Rigid,2575136,2575136,2575139,0,3,3,completed,36
37306,Rigid,2575157,2575157,2575161,0,4,4,completed,36
37307,Rigid,2575243,2575243,2575270,0,27,27,completed,36
37308,Rigid,2575276,2575277,2575303,1,26,27,completed,36
37309,Rigid,2575310,2575311,2575314,1,3,4,completed,36
37310,Rigid,2575318,2575319,2575324,1,5,6,completed,36
37311,Rigid,2575343,2575343,2575346,0,3,3,completed,36
37312,Rigid,2575424,2575424,2575430,0,6,6,completed,36
37313,Rigid,2575430,2575431,2575457,1,26,27,completed,36
37314,Rigid,2575506,2575506,2575533,0,27,27,completed,36
37315,Rigid,2575513,2575513,2575516,0,3,3,completed,36
37316,Rigid,2575515,2575534,2575538,19,4,23,completed,36
37317,Rigid,2575598,2575599,2575647,1,48,49,completed,36
37318,Rigid,2575647,2575647,2575649,0,2,2,completed,1
37319,Rigid,2575647,2575647,2575648,0,1,1,completed,1
37320,Rigid,2575716,2575716,2575717,0,1,1,completed,1
37321,Rigid,2575717,2575718,2575723,1,5,6,completed,36
37322,Rigid,2575737,2575737,2575765,0,28,28,completed,36
37323,Rigid,2575763,2575763,2575793,0,30,30,completed,36
37324,Rigid,2575779,2575780,2575784,1,4,5,completed,36
37325,Rigid,2575800,2575800,2575921,0,121,121,completed,72
37326,Rigid,2575821,2575822,2575867,1,45,46,completed,144
37327,Rigid,2575912,2575913,2575922,1,9,10,completed,36
37328,Rigid,2575962,2575962,2575967,0,5,5,completed,36
37329,Rigid,2575963,2575966,2575995,3,29,32,completed,36
37330,Rigid,2575970,2575971,2575999,1,28,29,completed,36
37331,Rigid,2575984,2575986,2576016,2,30,32,completed,36
37332,Rigid,2575986,2576103,2590530,117,14427,14544,completed,144
37333,Rigid,2575989,2575997,2577206,8,1209,1217,completed,72
37334,Rigid,2576087,2576088,2576140,1,52,53,completed,36
37335,Rigid,2576097,2576097,2576099,0,2,2,completed,36
37336,Rigid,2576306,2576306,2576351,0,45,45,completed,36
37337,Rigid,2576313,2576353,2576357,40,4,44,completed,36
37338,Rigid,2576315,2576318,2576346,3,28,31,completed,36
37339,Rigid,2576372,2576372,2576377,0,5,5,completed,36
37340,Rigid,2576438,2576439,2576443,1,4,5,completed,36
37341,Rigid,2576549,2576552,2576579,3,27,30,completed,36
37342,Rigid,2576604,2576604,2576608,0,4,4,completed,36
37343,Rigid,2576738,2576738,2576783,0,45,45,completed,36
37344,Rigid,2576789,2576793,2576845,4,52,56,completed,36
37345,Rigid,2576878,2576879,2576883,1,4,5,completed,36
37346,Rigid,2576878,2576879,2577006,1,127,128,completed,36
37347,Rigid,2576890,2576890,2576921,0,31,31,completed,36
37348,Rigid,2576893,2576922,2576932,29,10,39,completed,36
37349,Rigid,2576936,2576937,2576960,1,23,24,completed,36
37350,Rigid,2576968,2576972,2576981,4,9,13,completed,36
37351,Rigid,2576987,2576987,2577016,0,29,29,completed,36
37352,Rigid,2577004,2577009,2577020,5,11,16,completed,36
37353,Rigid,2577009,2577017,2577022,8,5,13,completed,36
37354,Rigid,2577010,2577021,2577070,11,49,60,completed,36
37355,Rigid,2577036,2577037,2577059,1,22,23,completed,36
37356,Rigid,2577058,2577058,2577080,0,22,22,completed,36
37357,Rigid,2577142,2577143,2577146,1,3,4,completed,36
37358,Rigid,2577157,2577157,2577162,0,5,5,completed,36
37359,Rigid,2577170,2577170,2577174,0,4,4,completed,36
37360,Rigid,2577175,2577175,2577179,0,4,4,completed,36
37361,Rigid,2577237,2577238,2577242,1,4,5,completed,36
37362,Rigid,2577324,2577324,2577335,0,11,11,completed,36
37363,Rigid,2577377,2626658,2696217,49281,69559,118840,completed,144
37364,Rigid,2577383,2577384,2577388,1,4,5,completed,36
37365,Rigid,2577391,2577392,2577755,1,363,364,completed,72
37366,Rigid,2577420,2577420,2577442,0,22,22,completed,36
37367,Rigid,2577497,2577497,2577518,0,21,21,completed,36
37368,Rigid,2577501,2577501,2577511,0,10,10,completed,36
37369,Rigid,2577674,2577674,2577680,0,6,6,completed,36
37370,Rigid,2577706,2577706,2577733,0,27,27,completed,36
37371,Rigid,2577808,2577829,2577896,21,67,88,completed,6
37372,Rigid,2577840,2577840,2577867,0,27,27,completed,36
37373,Rigid,2577948,2577952,2577963,4,11,15,completed,6
37374,Rigid,2577998,2578013,2578061,15,48,63,completed,6
37375,Rigid,2578070,2627811,2697295,49741,69484,119225,completed,144
37376,Rigid,2578324,2580914,2639123,2590,58209,60799,completed,32
37377,Rigid,2578324,2581641,2639797,3317,58156,61473,completed,32
37378,Rigid,2578324,2581804,2668214,3480,86410,89890,completed,32
37379,Rigid,2578324,2578888,2608036,564,29148,29712,completed,32
37380,Rigid,2578324,2580017,2639710,1693,59693,61386,completed,32
37381,Rigid,2578324,2580146,2640349,1822,60203,62025,completed,32
37382,Rigid,2578324,2580146,2640427,1822,60281,62103,completed,32
37383,Rigid,2578324,2580146,2640311,1822,60165,61987,completed,32
37384,Rigid,2578324,2580146,2639411,1822,59265,61087,completed,32
37385,Rigid,2578324,2580146,2638696,1822,58550,60372,completed,32
37386,Rigid,2578324,2580146,2638179,1822,58033,59855,completed,32
37387,Rigid,2578324,2580766,2638793,2442,58027,60469,completed,32
37388,Rigid,2578421,2578421,2578423,0,2,2,completed,36
37389,Rigid,2578491,2578491,2578495,0,4,4,completed,36
37390,Rigid,2578606,2578606,2578618,0,12,12,completed,36
37391,Rigid,2578646,2590932,2590939,12286,7,12293,completed,36
37392,Rigid,2578646,2578650,2579169,4,519,523,completed,36
37393,Rigid,2578715,2578715,2578731,0,16,16,completed,36
37394,Rigid,2578717,2578717,2578725,0,8,8,completed,36
37395,Rigid,2578739,2578739,2578741,0,2,2,completed,36
37396,Rigid,2578758,2578758,2578762,0,4,4,completed,36
37397,Rigid,2578763,2578763,2578768,0,5,5,completed,36
37398,Rigid,2578855,2590955,2591087,12100,132,12232,completed,6
37399,Rigid,2578957,2578957,2578968,0,11,11,completed,36
37400,Rigid,2578958,2582771,2628433,3813,45662,49475,completed,32
37401,Rigid,2578958,2584573,2630588,5615,46015,51630,completed,32
37402,Rigid,2578958,2585485,2671906,6527,86421,92948,completed,32
37403,Rigid,2578958,2581875,2600722,2917,18847,21764,completed,32
37404,Rigid,2578958,2581973,2629143,3015,47170,50185,completed,32
37405,Rigid,2578958,2582221,2629731,3263,47510,50773,completed,32
37406,Rigid,2578958,2582221,2629736,3263,47515,50778,completed,32
37407,Rigid,2578958,2582221,2629984,3263,47763,51026,completed,32
37408,Rigid,2578958,2582221,2629000,3263,46779,50042,completed,32
37409,Rigid,2578958,2582221,2628326,3263,46105,49368,completed,32
37410,Rigid,2578958,2582221,2627771,3263,45550,48813,completed,32
37411,Rigid,2578958,2582770,2628324,3812,45554,49366,completed,32
37412,Rigid,2578988,2578993,2579205,5,212,217,completed,1
37413,Rigid,2578997,2578997,2579000,0,3,3,completed,36
37414,Rigid,2579027,2579027,2579029,0,2,2,completed,36
37415,Rigid,2579030,2579030,2579033,0,3,3,completed,1
37416,Rigid,2579052,2579052,2579060,0,8,8,completed,36
37417,Rigid,2579080,2579080,2579085,0,5,5,completed,36
37418,Rigid,2579094,2579094,2579097,0,3,3,completed,36
37419,Rigid,2579097,2579172,2579222,75,50,125,completed,36
37420,Rigid,2579120,2579120,2579137,0,17,17,completed,36
37421,Rigid,2579127,2579127,2579132,0,5,5,completed,36
37422,Rigid,2579166,2579166,2579260,0,94,94,completed,36
37423,Rigid,2579254,2579254,2579259,0,5,5,completed,36
37424,Rigid,2579285,2589275,2675690,9990,86415,96405,completed,32
37425,Rigid,2579285,2589275,2675690,9990,86415,96405,completed,32
37426,Rigid,2579285,2589275,2675690,9990,86415,96405,completed,32
37427,Rigid,2579285,2585851,2672266,6566,86415,92981,completed,32
37428,Rigid,2579285,2587855,2674280,8570,86425,94995,completed,32
37429,Rigid,2579285,2587855,2674280,8570,86425,94995,completed,32
37430,Rigid,2579285,2587855,2674280,8570,86425,94995,completed,32
37431,Rigid,2579285,2587855,2674280,8570,86425,94995,completed,32
37432,Rigid,2579285,2588479,2674880,9194,86401,95595,completed,32
37433,Rigid,2579285,2588479,2674880,9194,86401,95595,completed,32
37434,Rigid,2579285,2588479,2674880,9194,86401,95595,completed,32
37435,Rigid,2579285,2588479,2674880,9194,86401,95595,completed,32
37436,Rigid,2579291,2579291,2579297,0,6,6,completed,36
37437,Rigid,2579336,2579336,2579337,0,1,1,completed,36
37438,Rigid,2579366,2579366,2579484,0,118,118,completed,36
37439,Rigid,2579385,2579385,2579388,0,3,3,completed,36
37440,Rigid,2579385,2579385,2579398,0,13,13,completed,36
37441,Rigid,2579390,2579390,2579395,0,5,5,completed,36
37442,Rigid,2579432,2579432,2579435,0,3,3,completed,36
37443,Rigid,2579444,2579444,2579445,0,1,1,completed,36
37444,Rigid,2579447,2579447,2579448,0,1,1,completed,36
37445,Rigid,2579452,2579452,2579454,0,2,2,completed,36
37446,Rigid,2579455,2579455,2579460,0,5,5,completed,36
37447,Rigid,2579457,2579457,2579459,0,2,2,completed,36
37448,Rigid,2579465,2579465,2579469,0,4,4,completed,36
37449,Rigid,2579477,2579477,2579481,0,4,4,completed,36
37450,Rigid,2579503,2579503,2579508,0,5,5,completed,36
37451,Rigid,2579504,2579504,2579505,0,1,1,completed,36
37452,Rigid,2579507,2579507,2579509,0,2,2,completed,36
37453,Rigid,2579514,2579514,2579515,0,1,1,completed,36
37454,Rigid,2579521,2579521,2579524,0,3,3,completed,36
37455,Rigid,2579532,2579532,2579549,0,17,17,completed,36
37456,Rigid,2579539,2579539,2579543,0,4,4,completed,36
37457,Rigid,2579576,2579576,2579581,0,5,5,completed,36
37458,Rigid,2579585,2579585,2579589,0,4,4,completed,36
37459,Rigid,2579601,2579601,2579605,0,4,4,completed,36
37460,Rigid,2579606,2579606,2579612,0,6,6,completed,36
37461,Rigid,2579627,2579628,2579634,1,6,7,completed,36
37462,Rigid,2579630,2579630,2579632,0,2,2,completed,36
37463,Rigid,2579632,2579632,2579633,0,1,1,completed,1
37464,Rigid,2579641,2579641,2579652,0,11,11,completed,36
37465,Rigid,2579653,2579653,2579657,0,4,4,completed,36
37466,Rigid,2579656,2579656,2579659,0,3,3,completed,36
37467,Rigid,2579659,2579659,2579663,0,4,4,completed,36
37468,Rigid,2579666,2579666,2579693,0,27,27,completed,36
37469,Rigid,2579683,2579683,2579686,0,3,3,completed,36
37470,Rigid,2579703,2579703,2579707,0,4,4,completed,36
37471,Rigid,2579709,2579709,2579710,0,1,1,completed,1
37472,Rigid,2579711,2579711,2579712,0,1,1,completed,36
37473,Rigid,2579714,2579714,2579746,0,32,32,completed,36
37474,Rigid,2579732,2579732,2579735,0,3,3,completed,36
37475,Rigid,2579734,2579734,2579738,0,4,4,completed,36
37476,Rigid,2579753,2579753,2579770,0,17,17,completed,36
37477,Rigid,2579754,2579754,2579755,0,1,1,completed,1
37478,Rigid,2579775,2579775,2579778,0,3,3,completed,36
37479,Rigid,2579788,2579788,2579878,0,90,90,completed,36
37480,Rigid,2579800,2579800,2579803,0,3,3,completed,1
37481,Rigid,2579830,2579830,2579833,0,3,3,completed,36
37482,Rigid,2579834,2579834,2579962,0,128,128,completed,36
37483,Rigid,2579867,2579867,2579898,0,31,31,completed,36
37484,Rigid,2579868,2579868,2579900,0,32,32,completed,36
37485,Rigid,2579901,2579901,2579931,0,30,30,completed,1
37486,Rigid,2579930,2579930,2579935,0,5,5,completed,36
37487,Rigid,2579961,2579961,2579978,0,17,17,completed,36
37488,Rigid,2579994,2579994,2580107,0,113,113,completed,36
37489,Rigid,2580023,2580023,2580114,0,91,91,completed,36
37490,Rigid,2580090,2580090,2580091,0,1,1,completed,36
37491,Rigid,2580092,2580092,2580096,0,4,4,completed,36
37492,Rigid,2580098,2580098,2580099,0,1,1,completed,36
37493,Rigid,2580104,2580104,2580137,0,33,33,completed,36
37494,Rigid,2580117,2580117,2580119,0,2,2,completed,36
37495,Rigid,2580132,2580132,2580166,0,34,34,completed,36
37496,Rigid,2580136,2580136,2580140,0,4,4,completed,36
37497,Rigid,2580159,2580159,2580177,0,18,18,completed,36
37498,Rigid,2580183,2580183,2580187,0,4,4,completed,36
37499,Rigid,2580192,2580192,2580194,0,2,2,completed,36
37500,Rigid,2580194,2580194,2580309,0,115,115,completed,36
37501,Rigid,2580213,2580213,2580217,0,4,4,completed,36
37502,Rigid,2580234,2580234,2580239,0,5,5,completed,36
37503,Rigid,2580254,2580254,2580272,0,18,18,completed,36
37504,Rigid,2580258,2580258,2580259,0,1,1,completed,36
37505,Rigid,2580259,2580281,2580657,22,376,398,completed,1
37506,Rigid,2580291,2580291,2580382,0,91,91,completed,36
37507,Rigid,2580313,2580313,2580315,0,2,2,completed,36
37508,Rigid,2580316,2628273,2629371,47957,1098,49055,completed,72
37509,Rigid,2580322,2580322,2580353,0,31,31,completed,1
37510,Rigid,2580355,2628273,2630151,47918,1878,49796,completed,72
37511,Rigid,2580374,2580374,2580379,0,5,5,completed,36
37512,Rigid,2580381,2628388,2630056,48007,1668,49675,completed,72
37513,Rigid,2580384,2580384,2580388,0,4,4,completed,36
37514,Rigid,2580385,2628388,2628420,48003,32,48035,completed,72
37515,Rigid,2580392,2628421,2631443,48029,3022,51051,completed,72
37516,Rigid,2580393,2580393,2580397,0,4,4,completed,36
37517,Rigid,2580447,2580447,2580485,0,38,38,completed,1
37518,Rigid,2580459,2628421,2628763,47962,342,48304,completed,72
37519,Rigid,2580462,2628421,2636347,47959,7926,55885,completed,72
37520,Rigid,2580486,2628764,2630032,48278,1268,49546,completed,72
37521,Rigid,2580600,2628790,2632112,48190,3322,51512,completed,72
37522,Rigid,2580606,2580606,2580679,0,73,73,completed,36
37523,Rigid,2580613,2629184,2632562,48571,3378,51949,completed,72
37524,Rigid,2580670,2580670,2580675,0,5,5,completed,1
37525,Rigid,2580680,2629207,2633567,48527,4360,52887,completed,72
37526,Rigid,2580749,2580749,2580787,0,38,38,completed,36
37527,Rigid,2580757,2580757,2580792,0,35,35,completed,36
37528,Rigid,2580780,2629207,2630318,48427,1111,49538,completed,72
37529,Rigid,2580797,2580798,2580946,1,148,149,completed,36
37530,Rigid,2580799,2629372,2631229,48573,1857,50430,completed,72
37531,Rigid,2580821,2630034,2630346,49213,312,49525,completed,72
37532,Rigid,2580839,2630057,2630074,49218,17,49235,completed,72
37533,Rigid,2580849,2630072,2631896,49223,1824,51047,completed,72
37534,Rigid,2580882,2630076,2630087,49194,11,49205,completed,72
37535,Rigid,2580883,2630088,2630111,49205,23,49228,completed,72
37536,Rigid,2580884,2630112,2630134,49228,22,49250,completed,72
37537,Rigid,2580886,2630135,2630152,49249,17,49266,completed,72
37538,Rigid,2580908,2630152,2633403,49244,3251,52495,completed,72
37539,Rigid,2580942,2630153,2635678,49211,5525,54736,completed,72
37540,Rigid,2580980,2630319,2631754,49339,1435,50774,completed,72
37541,Rigid,2581021,2630347,2633092,49326,2745,52071,completed,72
37542,Rigid,2581035,2630759,2632403,49724,1644,51368,completed,72
37543,Rigid,2581052,2581052,2581060,0,8,8,completed,1
37544,Rigid,2581066,2581066,2581105,0,39,39,completed,36
37545,Rigid,2581069,2581070,2581217,1,147,148,completed,36
37546,Rigid,2581078,2581078,2581126,0,48,48,completed,36
37547,Rigid,2581105,2581105,2581164,0,59,59,completed,1
37548,Rigid,2581107,2581107,2581202,0,95,95,completed,36
37549,Rigid,2581122,2581127,2581157,5,30,35,completed,36
37550,Rigid,2581154,2581159,2581198,5,39,44,completed,36
37551,Rigid,2581162,2581166,2581172,4,6,10,completed,36
37552,Rigid,2581184,2581184,2581188,0,4,4,completed,1
37553,Rigid,2581189,2581189,2581511,0,322,322,completed,36
37554,Rigid,2581246,2581246,2581283,0,37,37,completed,36
37555,Rigid,2581268,2581268,2581275,0,7,7,completed,1
37556,Rigid,2581282,2581282,2581321,0,39,39,completed,36
37557,Rigid,2581300,2581300,2581400,0,100,100,completed,36
37558,Rigid,2581339,2581339,2581346,0,7,7,completed,36
37559,Rigid,2581388,2581388,2581389,0,1,1,completed,36
37560,Rigid,2581478,2581478,2581485,0,7,7,completed,1
37561,Rigid,2581526,2619798,2627746,38272,7948,46220,completed,36
37562,Rigid,2581526,2623590,2718852,42064,95262,137326,completed,36
37563,Rigid,2581526,2623590,2716141,42064,92551,134615,completed,36
37564,Rigid,2581534,2581534,2581539,0,5,5,completed,36
37565,Rigid,2581561,2581561,2581564,0,3,3,completed,36
37566,Rigid,2581562,2581562,2581568,0,6,6,completed,36
37567,Rigid,2581563,2581563,2581567,0,4,4,completed,36
37568,Rigid,2581580,2581580,2581583,0,3,3,completed,36
37569,Rigid,2581604,2581604,2581609,0,5,5,completed,36
37570,Rigid,2581609,2581609,2581612,0,3,3,completed,36
37571,Rigid,2581611,2581611,2581614,0,3,3,completed,36
37572,Rigid,2581622,2581622,2581626,0,4,4,completed,36
37573,Rigid,2581640,2581670,2584457,30,2787,2817,completed,1
37574,Rigid,2581643,2581643,2581648,0,5,5,completed,36
37575,Rigid,2581649,2581649,2581657,0,8,8,completed,36
37576,Rigid,2582009,2582010,2582045,1,35,36,completed,36
37577,Rigid,2582049,2582050,2582117,1,67,68,completed,36
37578,Rigid,2582198,2582199,2582276,1,77,78,completed,36
37579,Rigid,2582509,2582509,2582576,0,67,67,completed,36
37580,Rigid,2582527,2623114,2920748,40587,297634,338221,completed,288
37581,Rigid,2582604,2625584,2920741,42980,295157,338137,completed,288
37582,Rigid,2583347,2589286,2590341,5939,1055,6994,completed,36
37583,Rigid,2583348,2589822,2590874,6474,1052,7526,completed,36
37584,Rigid,2583349,2589822,2590873,6473,1051,7524,completed,36
37585,Rigid,2583351,2589822,2590874,6471,1052,7523,completed,36
37586,Rigid,2583351,2589839,2590890,6488,1051,7539,completed,36
37587,Rigid,2583352,2590343,2591393,6991,1050,8041,completed,36
37588,Rigid,2583896,2624295,2830926,40399,206631,247030,completed,216
37589,Rigid,2584607,2590540,2591906,5933,1366,7299,completed,144
37590,Rigid,2584795,2591150,2591158,6355,8,6363,completed,144
37591,Rigid,2584877,2584878,2584882,1,4,5,completed,36
37592,Rigid,2584890,2590875,2590930,5985,55,6040,completed,72
37593,Rigid,2584920,2584921,2584931,1,10,11,completed,36
37594,Rigid,2584978,2584997,2585239,19,242,261,completed,1
37595,Rigid,2585459,2585467,2585703,8,236,244,completed,1
37596,Rigid,2588263,2624701,2731514,36438,106813,143251,completed,36
37597,Rigid,2588263,2625390,2715211,37127,89821,126948,completed,36
37598,Rigid,2588263,2625608,2636553,37345,10945,48290,completed,36
37599,Rigid,2588380,2625948,2765016,37568,139068,176636,completed,36
37600,Rigid,2588380,2625948,2720083,37568,94135,131703,completed,36
37601,Rigid,2588380,2625948,2759282,37568,133334,170902,completed,36
37602,Rigid,2588969,2616434,2652462,27465,36028,63493,completed,36
37603,Rigid,2591105,2591105,2591109,0,4,4,completed,36
37604,Rigid,2591289,2591289,2591291,0,2,2,completed,36
37605,Rigid,2591672,2591673,2591674,1,1,2,completed,1
37606,Rigid,2591672,2591673,2591674,1,1,2,completed,1
37607,Rigid,2591698,2591908,2608058,210,16150,16360,completed,72
37608,Rigid,2592202,2592202,2592230,0,28,28,completed,36
37609,Rigid,2592246,2592270,2593984,24,1714,1738,completed,1
37610,Rigid,2592355,2632134,2701530,39779,69396,109175,completed,144
37611,Rigid,2592413,2632468,2701534,40055,69066,109121,completed,144
37612,Rigid,2592484,2632529,2702591,40045,70062,110107,completed,144
37613,Rigid,2592753,2592753,2593080,0,327,327,completed,1
37614,Rigid,2592753,2592753,2593065,0,312,312,completed,1
37615,Rigid,2592939,2633015,2702989,40076,69974,110050,completed,144
37616,Rigid,2593086,2593087,2593090,1,3,4,completed,72
37617,Rigid,2593140,2593141,2593327,1,186,187,completed,72
37618,Rigid,2593194,2633404,2702637,40210,69233,109443,completed,144
37619,Rigid,2593204,2635484,2705122,42280,69638,111918,completed,144
37620,Rigid,2593287,2593289,2595262,2,1973,1975,completed,1
37621,Rigid,2593287,2593288,2595355,1,2067,2068,completed,1
37622,Rigid,2593287,2593288,2595239,1,1951,1952,completed,1
37623,Rigid,2593287,2593288,2595358,1,2070,2071,completed,1
37624,Rigid,2593287,2593288,2595227,1,1939,1940,completed,1
37625,Rigid,2593287,2593288,2595196,1,1908,1909,completed,1
37626,Rigid,2593287,2593288,2595225,1,1937,1938,completed,1
37627,Rigid,2593287,2593288,2595282,1,1994,1995,completed,1
37628,Rigid,2593287,2593288,2595333,1,2045,2046,completed,1
37629,Rigid,2593287,2593288,2595307,1,2019,2020,completed,1
37630,Rigid,2593287,2593288,2595308,1,2020,2021,completed,1
37631,Rigid,2593287,2593288,2595390,1,2102,2103,completed,1
37632,Rigid,2593287,2593288,2595213,1,1925,1926,completed,1
37633,Rigid,2593287,2593288,2595133,1,1845,1846,completed,1
37634,Rigid,2593287,2593288,2595269,1,1981,1982,completed,1
37635,Rigid,2593287,2593288,2595269,1,1981,1982,completed,1
37636,Rigid,2593287,2593288,2595291,1,2003,2004,completed,1
37637,Rigid,2593287,2593288,2595247,1,1959,1960,completed,1
37638,Rigid,2593287,2593288,2595254,1,1966,1967,completed,1
37639,Rigid,2593287,2593289,2595232,2,1943,1945,completed,1
37640,Rigid,2593287,2593289,2595287,2,1998,2000,completed,1
37641,Rigid,2593287,2593289,2595304,2,2015,2017,completed,1
37642,Rigid,2593287,2593289,2595280,2,1991,1993,completed,1
37643,Rigid,2593287,2593289,2595304,2,2015,2017,completed,1
37644,Rigid,2593287,2593288,2595115,1,1827,1828,completed,1
37645,Rigid,2593287,2593289,2595322,2,2033,2035,completed,1
37646,Rigid,2593287,2593289,2595319,2,2030,2032,completed,1
37647,Rigid,2593287,2593289,2595291,2,2002,2004,completed,1
37648,Rigid,2593287,2593289,2595344,2,2055,2057,completed,1
37649,Rigid,2593287,2593289,2595387,2,2098,2100,completed,1
37650,Rigid,2593287,2593289,2595315,2,2026,2028,completed,1
37651,Rigid,2593287,2593289,2595292,2,2003,2005,completed,1
37652,Rigid,2593287,2593289,2595332,2,2043,2045,completed,1
37653,Rigid,2593287,2593289,2595341,2,2052,2054,completed,1
37654,Rigid,2593287,2593289,2595303,2,2014,2016,completed,1
37655,Rigid,2593287,2593288,2595146,1,1858,1859,completed,1
37656,Rigid,2593287,2593289,2595335,2,2046,2048,completed,1
37657,Rigid,2593287,2593289,2595374,2,2085,2087,completed,1
37658,Rigid,2593287,2593289,2595359,2,2070,2072,completed,1
37659,Rigid,2593287,2593289,2595132,2,1843,1845,completed,1
37660,Rigid,2593287,2593289,2595194,2,1905,1907,completed,1
37661,Rigid,2593287,2593289,2595165,2,1876,1878,completed,1
37662,Rigid,2593287,2593289,2595147,2,1858,1860,completed,1
37663,Rigid,2593287,2593289,2595310,2,2021,2023,completed,1
37664,Rigid,2593287,2593289,2595293,2,2004,2006,completed,1
37665,Rigid,2593287,2593289,2595379,2,2090,2092,completed,1
37666,Rigid,2593287,2593288,2595180,1,1892,1893,completed,1
37667,Rigid,2593287,2593289,2595423,2,2134,2136,completed,1
37668,Rigid,2593287,2593289,2595322,2,2033,2035,completed,1
37669,Rigid,2593287,2593289,2595287,2,1998,2000,completed,1
37670,Rigid,2593287,2593289,2595359,2,2070,2072,completed,1
37671,Rigid,2593287,2593289,2595382,2,2093,2095,completed,1
37672,Rigid,2593287,2593289,2595327,2,2038,2040,completed,1
37673,Rigid,2593287,2593289,2595328,2,2039,2041,completed,1
37674,Rigid,2593287,2593289,2595349,2,2060,2062,completed,1
37675,Rigid,2593287,2593289,2595311,2,2022,2024,completed,1
37676,Rigid,2593287,2593289,2595168,2,1879,1881,completed,1
37677,Rigid,2593287,2593288,2595153,1,1865,1866,completed,1
37678,Rigid,2593287,2593289,2595143,2,1854,1856,completed,1
37679,Rigid,2593287,2593289,2595119,2,1830,1832,completed,1
37680,Rigid,2593287,2593289,2595147,2,1858,1860,completed,1
37681,Rigid,2593287,2593289,2595158,2,1869,1871,completed,1
37682,Rigid,2593287,2593289,2595139,2,1850,1852,completed,1
37683,Rigid,2593287,2593289,2595241,2,1952,1954,completed,1
37684,Rigid,2593287,2593289,2595180,2,1891,1893,completed,1
37685,Rigid,2593287,2593289,2595211,2,1922,1924,completed,1
37686,Rigid,2593287,2593289,2595239,2,1950,1952,completed,1
37687,Rigid,2593287,2593289,2595136,2,1847,1849,completed,1
37688,Rigid,2593287,2593288,2595215,1,1927,1928,completed,1
37689,Rigid,2593287,2593289,2595251,2,1962,1964,completed,1
37690,Rigid,2593287,2593289,2595121,2,1832,1834,completed,1
37691,Rigid,2593287,2593289,2595108,2,1819,1821,completed,1
37692,Rigid,2593287,2593289,2595189,2,1900,1902,completed,1
37693,Rigid,2593287,2593289,2595197,2,1908,1910,completed,1
37694,Rigid,2593287,2593289,2595202,2,1913,1915,completed,1
37695,Rigid,2593287,2593289,2595168,2,1879,1881,completed,1
37696,Rigid,2593287,2593289,2595095,2,1806,1808,completed,1
37697,Rigid,2593287,2593289,2595214,2,1925,1927,completed,1
37698,Rigid,2593287,2593289,2595235,2,1946,1948,completed,1
37699,Rigid,2593287,2593288,2595264,1,1976,1977,completed,1
37700,Rigid,2593287,2593289,2595222,2,1933,1935,completed,1
37701,Rigid,2593287,2593289,2595225,2,1936,1938,completed,1
37702,Rigid,2593287,2593289,2595258,2,1969,1971,completed,1
37703,Rigid,2593287,2593289,2595297,2,2008,2010,completed,1
37704,Rigid,2593287,2593289,2595314,2,2025,2027,completed,1
37705,Rigid,2593287,2593289,2595254,2,1965,1967,completed,1
37706,Rigid,2593287,2593289,2595228,2,1939,1941,completed,1
37707,Rigid,2593287,2593289,2595180,2,1891,1893,completed,1
37708,Rigid,2593287,2593289,2595215,2,1926,1928,completed,1
37709,Rigid,2593287,2593289,2595253,2,1964,1966,completed,1
37710,Rigid,2593287,2593288,2595250,1,1962,1963,completed,1
37711,Rigid,2593287,2593289,2595242,2,1953,1955,completed,1
37712,Rigid,2593287,2593289,2595175,2,1886,1888,completed,1
37713,Rigid,2593287,2593289,2595389,2,2100,2102,completed,1
37714,Rigid,2593287,2593289,2595251,2,1962,1964,completed,1
37715,Rigid,2593287,2593289,2595395,2,2106,2108,completed,1
37716,Rigid,2593287,2593289,2595165,2,1876,1878,completed,1
37717,Rigid,2593287,2593289,2595133,2,1844,1846,completed,1
37718,Rigid,2593287,2593289,2595193,2,1904,1906,completed,1
37719,Rigid,2593318,2593318,2593340,0,22,22,completed,36
37720,Rigid,2593342,2638130,2641550,44788,3420,48208,completed,576
37721,Rigid,2593605,2897439,2897533,303834,94,303928,completed,72
37722,Rigid,2593605,2897559,2897654,303954,95,304049,completed,72
37723,Rigid,2593605,2897680,2897770,304075,90,304165,completed,72
37724,Rigid,2593630,2897800,2897853,304170,53,304223,completed,72
37725,Rigid,2593853,2897860,2897932,304007,72,304079,completed,72
37726,Rigid,2593853,2897951,2898029,304098,78,304176,completed,72
37727,Rigid,2593853,2898041,2898119,304188,78,304266,completed,72
37728,Rigid,2593955,2898131,2898306,304176,175,304351,completed,72
37729,Rigid,2593955,2898312,2898409,304357,97,304454,completed,72
37730,Rigid,2593955,2898432,2898617,304477,185,304662,completed,72
37731,Rigid,2593992,2898673,2898758,304681,85,304766,completed,72
37732,Rigid,2593992,2898763,2898868,304771,105,304876,completed,72
37733,Rigid,2593992,2898884,2898963,304892,79,304971,completed,72
37734,Rigid,2594032,2898974,2899049,304942,75,305017,completed,72
37735,Rigid,2594032,2899064,2899156,305032,92,305124,completed,72
37736,Rigid,2594032,2899185,2899257,305153,72,305225,completed,72
37737,Rigid,2594066,2899275,2899369,305209,94,305303,completed,72
37738,Rigid,2594066,2899395,2899481,305329,86,305415,completed,72
37739,Rigid,2594066,2899485,2899554,305419,69,305488,completed,72
37740,Rigid,2594107,2594108,2594109,1,1,2,completed,1
37741,Rigid,2594778,2626015,2701908,31237,75893,107130,completed,36
37742,Rigid,2594778,2626640,2786782,31862,160142,192004,completed,36
37743,Rigid,2594778,2627622,2800448,32844,172826,205670,completed,36
37744,Rigid,2595169,2595169,2835587,0,240418,240418,completed,36
37745,Rigid,2595820,2603110,2645788,7290,42678,49968,completed,180
37746,Rigid,2596763,2627767,2732028,31004,104261,135265,completed,36
37747,Rigid,2596763,2627811,2694921,31048,67110,98158,completed,36
37748,Rigid,2596763,2627811,2704986,31048,77175,108223,completed,36
37749,Rigid,2597065,2638263,2794317,41198,156054,197252,completed,144
37750,Rigid,2598888,2603106,2603109,4218,3,4221,completed,144
37751,Rigid,2600327,2600743,2601961,416,1218,1634,completed,36
37752,Rigid,2600982,2600996,2619317,14,18321,18335,completed,1
37753,Rigid,2600982,2600995,2620295,13,19300,19313,completed,1
37754,Rigid,2600982,2600995,2620530,13,19535,19548,completed,1
37755,Rigid,2600982,2600994,2618752,12,17758,17770,completed,1
37756,Rigid,2600982,2600995,2620456,13,19461,19474,completed,1
37757,Rigid,2600982,2600995,2619134,13,18139,18152,completed,1
37758,Rigid,2600982,2600995,2618882,13,17887,17900,completed,1
37759,Rigid,2600982,2600995,2618732,13,17737,17750,completed,1
37760,Rigid,2600982,2600995,2619488,13,18493,18506,completed,1
37761,Rigid,2600982,2600995,2620195,13,19200,19213,completed,1
37762,Rigid,2600982,2600995,2620389,13,19394,19407,completed,1
37763,Rigid,2600982,2600995,2620143,13,19148,19161,completed,1
37764,Rigid,2600982,2600995,2620672,13,19677,19690,completed,1
37765,Rigid,2600982,2600995,2619087,13,18092,18105,completed,1
37766,Rigid,2600982,2600994,2618871,12,17877,17889,completed,1
37767,Rigid,2600982,2600995,2619249,13,18254,18267,completed,1
37768,Rigid,2600982,2600995,2619373,13,18378,18391,completed,1
37769,Rigid,2600982,2600995,2619362,13,18367,18380,completed,1
37770,Rigid,2600982,2600995,2618847,13,17852,17865,completed,1
37771,Rigid,2600982,2600995,2619016,13,18021,18034,completed,1
37772,Rigid,2600982,2600995,2618825,13,17830,17843,completed,1
37773,Rigid,2600982,2600995,2619498,13,18503,18516,completed,1
37774,Rigid,2600982,2600995,2619949,13,18954,18967,completed,1
37775,Rigid,2600982,2600995,2620333,13,19338,19351,completed,1
37776,Rigid,2600982,2600995,2620133,13,19138,19151,completed,1
37777,Rigid,2600982,2600994,2618959,12,17965,17977,completed,1
37778,Rigid,2600982,2600995,2620451,13,19456,19469,completed,1
37779,Rigid,2600982,2600995,2620161,13,19166,19179,completed,1
37780,Rigid,2600982,2600995,2620159,13,19164,19177,completed,1
37781,Rigid,2600982,2600995,2620625,13,19630,19643,completed,1
37782,Rigid,2600982,2600995,2620727,13,19732,19745,completed,1
37783,Rigid,2600982,2600995,2620278,13,19283,19296,completed,1
37784,Rigid,2600982,2600995,2620098,13,19103,19116,completed,1
37785,Rigid,2600982,2600995,2620497,13,19502,19515,completed,1
37786,Rigid,2600982,2600995,2620552,13,19557,19570,completed,1
37787,Rigid,2600982,2600995,2620017,13,19022,19035,completed,1
37788,Rigid,2600982,2600994,2619211,12,18217,18229,completed,1
37789,Rigid,2600982,2600995,2620013,13,19018,19031,completed,1
37790,Rigid,2600982,2600995,2620385,13,19390,19403,completed,1
37791,Rigid,2600982,2600995,2620156,13,19161,19174,completed,1
37792,Rigid,2600982,2600995,2619814,13,18819,18832,completed,1
37793,Rigid,2600982,2600995,2619906,13,18911,18924,completed,1
37794,Rigid,2600982,2600995,2620108,13,19113,19126,completed,1
37795,Rigid,2600982,2600995,2620265,13,19270,19283,completed,1
37796,Rigid,2600982,2600995,2619899,13,18904,18917,completed,1
37797,Rigid,2600982,2600995,2619845,13,18850,18863,completed,1
37798,Rigid,2600982,2600995,2619960,13,18965,18978,completed,1
37799,Rigid,2600982,2600994,2618888,12,17894,17906,completed,1
37800,Rigid,2600982,2600995,2620387,13,19392,19405,completed,1
37801,Rigid,2600982,2600995,2618877,13,17882,17895,completed,1
37802,Rigid,2600982,2600995,2618672,13,17677,17690,completed,1
37803,Rigid,2600982,2600995,2618574,13,17579,17592,completed,1
37804,Rigid,2600982,2600995,2619357,13,18362,18375,completed,1
37805,Rigid,2600982,2600995,2620606,13,19611,19624,completed,1
37806,Rigid,2600982,2600995,2620664,13,19669,19682,completed,1
37807,Rigid,2600982,2600995,2620279,13,19284,19297,completed,1
37808,Rigid,2600982,2600995,2620912,13,19917,19930,completed,1
37809,Rigid,2600982,2600995,2618812,13,17817,17830,completed,1
37810,Rigid,2600982,2600994,2619020,12,18026,18038,completed,1
37811,Rigid,2600982,2600995,2618580,13,17585,17598,completed,1
37812,Rigid,2600982,2600995,2619234,13,18239,18252,completed,1
37813,Rigid,2600982,2600995,2619262,13,18267,18280,completed,1
37814,Rigid,2600982,2600995,2618782,13,17787,17800,completed,1
37815,Rigid,2600982,2600995,2619047,13,18052,18065,completed,1
37816,Rigid,2600982,2600995,2618937,13,17942,17955,completed,1
37817,Rigid,2600982,2600995,2619369,13,18374,18387,completed,1
37818,Rigid,2600982,2600995,2618763,13,17768,17781,completed,1
37819,Rigid,2600982,2600995,2618653,13,17658,17671,completed,1
37820,Rigid,2600982,2600995,2619179,13,18184,18197,completed,1
37821,Rigid,2600982,2600994,2619402,12,18408,18420,completed,1
37822,Rigid,2600982,2600995,2619280,13,18285,18298,completed,1
37823,Rigid,2600982,2600995,2618833,13,17838,17851,completed,1
37824,Rigid,2600982,2600995,2618948,13,17953,17966,completed,1
37825,Rigid,2600982,2600995,2618843,13,17848,17861,completed,1
37826,Rigid,2600982,2600995,2619187,13,18192,18205,completed,1
37827,Rigid,2600982,2600995,2618925,13,17930,17943,completed,1
37828,Rigid,2600982,2600995,2619132,13,18137,18150,completed,1
37829,Rigid,2600982,2600995,2618983,13,17988,18001,completed,1
37830,Rigid,2600982,2600995,2619185,13,18190,18203,completed,1
37831,Rigid,2600982,2600995,2619990,13,18995,19008,completed,1
37832,Rigid,2600982,2600995,2619400,13,18405,18418,completed,1
37833,Rigid,2600982,2600995,2620109,13,19114,19127,completed,1
37834,Rigid,2600982,2600995,2620003,13,19008,19021,completed,1
37835,Rigid,2600982,2600995,2620541,13,19546,19559,completed,1
37836,Rigid,2600982,2600995,2618966,13,17971,17984,completed,1
37837,Rigid,2600982,2600995,2618674,13,17679,17692,completed,1
37838,Rigid,2600982,2600995,2618780,13,17785,17798,completed,1
37839,Rigid,2600982,2600995,2619327,13,18332,18345,completed,1
37840,Rigid,2600982,2600995,2620059,13,19064,19077,completed,1
37841,Rigid,2600982,2600995,2620383,13,19388,19401,completed,1
37842,Rigid,2600982,2600995,2620231,13,19236,19249,completed,1
37843,Rigid,2600982,2600995,2620167,13,19172,19185,completed,1
37844,Rigid,2600982,2600995,2620547,13,19552,19565,completed,1
37845,Rigid,2600982,2600995,2618765,13,17770,17783,completed,1
37846,Rigid,2600982,2600995,2618947,13,17952,17965,completed,1
37847,Rigid,2600982,2600995,2618707,13,17712,17725,completed,1
37848,Rigid,2600982,2600995,2619182,13,18187,18200,completed,1
37849,Rigid,2600982,2600995,2618959,13,17964,17977,completed,1
37850,Rigid,2600982,2600995,2619083,13,18088,18101,completed,1
37851,Rigid,2600982,2600996,2619276,14,18280,18294,completed,1
37852,Rigid,2602177,2610664,2783492,8487,172828,181315,completed,180
37853,Rigid,2602615,2624826,2642225,22211,17399,39610,completed,72
37854,Rigid,2604760,2604790,2604793,30,3,33,completed,1
37855,Rigid,2604805,2604806,2604809,1,3,4,completed,1
37856,Rigid,2605416,2605419,2605424,3,5,8,completed,1
37857,Rigid,2605422,2605450,2613036,28,7586,7614,completed,10
37858,Rigid,2605422,2605450,2614169,28,8719,8747,completed,10
37859,Rigid,2605422,2605450,2613327,28,7877,7905,completed,10
37860,Rigid,2605422,2605450,2611581,28,6131,6159,completed,10
37861,Rigid,2605422,2608038,2613404,2616,5366,7982,completed,10
37862,Rigid,2605422,2608038,2613181,2616,5143,7759,completed,10
37863,Rigid,2605422,2608038,2613646,2616,5608,8224,completed,10
37864,Rigid,2605422,2611605,2617215,6183,5610,11793,completed,10
37865,Rigid,2605423,2613058,2620744,7635,7686,15321,completed,10
37866,Rigid,2605423,2613188,2618125,7765,4937,12702,completed,10
37867,Rigid,2605423,2613347,2622637,7924,9290,17214,completed,10
37868,Rigid,2605423,2613411,2622575,7988,9164,17152,completed,10
37869,Rigid,2605423,2613672,2618969,8249,5297,13546,completed,10
37870,Rigid,2605423,2614194,2622831,8771,8637,17408,completed,10
37871,Rigid,2605423,2616434,2621696,11011,5262,16273,completed,10
37872,Rigid,2605423,2616434,2621984,11011,5550,16561,completed,10
37873,Rigid,2605423,2616434,2622859,11011,6425,17436,completed,10
37874,Rigid,2605423,2616434,2623064,11011,6630,17641,completed,10
37875,Rigid,2605423,2616434,2622061,11011,5627,16638,completed,10
37876,Rigid,2605423,2616434,2622511,11011,6077,17088,completed,10
37877,Rigid,2605423,2616434,2622964,11011,6530,17541,completed,10
37878,Rigid,2605423,2616592,2623204,11169,6612,17781,completed,10
37879,Rigid,2605423,2616592,2622078,11169,5486,16655,completed,10
37880,Rigid,2605423,2616592,2622739,11169,6147,17316,completed,10
37881,Rigid,2605423,2616592,2622543,11169,5951,17120,completed,10
37882,Rigid,2605423,2616920,2622343,11497,5423,16920,completed,10
37883,Rigid,2605423,2616921,2622987,11498,6066,17564,completed,10
37884,Rigid,2605423,2616921,2623264,11498,6343,17841,completed,10
37885,Rigid,2605423,2616921,2623245,11498,6324,17822,completed,10
37886,Rigid,2605423,2616921,2622830,11498,5909,17407,completed,10
37887,Rigid,2605423,2616921,2622830,11498,5909,17407,completed,10
37888,Rigid,2605423,2616921,2623373,11498,6452,17950,completed,10
37889,Rigid,2605423,2616921,2624796,11498,7875,19373,completed,10
37890,Rigid,2605423,2616921,2622503,11498,5582,17080,completed,10
37891,Rigid,2605423,2616921,2623242,11498,6321,17819,completed,10
37892,Rigid,2605423,2616921,2623912,11498,6991,18489,completed,10
37893,Rigid,2605423,2616921,2623027,11498,6106,17604,completed,10
37894,Rigid,2605423,2616921,2623124,11498,6203,17701,completed,10
37895,Rigid,2605423,2616921,2624690,11498,7769,19267,completed,10
37896,Rigid,2605423,2617216,2624301,11793,7085,18878,completed,10
37897,Rigid,2605423,2617388,2623538,11965,6150,18115,completed,10
37898,Rigid,2605423,2617388,2624789,11965,7401,19366,completed,10
37899,Rigid,2605423,2617388,2625325,11965,7937,19902,completed,10
37900,Rigid,2605424,2617388,2625385,11964,7997,19961,completed,10
37901,Rigid,2605424,2618009,2625204,12585,7195,19780,completed,10
37902,Rigid,2605424,2618009,2626380,12585,8371,20956,completed,10
37903,Rigid,2605424,2618009,2627525,12585,9516,22101,completed,10
37904,Rigid,2605424,2618126,2627744,12702,9618,22320,completed,10
37905,Rigid,2605424,2618694,2627652,13270,8958,22228,completed,10
37906,Rigid,2605424,2618694,2627762,13270,9068,22338,completed,10
37907,Rigid,2605424,2618970,2627968,13546,8998,22544,completed,10
37908,Rigid,2605424,2619625,2628590,14201,8965,23166,completed,10
37909,Rigid,2605424,2618674,2635349,13250,16675,29925,completed,10
37910,Rigid,2605424,2618694,2638262,13270,19568,32838,completed,10
37911,Rigid,2605424,2618754,2636824,13330,18070,31400,completed,10
37912,Rigid,2605424,2618872,2633555,13448,14683,28131,completed,10
37913,Rigid,2605424,2619184,2649610,13760,30426,44186,completed,10
37914,Rigid,2605424,2619328,2648377,13904,29049,42953,completed,10
37915,Rigid,2605424,2619624,2643634,14200,24010,38210,completed,10
37916,Rigid,2605424,2618967,2636397,13543,17430,30973,completed,10
37917,Rigid,2606374,2606375,2606403,1,28,29,completed,36
37918,Rigid,2606643,2606644,2606649,1,5,6,completed,36
37919,Rigid,2606681,2645767,2729880,39086,84113,123199,completed,1080
37920,Rigid,2615004,2909285,2909617,294281,332,294613,completed,72
37921,Rigid,2615004,2909646,2909984,294642,338,294980,completed,72
37922,Rigid,2615004,2894425,2909261,279421,14836,294257,completed,72
37923,Rigid,2615005,2910007,2910340,295002,333,295335,completed,72
37924,Rigid,2616085,2649612,2694971,33527,45359,78886,completed,144
37925,Rigid,2616608,2649612,2695553,33004,45941,78945,completed,144
37926,Rigid,2616655,2651812,2697298,35157,45486,80643,completed,144
37927,Rigid,2616915,2665411,2711309,48496,45898,94394,completed,144
37928,Rigid,2616919,2665411,2711341,48492,45930,94422,completed,144
37929,Rigid,2619779,2665419,2711481,45640,46062,91702,completed,144
37930,Rigid,2622261,2665419,2711765,43158,46346,89504,completed,144
37931,Rigid,2622359,2639826,2803034,17467,163208,180675,completed,144
37932,Rigid,2622521,2640707,2803034,18186,162327,180513,completed,144
37933,Rigid,2622580,2641742,2659136,19162,17394,36556,completed,144
37934,Rigid,2622633,2641742,2685540,19109,43798,62907,completed,144
37935,Rigid,2622780,2641742,2651811,18962,10069,29031,completed,144
37936,Rigid,2623113,2666029,2712209,42916,46180,89096,completed,144
37937,Rigid,2623670,2667265,2713537,43595,46272,89867,completed,144
37938,Rigid,2624566,2667265,2714076,42699,46811,89510,completed,144
37939,Rigid,2633691,2642226,2803034,8535,160808,169343,completed,144
37940,Rigid,2633748,2642651,2660657,8903,18006,26909,completed,144
37941,Rigid,2633806,2642863,2803034,9057,160171,169228,completed,144
37942,Rigid,2633869,2645790,2663155,11921,17365,29286,completed,144
37943,Rigid,2634011,2646038,2689248,12027,43210,55237,completed,144
37944,Rigid,2634102,2646884,2656946,12782,10062,22844,completed,144
37945,Rigid,2634372,2648378,2803034,14006,154656,168662,completed,144
37946,Rigid,2634429,2648651,2672494,14222,23843,38065,completed,144
37947,Rigid,2634473,2672495,2803034,38022,130539,168561,completed,144
37948,Rigid,2638128,2670090,2716772,31962,46682,78644,completed,144
37949,Rigid,2652067,2656947,2667264,4880,10317,15197,completed,360
37950,Rigid,2652149,2658294,2664985,6145,6691,12836,completed,360
37951,Rigid,2652635,2659137,2665410,6502,6273,12775,completed,360
37952,Rigid,2652799,2664987,2668741,12188,3754,15942,completed,360
37953,Rigid,2653008,2665411,2665417,12403,6,12409,completed,360
37954,Rigid,2660252,2666135,2726924,5883,60789,66672,completed,36
37955,Rigid,2661666,2667288,2728152,5622,60864,66486,completed,36
37956,Rigid,2661667,2668742,2729229,7075,60487,67562,completed,36
37957,Rigid,2661667,2668742,2729458,7075,60716,67791,completed,36
37958,Rigid,2661667,2668742,2729455,7075,60713,67788,completed,36
37959,Rigid,2661667,2669062,2729882,7395,60820,68215,completed,36
37960,Rigid,2661667,2669619,2730208,7952,60589,68541,completed,36
37961,Rigid,2661667,2669620,2730530,7953,60910,68863,completed,36
37962,Rigid,2661667,2669620,2730567,7953,60947,68900,completed,36
37963,Rigid,2662062,2662063,2662072,1,9,10,completed,36
37964,Rigid,2662113,2662114,2662117,1,3,4,completed,36
37965,Rigid,2662393,2667265,2667275,4872,10,4882,completed,72
37966,Rigid,2664078,2664079,2664095,1,16,17,completed,36
37967,Rigid,2666620,2668742,2711959,2122,43217,45339,completed,288
37968,Rigid,2668094,2668095,2684392,1,16297,16298,completed,1
37969,Rigid,2668668,2668682,2685318,14,16636,16650,completed,1
37970,Rigid,2668668,2668669,2693090,1,24421,24422,completed,1
37971,Rigid,2668668,2668669,2692832,1,24163,24164,completed,1
37972,Rigid,2668668,2668669,2691694,1,23025,23026,completed,1
37973,Rigid,2668668,2668669,2692570,1,23901,23902,completed,1
37974,Rigid,2668668,2668669,2692675,1,24006,24007,completed,1
37975,Rigid,2668668,2668669,2692371,1,23702,23703,completed,1
37976,Rigid,2668668,2668669,2692703,1,24034,24035,completed,1
37977,Rigid,2668668,2668669,2692397,1,23728,23729,completed,1
37978,Rigid,2668668,2668669,2691826,1,23157,23158,completed,1
37979,Rigid,2668668,2668669,2692836,1,24167,24168,completed,1
37980,Rigid,2668668,2668669,2691831,1,23162,23163,completed,1
37981,Rigid,2668668,2668669,2693020,1,24351,24352,completed,1
37982,Rigid,2668668,2668668,2684889,0,16221,16221,completed,1
37983,Rigid,2668668,2668669,2693131,1,24462,24463,completed,1
37984,Rigid,2668668,2668669,2692491,1,23822,23823,completed,1
37985,Rigid,2668668,2668669,2692167,1,23498,23499,completed,1
37986,Rigid,2668668,2668669,2692996,1,24327,24328,completed,1
37987,Rigid,2668668,2668669,2692596,1,23927,23928,completed,1
37988,Rigid,2668668,2668669,2693297,1,24628,24629,completed,1
37989,Rigid,2668668,2668669,2692472,1,23803,23804,completed,1
37990,Rigid,2668668,2668669,2692329,1,23660,23661,completed,1
37991,Rigid,2668668,2668669,2692359,1,23690,23691,completed,1
37992,Rigid,2668668,2668669,2692132,1,23463,23464,completed,1
37993,Rigid,2668668,2668668,2685067,0,16399,16399,completed,1
37994,Rigid,2668668,2668669,2693501,1,24832,24833,completed,1
37995,Rigid,2668668,2668669,2692256,1,23587,23588,completed,1
37996,Rigid,2668668,2668669,2692950,1,24281,24282,completed,1
37997,Rigid,2668668,2668669,2693179,1,24510,24511,completed,1
37998,Rigid,2668668,2668669,2692550,1,23881,23882,completed,1
37999,Rigid,2668668,2668669,2692207,1,23538,23539,completed,1
38000,Rigid,2668668,2668669,2692361,1,23692,23693,completed,1
38001,Rigid,2668668,2668669,2693463,1,24794,24795,completed,1
38002,Rigid,2668668,2668669,2692679,1,24010,24011,completed,1
38003,Rigid,2668668,2668669,2691814,1,23145,23146,completed,1
38004,Rigid,2668668,2668668,2685252,0,16584,16584,completed,1
38005,Rigid,2668668,2668669,2692556,1,23887,23888,completed,1
38006,Rigid,2668668,2668669,2692891,1,24222,24223,completed,1
38007,Rigid,2668668,2668669,2692311,1,23642,23643,completed,1
38008,Rigid,2668668,2668669,2685194,1,16525,16526,completed,1
38009,Rigid,2668668,2668669,2685257,1,16588,16589,completed,1
38010,Rigid,2668668,2668669,2685363,1,16694,16695,completed,1
38011,Rigid,2668668,2668669,2685562,1,16893,16894,completed,1
38012,Rigid,2668668,2668669,2684848,1,16179,16180,completed,1
38013,Rigid,2668668,2668669,2684853,1,16184,16185,completed,1
38014,Rigid,2668668,2668669,2684892,1,16223,16224,completed,1
38015,Rigid,2668668,2668669,2685612,1,16943,16944,completed,1
38016,Rigid,2668668,2668669,2685413,1,16744,16745,completed,1
38017,Rigid,2668668,2668669,2683739,1,15070,15071,completed,1
38018,Rigid,2668668,2668669,2683729,1,15060,15061,completed,1
38019,Rigid,2668668,2668669,2683857,1,15188,15189,completed,1
38020,Rigid,2668668,2668669,2684100,1,15431,15432,completed,1
38021,Rigid,2668668,2668669,2693182,1,24513,24514,completed,1
38022,Rigid,2668668,2668669,2692391,1,23722,23723,completed,1
38023,Rigid,2668668,2668669,2692748,1,24079,24080,completed,1
38024,Rigid,2668668,2668669,2692638,1,23969,23970,completed,1
38025,Rigid,2668668,2668669,2692913,1,24244,24245,completed,1
38026,Rigid,2668668,2668669,2685719,1,17050,17051,completed,1
38027,Rigid,2668668,2668669,2692823,1,24154,24155,completed,1
38028,Rigid,2668668,2668669,2692165,1,23496,23497,completed,1
38029,Rigid,2668668,2668669,2692746,1,24077,24078,completed,1
38030,Rigid,2668668,2668669,2692805,1,24136,24137,completed,1
38031,Rigid,2668668,2668669,2692970,1,24301,24302,completed,1
38032,Rigid,2668668,2668669,2692080,1,23411,23412,completed,1
38033,Rigid,2668668,2668669,2693023,1,24354,24355,completed,1
38034,Rigid,2668668,2668669,2692559,1,23890,23891,completed,1
38035,Rigid,2668668,2668669,2692317,1,23648,23649,completed,1
38036,Rigid,2668668,2668669,2692514,1,23845,23846,completed,1
38037,Rigid,2668668,2668669,2686079,1,17410,17411,completed,1
38038,Rigid,2668668,2668669,2692628,1,23959,23960,completed,1
38039,Rigid,2668668,2668669,2693100,1,24431,24432,completed,1
38040,Rigid,2668668,2668669,2692326,1,23657,23658,completed,1
38041,Rigid,2668668,2668669,2693445,1,24776,24777,completed,1
38042,Rigid,2668668,2668669,2693060,1,24391,24392,completed,1
38043,Rigid,2668668,2668669,2692639,1,23970,23971,completed,1
38044,Rigid,2668668,2668669,2692734,1,24065,24066,completed,1
38045,Rigid,2668668,2668669,2691999,1,23330,23331,completed,1
38046,Rigid,2668668,2668669,2692793,1,24124,24125,completed,1
38047,Rigid,2668668,2668669,2691742,1,23073,23074,completed,1
38048,Rigid,2668668,2668669,2685981,1,17312,17313,completed,1
38049,Rigid,2668668,2668669,2692254,1,23585,23586,completed,1
38050,Rigid,2668668,2668669,2692267,1,23598,23599,completed,1
38051,Rigid,2668668,2668669,2692387,1,23718,23719,completed,1
38052,Rigid,2668668,2668669,2692847,1,24178,24179,completed,1
38053,Rigid,2668668,2668669,2692320,1,23651,23652,completed,1
38054,Rigid,2668668,2668669,2692737,1,24068,24069,completed,1
38055,Rigid,2668668,2668669,2692207,1,23538,23539,completed,1
38056,Rigid,2668668,2668669,2692044,1,23375,23376,completed,1
38057,Rigid,2668668,2668682,2693386,14,24704,24718,completed,1
38058,Rigid,2668668,2668682,2693025,14,24343,24357,completed,1
38059,Rigid,2668668,2668669,2693386,1,24717,24718,completed,1
38060,Rigid,2668668,2668682,2693512,14,24830,24844,completed,1
38061,Rigid,2668668,2668682,2685242,14,16560,16574,completed,1
38062,Rigid,2668668,2668682,2685248,14,16566,16580,completed,1
38063,Rigid,2668668,2668682,2685442,14,16760,16774,completed,1
38064,Rigid,2668668,2668682,2685618,14,16936,16950,completed,1
38065,Rigid,2668668,2668682,2684942,14,16260,16274,completed,1
38066,Rigid,2668668,2668682,2685000,14,16318,16332,completed,1
38067,Rigid,2668668,2668682,2685236,14,16554,16568,completed,1
38068,Rigid,2670089,2671481,2722535,1392,51054,52446,completed,144
38069,Rigid,2670668,2670669,2670685,1,16,17,completed,36
38070,Rigid,2670897,2670897,2670914,0,17,17,completed,36
38071,Rigid,2670944,2670945,2670955,1,10,11,completed,36
38072,Rigid,2671480,2675460,2727297,3980,51837,55817,completed,144
38073,Rigid,2673489,2674284,2711073,795,36789,37584,completed,108
38074,Rigid,2675458,2693518,2748281,18060,54763,72823,completed,144
38075,Rigid,2676298,2695555,2750750,19257,55195,74452,completed,540
38076,Rigid,2676347,2697277,2697505,20930,228,21158,completed,540
38077,Rigid,2680174,2697507,2783936,17333,86429,103762,completed,540
38078,Rigid,2680785,2680785,2680794,0,9,9,completed,72
38079,Rigid,2680961,2697505,2752151,16544,54646,71190,completed,144
38080,Rigid,2681237,2684101,2699617,2864,15516,18380,completed,144
38081,Rigid,2681282,2684959,2684967,3677,8,3685,completed,72
38082,Rigid,2681295,2691527,2691536,10232,9,10241,completed,36
38083,Rigid,2681295,2691497,2691521,10202,24,10226,completed,36
38084,Rigid,2681295,2691557,2691567,10262,10,10272,completed,36
38085,Rigid,2681295,2685328,2814928,4033,129600,133633,completed,36
38086,Rigid,2681295,2691587,2821203,10292,129616,139908,completed,36
38087,Rigid,2681295,2691618,2821233,10323,129615,139938,completed,36
38088,Rigid,2681295,2695571,2825194,14276,129623,143899,completed,36
38089,Rigid,2681295,2697505,2827115,16210,129610,145820,completed,36
38090,Rigid,2681295,2697506,2827115,16211,129609,145820,completed,36
38091,Rigid,2681295,2697506,2827115,16211,129609,145820,completed,36
38092,Rigid,2681295,2697506,2827115,16211,129609,145820,completed,36
38093,Rigid,2681295,2697506,2827115,16211,129609,145820,completed,36
38094,Rigid,2683488,2684995,2908380,1507,223385,224892,completed,108
38095,Rigid,2685395,2685396,2687134,1,1738,1739,completed,72
38096,Rigid,2686116,2687141,2689390,1025,2249,3274,completed,72
38097,Rigid,2686665,2689250,2693560,2585,4310,6895,completed,72
38098,Rigid,2686670,2689250,2691474,2580,2224,4804,completed,72
38099,Rigid,2687670,2688138,2692638,468,4500,4968,completed,36
38100,Rigid,2688768,2688768,2690648,0,1880,1880,completed,36
38101,Rigid,2689700,2689700,2693877,0,4177,4177,completed,72
38102,Rigid,2689827,2690189,2699498,362,9309,9671,completed,72
38103,Rigid,2691673,2691673,2691677,0,4,4,completed,36
38104,Rigid,2693467,2693468,2693472,1,4,5,completed,36
38105,Rigid,2693613,2693614,2701339,1,7725,7726,completed,72
38106,Rigid,2693668,2693668,2705379,0,11711,11711,completed,72
38107,Rigid,2694196,2694197,2694243,1,46,47,completed,36
38108,Rigid,2694970,2699504,2744935,4534,45431,49965,completed,144
38109,Rigid,2695023,2695024,2695115,1,91,92,completed,36
38110,Rigid,2695172,2695173,2695176,1,3,4,completed,36
38111,Rigid,2695242,2695243,2695246,1,3,4,completed,36
38112,Rigid,2695282,2695282,2695285,0,3,3,completed,36
38113,Rigid,2695370,2695370,2695373,0,3,3,completed,36
38114,Rigid,2695413,2695413,2695416,0,3,3,completed,36
38115,Rigid,2695445,2695445,2695448,0,3,3,completed,36
38116,Rigid,2695553,2699618,2745438,4065,45820,49885,completed,144
38117,Rigid,2695580,2695581,2695674,1,93,94,completed,36
38118,Rigid,2695594,2695594,2695597,0,3,3,completed,36
38119,Rigid,2696216,2699804,2769313,3588,69509,73097,completed,144
38120,Rigid,2697295,2701346,2770311,4051,68965,73016,completed,144
38121,Rigid,2697298,2701532,2747310,4234,45778,50012,completed,144
38122,Rigid,2697948,2697949,2724694,1,26745,26746,completed,36
38123,Rigid,2698132,2698133,2698138,1,5,6,completed,36
38124,Rigid,2698181,2698181,2698186,0,5,5,completed,36
38125,Rigid,2698357,2698357,2698360,0,3,3,completed,36
38126,Rigid,2699069,2699070,2699073,1,3,4,completed,36
38127,Rigid,2699165,2699166,2699611,1,445,446,completed,36
38128,Rigid,2700761,2700761,2700764,0,3,3,completed,36
38129,Rigid,2701030,2701030,2701037,0,7,7,completed,36
38130,Rigid,2701529,2701535,2771921,6,70386,70392,completed,144
38131,Rigid,2701534,2702593,2773031,1059,70438,71497,completed,144
38132,Rigid,2702080,2702081,2702084,1,3,4,completed,36
38133,Rigid,2702222,2702223,2702226,1,3,4,completed,36
38134,Rigid,2702283,2702283,2702286,0,3,3,completed,36
38135,Rigid,2702329,2702329,2702332,0,3,3,completed,36
38136,Rigid,2702387,2702389,2702392,2,3,5,completed,36
38137,Rigid,2702435,2702436,2702451,1,15,16,completed,36
38138,Rigid,2702436,2702436,2702439,0,3,3,completed,36
38139,Rigid,2702497,2702497,2702500,0,3,3,completed,36
38140,Rigid,2702577,2702578,2702583,1,5,6,completed,36
38141,Rigid,2702591,2702639,2772546,48,69907,69955,completed,144
38142,Rigid,2702601,2702605,2702608,4,3,7,completed,36
38143,Rigid,2702637,2702990,2772309,353,69319,69672,completed,144
38144,Rigid,2702989,2705136,2775085,2147,69949,72096,completed,144
38145,Rigid,2703022,2703800,2703831,778,31,809,completed,36
38146,Rigid,2703823,2703824,2703837,1,13,14,completed,1
38147,Rigid,2703865,2703866,2703869,1,3,4,completed,1
38148,Rigid,2703976,2703976,2703993,0,17,17,completed,1
38149,Rigid,2704046,2705124,2705135,1078,11,1089,completed,120
38150,Rigid,2704108,2704837,2704842,729,5,734,completed,36
38151,Rigid,2704887,2704897,2823754,10,118857,118867,completed,36
38152,Rigid,2705122,2711970,2781665,6848,69695,76543,completed,144
38153,Rigid,2705359,2705386,2736549,27,31163,31190,completed,144
38154,Rigid,2706192,2706193,2706196,1,3,4,completed,2
38155,Rigid,2706225,2706225,2706230,0,5,5,completed,2
38156,Rigid,2706577,2711690,2843620,5113,131930,137043,completed,144
38157,Rigid,2707018,2711970,2772186,4952,60216,65168,completed,540
38158,Rigid,2707748,2711080,2723897,3332,12817,16149,completed,36
38159,Rigid,2711211,2711212,2711215,1,3,4,completed,1
38160,Rigid,2711211,2711212,2711219,1,7,8,completed,1
38161,Rigid,2711211,2711212,2711215,1,3,4,completed,1
38162,Rigid,2711212,2711212,2711214,0,2,2,completed,1
38163,Rigid,2711212,2711216,2711219,4,3,7,completed,1
38164,Rigid,2711215,2711216,2711218,1,2,3,completed,1
38165,Rigid,2711215,2711216,2711219,1,3,4,completed,1
38166,Rigid,2711215,2711216,2711219,1,3,4,completed,1
38167,Rigid,2711216,2711216,2711219,0,3,3,completed,1
38168,Rigid,2711218,2711219,2711224,1,5,6,completed,1
38169,Rigid,2711218,2711219,2711221,1,2,3,completed,1
38170,Rigid,2711219,2711220,2711222,1,2,3,completed,1
38171,Rigid,2711219,2711220,2711223,1,3,4,completed,1
38172,Rigid,2711221,2711222,2711224,1,2,3,completed,1
38173,Rigid,2711223,2711224,2711243,1,19,20,completed,36
38174,Rigid,2711224,2711244,2711246,20,2,22,completed,2
38175,Rigid,2711224,2711244,2711246,20,2,22,completed,2
38176,Rigid,2711224,2711233,2711235,9,2,11,completed,1
38177,Rigid,2711224,2711225,2711244,1,19,20,completed,36
38178,Rigid,2711225,2711310,2711603,85,293,378,completed,144
38179,Rigid,2711226,2711233,2711235,7,2,9,completed,1
38180,Rigid,2711226,2711343,2711686,117,343,460,completed,216
38181,Rigid,2711227,2711233,2711235,6,2,8,completed,1
38182,Rigid,2711228,2711482,2711774,254,292,546,completed,144
38183,Rigid,2711229,2711233,2711235,4,2,6,completed,1
38184,Rigid,2711229,2711233,2711235,4,2,6,completed,1
38185,Rigid,2711229,2711604,2711606,375,2,377,completed,36
38186,Rigid,2711229,2711604,2711606,375,2,377,completed,36
38187,Rigid,2711230,2711263,2711266,33,3,36,completed,2
38188,Rigid,2711230,2711233,2711235,3,2,5,completed,1
38189,Rigid,2711230,2711263,2711265,33,2,35,completed,2
38190,Rigid,2711230,2711233,2711235,3,2,5,completed,1
38191,Rigid,2711230,2711233,2711236,3,3,6,completed,1
38192,Rigid,2711230,2711233,2711235,3,2,5,completed,1
38193,Rigid,2711231,2711233,2711235,2,2,4,completed,1
38194,Rigid,2711231,2711687,2711689,456,2,458,completed,216
38195,Rigid,2711233,2711233,2711235,0,2,2,completed,1
38196,Rigid,2711233,2711263,2711265,30,2,32,completed,1
38197,Rigid,2711233,2711263,2711266,30,3,33,completed,1
38198,Rigid,2711234,2711263,2711265,29,2,31,completed,1
38199,Rigid,2711234,2711263,2711265,29,2,31,completed,1
38200,Rigid,2711234,2711263,2711266,29,3,32,completed,1
38201,Rigid,2711234,2711263,2711266,29,3,32,completed,1
38202,Rigid,2711235,2711263,2711266,28,3,31,completed,1
38203,Rigid,2711235,2711263,2711265,28,2,30,completed,1
38204,Rigid,2711236,2711263,2711265,27,2,29,completed,1
38205,Rigid,2711236,2711628,2711631,392,3,395,completed,36
38206,Rigid,2711236,2711628,2711632,392,4,396,completed,36
38207,Rigid,2711237,2711659,2711662,422,3,425,completed,36
38208,Rigid,2711237,2711659,2711661,422,2,424,completed,18
38209,Rigid,2711237,2711687,2711689,450,2,452,completed,18
38210,Rigid,2711268,2711687,2711689,419,2,421,completed,36
38211,Rigid,2711270,2711687,2711689,417,2,419,completed,18
38212,Rigid,2711271,2711687,2711689,416,2,418,completed,18
38213,Rigid,2711309,2712210,2758153,901,45943,46844,completed,144
38214,Rigid,2711341,2713539,2759566,2198,46027,48225,completed,144
38215,Rigid,2711458,2711719,2860646,261,148927,149188,completed,24
38216,Rigid,2711481,2714078,2760380,2597,46302,48899,completed,144
38217,Rigid,2711765,2720084,2766388,8319,46304,54623,completed,144
38218,Rigid,2712209,2721319,2767670,9110,46351,55461,completed,144
38219,Rigid,2713537,2722492,2769403,8955,46911,55866,completed,144
38220,Rigid,2714076,2722537,2769042,8461,46505,54966,completed,144
38221,Rigid,2714635,2716773,2752788,2138,36015,38153,completed,288
38222,Rigid,2716772,2724695,2771541,7923,46846,54769,completed,144
38223,Rigid,2722535,2727298,2779101,4763,51803,56566,completed,144
38224,Rigid,2727297,2744936,2796731,17639,51795,69434,completed,144
38225,Rigid,2735154,2735154,2735525,0,371,371,completed,36
38226,Rigid,2744935,2745439,2790868,504,45429,45933,completed,144
38227,Rigid,2744988,2744990,2745005,2,15,17,completed,36
38228,Rigid,2745438,2747311,2794416,1873,47105,48978,completed,144
38229,Rigid,2746229,2746230,2746234,1,4,5,completed,36
38230,Rigid,2747310,2748282,2793958,972,45676,46648,completed,144
38231,Rigid,2747782,2747782,2748055,0,273,273,completed,36
38232,Rigid,2747878,2748056,2748092,178,36,214,completed,36
38233,Rigid,2748281,2752152,2807491,3871,55339,59210,completed,144
38234,Rigid,2748936,2750752,2751759,1816,1007,2823,completed,36
38235,Rigid,2748954,2750752,2751755,1798,1003,2801,completed,36
38236,Rigid,2750019,2750019,2750049,0,30,30,completed,36
38237,Rigid,2750081,2750082,2750106,1,24,25,completed,36
38238,Rigid,2750122,2750123,2750129,1,6,7,completed,36
38239,Rigid,2750160,2750161,2750167,1,6,7,completed,36
38240,Rigid,2752151,2758153,2812948,6002,54795,60797,completed,144
38241,Rigid,2752162,2752162,2752166,0,4,4,completed,36
38242,Rigid,2752162,2752162,2752166,0,4,4,completed,36
38243,Rigid,2752162,2752165,2752168,3,3,6,completed,36
38244,Rigid,2752162,2752167,2752170,5,3,8,completed,36
38245,Rigid,2752162,2752168,2752170,6,2,8,completed,36
38246,Rigid,2752162,2752169,2752172,7,3,10,completed,36
38247,Rigid,2752162,2752172,2752174,10,2,12,completed,36
38248,Rigid,2752216,2752217,2752473,1,256,257,completed,36
38249,Rigid,2752217,2752217,2752473,0,256,256,completed,36
38250,Rigid,2752217,2752217,2752473,0,256,256,completed,36
38251,Rigid,2752217,2752368,2752473,151,105,256,completed,36
38252,Rigid,2752564,2752789,2752827,225,38,263,completed,36
38253,Rigid,2752564,2752789,2752838,225,49,274,completed,36
38254,Rigid,2752564,2752789,2752842,225,53,278,completed,36
38255,Rigid,2752564,2752789,2752853,225,64,289,completed,36
38256,Rigid,2752564,2752789,2752859,225,70,295,completed,36
38257,Rigid,2752564,2752789,2752899,225,110,335,completed,36
38258,Rigid,2752564,2752789,2752925,225,136,361,completed,36
38259,Rigid,2752565,2752789,2752837,224,48,272,completed,36
38260,Rigid,2752565,2752828,2752893,263,65,328,completed,36
38261,Rigid,2752565,2752839,2752907,274,68,342,completed,36
38262,Rigid,2752565,2752843,2752891,278,48,326,completed,36
38263,Rigid,2752565,2752839,2752984,274,145,419,completed,36
38264,Rigid,2752565,2752854,2752987,289,133,422,completed,36
38265,Rigid,2752565,2752860,2753000,295,140,435,completed,36
38266,Rigid,2752565,2752893,2753126,328,233,561,completed,36
38267,Rigid,2752565,2752894,2752999,329,105,434,completed,36
38268,Rigid,2752565,2752901,2753273,336,372,708,completed,36
38269,Rigid,2752565,2752908,2753016,343,108,451,completed,36
38270,Rigid,2752565,2752926,2753062,361,136,497,completed,36
38271,Rigid,2752565,2752986,2753111,421,125,546,completed,36
38272,Rigid,2752565,2752988,2753124,423,136,559,completed,36
38273,Rigid,2752565,2753000,2753236,435,236,671,completed,36
38274,Rigid,2752565,2753001,2753248,436,247,683,completed,36
38275,Rigid,2752565,2753018,2753279,453,261,714,completed,36
38276,Rigid,2752565,2753064,2753330,499,266,765,completed,36
38277,Rigid,2752565,2753113,2753533,548,420,968,completed,36
38278,Rigid,2752566,2753126,2753400,560,274,834,completed,36
38279,Rigid,2752566,2753127,2753466,561,339,900,completed,36
38280,Rigid,2752566,2753237,2753583,671,346,1017,completed,36
38281,Rigid,2752566,2753249,2753392,683,143,826,completed,36
38282,Rigid,2752566,2753274,2753467,708,193,901,completed,36
38283,Rigid,2752566,2753281,2753456,715,175,890,completed,36
38284,Rigid,2752566,2753331,2753476,765,145,910,completed,36
38285,Rigid,2752566,2753394,2753746,828,352,1180,completed,36
38286,Rigid,2752566,2753402,2753753,836,351,1187,completed,36
38287,Rigid,2752566,2753457,2753806,891,349,1240,completed,36
38288,Rigid,2752566,2753467,2753790,901,323,1224,completed,36
38289,Rigid,2752566,2753468,2753752,902,284,1186,completed,36
38290,Rigid,2752566,2753477,2753751,911,274,1185,completed,36
38291,Rigid,2752566,2753535,2753925,969,390,1359,completed,36
38292,Rigid,2752566,2753585,2753986,1019,401,1420,completed,36
38293,Rigid,2752566,2753747,2754117,1181,370,1551,completed,36
38294,Rigid,2752566,2753752,2754143,1186,391,1577,completed,36
38295,Rigid,2752566,2753753,2753920,1187,167,1354,completed,36
38296,Rigid,2752566,2753755,2753906,1189,151,1340,completed,36
38297,Rigid,2752566,2753791,2754108,1225,317,1542,completed,36
38298,Rigid,2752566,2753807,2754070,1241,263,1504,completed,36
38299,Rigid,2752566,2753908,2754161,1342,253,1595,completed,36
38300,Rigid,2752566,2753921,2754183,1355,262,1617,completed,36
38301,Rigid,2752566,2753926,2754063,1360,137,1497,completed,36
38302,Rigid,2752567,2753987,2754028,1420,41,1461,completed,36
38303,Rigid,2752567,2754184,2754222,1617,38,1655,completed,36
38304,Rigid,2752567,2754184,2754263,1617,79,1696,completed,36
38305,Rigid,2752567,2754029,2754220,1462,191,1653,completed,36
38306,Rigid,2752567,2754065,2754266,1498,201,1699,completed,36
38307,Rigid,2752567,2754072,2754183,1505,111,1616,completed,36
38308,Rigid,2752567,2754109,2754260,1542,151,1693,completed,36
38309,Rigid,2752567,2754118,2754288,1551,170,1721,completed,36
38310,Rigid,2752567,2754144,2754411,1577,267,1844,completed,36
38311,Rigid,2752567,2754163,2754405,1596,242,1838,completed,36
38312,Rigid,2752567,2754222,2754497,1655,275,1930,completed,36
38313,Rigid,2752567,2754224,2754473,1657,249,1906,completed,36
38314,Rigid,2752567,2754261,2754455,1694,194,1888,completed,36
38315,Rigid,2752567,2754264,2754396,1697,132,1829,completed,36
38316,Rigid,2752567,2754268,2754390,1701,122,1823,completed,36
38317,Rigid,2752567,2754289,2754441,1722,152,1874,completed,36
38318,Rigid,2752582,2754398,2756484,1816,2086,3902,completed,36
38319,Rigid,2752582,2754406,2757664,1824,3258,5082,completed,36
38320,Rigid,2752582,2754391,2843556,1809,89165,90974,completed,36
38321,Rigid,2752582,2754413,2843558,1831,89145,90976,completed,36
38322,Rigid,2752582,2754443,2843556,1861,89113,90974,completed,36
38323,Rigid,2752582,2754474,2777254,1892,22780,24672,completed,36
38324,Rigid,2752582,2754456,2874977,1874,120521,122395,completed,36
38325,Rigid,2752743,2754498,2754546,1755,48,1803,completed,36
38326,Rigid,2752743,2754547,2754595,1804,48,1852,completed,36
38327,Rigid,2752743,2754555,2754602,1812,47,1859,completed,36
38328,Rigid,2752743,2754555,2754624,1812,69,1881,completed,36
38329,Rigid,2752743,2754555,2754630,1812,75,1887,completed,36
38330,Rigid,2752743,2754555,2754629,1812,74,1886,completed,36
38331,Rigid,2752743,2754603,2754695,1860,92,1952,completed,36
38332,Rigid,2752743,2754625,2754724,1882,99,1981,completed,36
38333,Rigid,2752743,2754596,2754704,1853,108,1961,completed,36
38334,Rigid,2752743,2754630,2754763,1887,133,2020,completed,36
38335,Rigid,2752743,2754632,2754759,1889,127,2016,completed,36
38336,Rigid,2752743,2754697,2754813,1954,116,2070,completed,36
38337,Rigid,2752743,2754706,2754932,1963,226,2189,completed,36
38338,Rigid,2752744,2754726,2754961,1982,235,2217,completed,36
38339,Rigid,2752744,2754760,2754984,2016,224,2240,completed,36
38340,Rigid,2752744,2754764,2755019,2020,255,2275,completed,36
38341,Rigid,2752744,2754814,2755058,2070,244,2314,completed,36
38342,Rigid,2752744,2754934,2755206,2190,272,2462,completed,36
38343,Rigid,2752744,2754962,2755380,2218,418,2636,completed,36
38344,Rigid,2752744,2754985,2755353,2241,368,2609,completed,36
38345,Rigid,2752744,2755020,2755397,2276,377,2653,completed,36
38346,Rigid,2752744,2755059,2755403,2315,344,2659,completed,36
38347,Rigid,2752744,2755207,2755591,2463,384,2847,completed,36
38348,Rigid,2752744,2755354,2755768,2610,414,3024,completed,36
38349,Rigid,2752744,2755381,2755682,2637,301,2938,completed,36
38350,Rigid,2752745,2755398,2755674,2653,276,2929,completed,36
38351,Rigid,2752745,2755405,2755685,2660,280,2940,completed,36
38352,Rigid,2752745,2755592,2755949,2847,357,3204,completed,36
38353,Rigid,2752745,2755675,2756026,2930,351,3281,completed,36
38354,Rigid,2752745,2755684,2756021,2939,337,3276,completed,36
38355,Rigid,2752745,2755686,2756152,2941,466,3407,completed,36
38356,Rigid,2752745,2755769,2756211,3024,442,3466,completed,36
38357,Rigid,2752745,2755950,2756342,3205,392,3597,completed,36
38358,Rigid,2752745,2756022,2756378,3277,356,3633,completed,36
38359,Rigid,2752745,2756027,2756387,3282,360,3642,completed,36
38360,Rigid,2752745,2756154,2756479,3409,325,3734,completed,36
38361,Rigid,2752745,2756343,2756742,3598,399,3997,completed,36
38362,Rigid,2752745,2756380,2756771,3635,391,4026,completed,36
38363,Rigid,2752745,2756388,2756798,3643,410,4053,completed,36
38364,Rigid,2752746,2756480,2756998,3734,518,4252,completed,36
38365,Rigid,2752746,2756485,2756980,3739,495,4234,completed,36
38366,Rigid,2752746,2756734,2757176,3988,442,4430,completed,36
38367,Rigid,2752746,2756743,2757196,3997,453,4450,completed,36
38368,Rigid,2752746,2756772,2757252,4026,480,4506,completed,36
38369,Rigid,2752746,2756799,2757249,4053,450,4503,completed,36
38370,Rigid,2752746,2756982,2757586,4236,604,4840,completed,36
38371,Rigid,2752746,2756999,2757567,4253,568,4821,completed,36
38372,Rigid,2752746,2757177,2757764,4431,587,5018,completed,36
38373,Rigid,2752746,2757197,2757717,4451,520,4971,completed,36
38374,Rigid,2752746,2757250,2757808,4504,558,5062,completed,36
38375,Rigid,2752746,2757253,2757776,4507,523,5030,completed,36
38376,Rigid,2752746,2757568,2758258,4822,690,5512,completed,36
38377,Rigid,2752746,2757568,2758135,4822,567,5389,completed,36
38378,Rigid,2752746,2757568,2758222,4822,654,5476,completed,36
38379,Rigid,2752746,2757568,2758126,4822,558,5380,completed,36
38380,Rigid,2752746,2757569,2758119,4823,550,5373,completed,36
38381,Rigid,2752747,2757569,2758230,4822,661,5483,completed,36
38382,Rigid,2752747,2757569,2758484,4822,915,5737,completed,36
38383,Rigid,2752747,2757569,2758243,4822,674,5496,completed,36
38384,Rigid,2752747,2757569,2758482,4822,913,5735,completed,36
38385,Rigid,2752747,2757569,2758463,4822,894,5716,completed,36
38386,Rigid,2752747,2757588,2758497,4841,909,5750,completed,36
38387,Rigid,2752747,2757665,2758531,4918,866,5784,completed,36
38388,Rigid,2752747,2757719,2758584,4972,865,5837,completed,36
38389,Rigid,2752747,2757766,2758661,5019,895,5914,completed,36
38390,Rigid,2752747,2757777,2758775,5030,998,6028,completed,36
38391,Rigid,2752747,2757569,2759155,4822,1586,6408,completed,36
38392,Rigid,2752747,2757569,2759087,4822,1518,6340,completed,36
38393,Rigid,2752747,2757569,2759159,4822,1590,6412,completed,36
38394,Rigid,2754859,2894419,2894422,139560,3,139563,completed,648
38395,Rigid,2754872,2894424,2894426,139552,2,139554,completed,648
38396,Rigid,2756187,2756212,2764199,25,7987,8012,completed,36
38397,Rigid,2758152,2760381,2806190,2229,45809,48038,completed,144
38398,Rigid,2758833,2758834,2760512,1,1678,1679,completed,36
38399,Rigid,2758833,2758834,2763639,1,4805,4806,completed,36
38400,Rigid,2758833,2758834,2763431,1,4597,4598,completed,36
38401,Rigid,2758833,2758834,2771085,1,12251,12252,completed,36
38402,Rigid,2758833,2758834,2773198,1,14364,14365,completed,36
38403,Rigid,2758833,2758834,2802587,1,43753,43754,completed,36
38404,Rigid,2758834,2758834,2760516,0,1682,1682,completed,36
38405,Rigid,2758834,2758834,2763647,0,4813,4813,completed,36
38406,Rigid,2758834,2759089,2763683,255,4594,4849,completed,36
38407,Rigid,2758834,2760847,2762524,2013,1677,3690,completed,36
38408,Rigid,2758834,2760847,2765652,2013,4805,6818,completed,36
38409,Rigid,2758834,2760847,2765434,2013,4587,6600,completed,36
38410,Rigid,2758834,2761156,2762829,2322,1673,3995,completed,36
38411,Rigid,2758834,2761156,2766009,2322,4853,7175,completed,36
38412,Rigid,2758834,2762525,2767112,3691,4587,8278,completed,36
38413,Rigid,2758834,2758834,2770554,0,11720,11720,completed,36
38414,Rigid,2758834,2758834,2791001,0,32167,32167,completed,36
38415,Rigid,2758834,2758834,2843785,0,84951,84951,completed,36
38416,Rigid,2758834,2758834,2771269,0,12435,12435,completed,36
38417,Rigid,2758834,2759156,2773599,322,14443,14765,completed,36
38418,Rigid,2758834,2759161,2802474,327,43313,43640,completed,36
38419,Rigid,2758834,2759283,2771159,449,11876,12325,completed,36
38420,Rigid,2758834,2760513,2792373,1679,31860,33539,completed,36
38421,Rigid,2758834,2760517,2843624,1683,83107,84790,completed,36
38422,Rigid,2758834,2760847,2773128,2013,12281,14294,completed,36
38423,Rigid,2758834,2760850,2775348,2016,14498,16514,completed,36
38424,Rigid,2758834,2760850,2804017,2016,43167,45183,completed,36
38425,Rigid,2758834,2760850,2772584,2016,11734,13750,completed,36
38426,Rigid,2758834,2760850,2792832,2016,31982,33998,completed,36
38427,Rigid,2758834,2761156,2843793,2322,82637,84959,completed,36
38428,Rigid,2758834,2761156,2773367,2322,12211,14533,completed,36
38429,Rigid,2758835,2763432,2765136,4597,1704,6301,completed,36
38430,Rigid,2758835,2763640,2768445,4805,4805,9610,completed,36
38431,Rigid,2758835,2763685,2768387,4850,4702,9552,completed,36
38432,Rigid,2758835,2783552,2785265,24717,1713,26430,completed,36
38433,Rigid,2758835,2783943,2788725,25108,4782,29890,completed,36
38434,Rigid,2758835,2788320,2793049,29485,4729,34214,completed,36
38435,Rigid,2758835,2762830,2777217,3995,14387,18382,completed,36
38436,Rigid,2758835,2763206,2806647,4371,43441,47812,completed,36
38437,Rigid,2758835,2763206,2774938,4371,11732,16103,completed,36
38438,Rigid,2758835,2763206,2795411,4371,32205,36576,completed,36
38439,Rigid,2758835,2763206,2843787,4371,80581,84952,completed,36
38440,Rigid,2758835,2763649,2776136,4814,12487,17301,completed,36
38441,Rigid,2758835,2763897,2778425,5062,14528,19590,completed,36
38442,Rigid,2758835,2763897,2806887,5062,42990,48052,completed,36
38443,Rigid,2758835,2763897,2775686,5062,11789,16851,completed,36
38444,Rigid,2758835,2763897,2796302,5062,32405,37467,completed,36
38445,Rigid,2758835,2764216,2843551,5381,79335,84716,completed,36
38446,Rigid,2758835,2783943,2796454,25108,12511,37619,completed,36
38447,Rigid,2758835,2788727,2803017,29892,14290,44182,completed,36
38448,Rigid,2758835,2790870,2834082,32035,43212,75247,completed,36
38449,Rigid,2758835,2790870,2802669,32035,11799,43834,completed,36
38450,Rigid,2758836,2791004,2792713,32168,1709,33877,completed,36
38451,Rigid,2758836,2792375,2797129,33539,4754,38293,completed,36
38452,Rigid,2758836,2792714,2797415,33878,4701,38579,completed,36
38453,Rigid,2758836,2793960,2795663,35124,1703,36827,completed,36
38454,Rigid,2758836,2794318,2799130,35482,4812,40294,completed,36
38455,Rigid,2758836,2794319,2799044,35483,4725,40208,completed,36
38456,Rigid,2758836,2790870,2822886,32034,32016,64050,completed,36
38457,Rigid,2758836,2790870,2843891,32034,53021,85055,completed,36
38458,Rigid,2758836,2792433,2804960,33597,12527,46124,completed,36
38459,Rigid,2758836,2792834,2807183,33998,14349,48347,completed,36
38460,Rigid,2758836,2793051,2836354,34215,43303,77518,completed,36
38461,Rigid,2758836,2793959,2805802,35123,11843,46966,completed,36
38462,Rigid,2758836,2793960,2825881,35124,31921,67045,completed,36
38463,Rigid,2758836,2793960,2843713,35124,49753,84877,completed,36
38464,Rigid,2758836,2794319,2806710,35483,12391,47874,completed,36
38465,Rigid,2758836,2794417,2808794,35581,14377,49958,completed,36
38466,Rigid,2758836,2794417,2837621,35581,43204,78785,completed,36
38467,Rigid,2758837,2795664,2797364,36827,1700,38527,completed,36
38468,Rigid,2758837,2795847,2801052,37010,5205,42215,completed,36
38469,Rigid,2758837,2795861,2800491,37024,4630,41654,completed,36
38470,Rigid,2758837,2796732,2798425,37895,1693,39588,completed,36
38471,Rigid,2758837,2796732,2801920,37895,5188,43083,completed,36
38472,Rigid,2758837,2797387,2802012,38550,4625,43175,completed,36
38473,Rigid,2758837,2794417,2806219,35580,11802,47382,completed,36
38474,Rigid,2758837,2794417,2826284,35580,31867,67447,completed,36
38475,Rigid,2758837,2795412,2844753,36575,49341,85916,completed,36
38476,Rigid,2758837,2795847,2809175,37010,13328,50338,completed,36
38477,Rigid,2758837,2795861,2811373,37024,15512,52536,completed,36
38478,Rigid,2758837,2796303,2874977,37466,78674,116140,completed,36
38479,Rigid,2758837,2796456,2808295,37619,11839,49458,completed,36
38480,Rigid,2758837,2796732,2830695,37895,33963,71858,completed,36
38481,Rigid,2758837,2796732,2844961,37895,48229,86124,completed,36
38482,Rigid,2758837,2797135,2810423,38298,13288,51586,completed,36
38483,Rigid,2758837,2797419,2812853,38582,15434,54016,completed,36
38484,Rigid,2758837,2798455,2874977,39618,76522,116140,completed,36
38485,Rigid,2758837,2799051,2810896,40214,11845,52059,completed,36
38486,Rigid,2758837,2799115,2832909,40278,33794,74072,completed,36
38487,Rigid,2758837,2799147,2844246,40310,45099,85409,completed,36
38488,Rigid,2758838,2799304,2800973,40466,1669,42135,completed,36
38489,Rigid,2758838,2802558,2807633,43720,5075,48795,completed,36
38490,Rigid,2758838,2803043,2807617,44205,4574,48779,completed,36
38491,Rigid,2758838,2803043,2804701,44205,1658,45863,completed,36
38492,Rigid,2758838,2803043,2808130,44205,5087,49292,completed,36
38493,Rigid,2758838,2803043,2807560,44205,4517,48722,completed,36
38494,Rigid,2758838,2803044,2804697,44206,1653,45859,completed,36
38495,Rigid,2758838,2803043,2816187,44205,13144,57349,completed,36
38496,Rigid,2758838,2803043,2817877,44205,14834,59039,completed,36
38497,Rigid,2758838,2803043,2874977,44205,71934,116139,completed,36
38498,Rigid,2758838,2803043,2814747,44205,11704,55909,completed,36
38499,Rigid,2758838,2803043,2836670,44205,33627,77832,completed,36
38500,Rigid,2758838,2803043,2844114,44205,41071,85276,completed,36
38501,Rigid,2758838,2803043,2816156,44205,13113,57318,completed,36
38502,Rigid,2758838,2803043,2817886,44205,14843,59048,completed,36
38503,Rigid,2758838,2803043,2843648,44205,40605,84810,completed,36
38504,Rigid,2758838,2803043,2814775,44205,11732,55937,completed,36
38505,Rigid,2758838,2803044,2837017,44206,33973,78179,completed,36
38506,Rigid,2758838,2803044,2844063,44206,41019,85225,completed,36
38507,Rigid,2758839,2803044,2808117,44205,5073,49278,completed,36
38508,Rigid,2758839,2803044,2807582,44205,4538,48743,completed,36
38509,Rigid,2758839,2803907,2805567,45068,1660,46728,completed,36
38510,Rigid,2758839,2803938,2808996,45099,5058,50157,completed,36
38511,Rigid,2758839,2804018,2808553,45179,4535,49714,completed,36
38512,Rigid,2758839,2804702,2806391,45863,1689,47552,completed,36
38513,Rigid,2758839,2804908,2809685,46069,4777,50846,completed,36
38514,Rigid,2758839,2804963,2809590,46124,4627,50751,completed,36
38515,Rigid,2758839,2803044,2816079,44205,13035,57240,completed,36
38516,Rigid,2758839,2803044,2817860,44205,14816,59021,completed,36
38517,Rigid,2758839,2803044,2843600,44205,40556,84761,completed,36
38518,Rigid,2758839,2803044,2814765,44205,11721,55926,completed,36
38519,Rigid,2758839,2803898,2837203,45059,33305,78364,completed,36
38520,Rigid,2758839,2803906,2843597,45067,39691,84758,completed,36
38521,Rigid,2758839,2803977,2817126,45138,13149,58287,completed,36
38522,Rigid,2758839,2804283,2819278,45444,14995,60439,completed,36
38523,Rigid,2758839,2804416,2844140,45577,39724,85301,completed,36
38524,Rigid,2758839,2804437,2816190,45598,11753,57351,completed,36
38525,Rigid,2758839,2804576,2837825,45737,33249,78986,completed,36
38526,Rigid,2758839,2804698,2843819,45859,39121,84980,completed,36
38527,Rigid,2758839,2804961,2817504,46122,12543,58665,completed,36
38528,Rigid,2758839,2805127,2819687,46288,14560,60848,completed,36
38529,Rigid,2758839,2805313,2843551,46474,38238,84712,completed,36
38530,Rigid,2758840,2805803,2807477,46963,1674,48637,completed,36
38531,Rigid,2758840,2805861,2810644,47021,4783,51804,completed,36
38532,Rigid,2758840,2806190,2810849,47350,4659,52009,completed,36
38533,Rigid,2758840,2806215,2807868,47375,1653,49028,completed,36
38534,Rigid,2758840,2805568,2817519,46728,11951,58679,completed,36
38535,Rigid,2758840,2805663,2838067,46823,32404,79227,completed,36
38536,Rigid,2758840,2805741,2874977,46901,69236,116137,completed,36
38537,Rigid,2758840,2805943,2818436,47103,12493,59596,completed,36
38538,Rigid,2758840,2806191,2820625,47351,14434,61785,completed,36
38539,Rigid,2758840,2806192,2844414,47352,38222,85574,completed,36
38540,Rigid,2758840,2806192,2818012,47352,11820,59172,completed,36
38541,Rigid,2758840,2806192,2838586,47352,32394,79746,completed,36
38542,Rigid,2758840,2806192,2843812,47352,37620,84972,completed,36
38543,Rigid,2758841,2806221,2811229,47380,5008,52388,completed,36
38544,Rigid,2758841,2806392,2810991,47551,4599,52150,completed,36
38545,Rigid,2758841,2807560,2809199,48719,1639,50358,completed,36
38546,Rigid,2758841,2806301,2819300,47460,12999,60459,completed,36
38547,Rigid,2758841,2806649,2821651,47808,15002,62810,completed,36
38548,Rigid,2758841,2806711,2843551,47870,36840,84710,completed,36
38549,Rigid,2758841,2806888,2818359,48047,11471,59518,completed,36
38550,Rigid,2758841,2807184,2840303,48343,33119,81462,completed,36
38551,Rigid,2758841,2807478,2843648,48637,36170,84807,completed,36
38552,Rigid,2758842,2807583,2812593,48741,5010,53751,completed,36
38553,Rigid,2758842,2807634,2812232,48792,4598,53390,completed,36
38554,Rigid,2758842,2808796,2810431,49954,1635,51589,completed,36
38555,Rigid,2758842,2808997,2814012,50155,5015,55170,completed,36
38556,Rigid,2758842,2809200,2813807,50358,4607,54965,completed,36
38557,Rigid,2758842,2807619,2820830,48777,13211,61988,completed,36
38558,Rigid,2758842,2807870,2823110,49028,15240,64268,completed,36
38559,Rigid,2758842,2808118,2843803,49276,35685,84961,completed,36
38560,Rigid,2758842,2808132,2819679,49290,11547,60837,completed,36
38561,Rigid,2758842,2808297,2841371,49455,33074,82529,completed,36
38562,Rigid,2758842,2808554,2844851,49712,36297,86009,completed,36
38563,Rigid,2758842,2809176,2822031,50334,12855,63189,completed,36
38564,Rigid,2758842,2809592,2824513,50750,14921,65671,completed,36
38565,Rigid,2758842,2809686,2843608,50844,33922,84766,completed,36
38566,Rigid,2758842,2810424,2821841,51582,11417,62999,completed,36
38567,Rigid,2758842,2810433,2843600,51591,33167,84758,completed,36
38568,Rigid,2758842,2810645,2843639,51803,32994,84797,completed,36
38569,Rigid,2758843,2810850,2812483,52007,1633,53640,completed,36
38570,Rigid,2758843,2810897,2815905,52054,5008,57062,completed,36
38571,Rigid,2758843,2811230,2815828,52387,4598,56985,completed,36
38572,Rigid,2758843,2813809,2815506,54966,1697,56663,completed,36
38573,Rigid,2758843,2814013,2819194,55170,5181,60351,completed,36
38574,Rigid,2758843,2814766,2819477,55923,4711,60634,completed,36
38575,Rigid,2758843,2810993,2824030,52150,13037,65187,completed,36
38576,Rigid,2758843,2811374,2826381,52531,15007,67538,completed,36
38577,Rigid,2758843,2812233,2845121,53390,32888,86278,completed,36
38578,Rigid,2758843,2812484,2823937,53641,11453,65094,completed,36
38579,Rigid,2758843,2812593,2843721,53750,31128,84878,completed,36
38580,Rigid,2758843,2812854,2843804,54011,30950,84961,completed,36
38581,Rigid,2758843,2814748,2828336,55905,13588,69493,completed,36
38582,Rigid,2758844,2816157,2817856,57313,1699,59012,completed,36
38583,Rigid,2758844,2816188,2821406,57344,5218,62562,completed,36
38584,Rigid,2758844,2817127,2821823,58283,4696,62979,completed,36
38585,Rigid,2758844,2814776,2829944,55932,15168,71100,completed,36
38586,Rigid,2758844,2815507,2845928,56663,30421,87084,completed,36
38587,Rigid,2758844,2815829,2827700,56985,11871,68856,completed,36
38588,Rigid,2758844,2815906,2843707,57062,27801,84863,completed,36
38589,Rigid,2758844,2816080,2843574,57236,27494,84730,completed,36
38590,Rigid,2758844,2816191,2829636,57347,13445,70792,completed,36
38591,Rigid,2758844,2817505,2832814,58661,15309,73970,completed,36
38592,Rigid,2758844,2817520,2843551,58676,26031,84707,completed,36
38593,Rigid,2758844,2817857,2829846,59013,11989,71002,completed,36
38594,Rigid,2758844,2817862,2874977,59018,57115,116133,completed,36
38595,Rigid,2758844,2817878,2843636,59034,25758,84792,completed,36
38596,Rigid,2758845,2817887,2819582,59042,1695,60737,completed,36
38597,Rigid,2758845,2818013,2823249,59168,5236,64404,completed,36
38598,Rigid,2758845,2818438,2823138,59593,4700,64293,completed,36
38599,Rigid,2758845,2819680,2821390,60835,1710,62545,completed,36
38600,Rigid,2758845,2819688,2824904,60843,5216,66059,completed,36
38601,Rigid,2758845,2820831,2825551,61986,4720,66706,completed,36
38602,Rigid,2758845,2822033,2823719,63188,1686,64874,completed,36
38603,Rigid,2758845,2822887,2828127,64042,5240,69282,completed,36
38604,Rigid,2758845,2818361,2831830,59516,13469,72985,completed,36
38605,Rigid,2758845,2819196,2834358,60351,15162,75513,completed,36
38606,Rigid,2758845,2819279,2874977,60434,55698,116132,completed,36
38607,Rigid,2758845,2819301,2831211,60456,11910,72366,completed,36
38608,Rigid,2758845,2819478,2843599,60633,24121,84754,completed,36
38609,Rigid,2758845,2819583,2844844,60738,25261,85999,completed,36
38610,Rigid,2758845,2820627,2834030,61782,13403,75185,completed,36
38611,Rigid,2758845,2821392,2836820,62547,15428,77975,completed,36
38612,Rigid,2758845,2821407,2843551,62562,22144,84706,completed,36
38613,Rigid,2758845,2821652,2833571,62807,11919,74726,completed,36
38614,Rigid,2758845,2821824,2843551,62979,21727,84706,completed,36
38615,Rigid,2758845,2821842,2847208,62997,25366,88363,completed,36
38616,Rigid,2758846,2823140,2827831,64294,4691,68985,completed,36
38617,Rigid,2758846,2824905,2826609,66059,1704,67763,completed,36
38618,Rigid,2758846,2825552,2830845,66706,5293,71999,completed,36
38619,Rigid,2758846,2826285,2830957,67439,4672,72111,completed,36
38620,Rigid,2758846,2823111,2836876,64265,13765,78030,completed,36
38621,Rigid,2758846,2823250,2838510,64404,15260,79664,completed,36
38622,Rigid,2758846,2823720,2843560,64874,19840,84714,completed,36
38623,Rigid,2758846,2823938,2835728,65092,11790,76882,completed,36
38624,Rigid,2758846,2824031,2843551,65185,19520,84705,completed,36
38625,Rigid,2758846,2824514,2843706,65668,19192,84860,completed,36
38626,Rigid,2758846,2825883,2839336,67037,13453,80490,completed,36
38627,Rigid,2758846,2826382,2841662,67536,15280,82816,completed,36
38628,Rigid,2758846,2826610,2874977,67764,48367,116131,completed,36
38629,Rigid,2758846,2832815,2843551,73969,10736,84705,completed,36
38630,Rigid,2758846,2832833,2843551,73987,10718,84705,completed,36
38631,Rigid,2758846,2832874,2874977,74028,42103,116131,completed,36
38632,Rigid,2758847,2832910,2834598,74063,1688,75751,completed,36
38633,Rigid,2758847,2833538,2838753,74691,5215,79906,completed,36
38634,Rigid,2758847,2833538,2838230,74691,4692,79383,completed,36
38635,Rigid,2758847,2833573,2843551,74726,9978,84704,completed,36
38636,Rigid,2758847,2834031,2843563,75184,9532,84716,completed,36
38637,Rigid,2758847,2834083,2843551,75236,9468,84704,completed,36
38638,Rigid,2758847,2834171,2844092,75324,9921,85245,completed,36
38639,Rigid,2758847,2834171,2835868,75324,1697,77021,completed,36
38640,Rigid,2758847,2833538,2874977,74691,41439,116130,completed,36
38641,Rigid,2758847,2833538,2844122,74691,10584,85275,completed,36
38642,Rigid,2758848,2834171,2839377,75323,5206,80529,completed,36
38643,Rigid,2758848,2834171,2843836,75323,9665,84988,completed,36
38644,Rigid,2758848,2834404,2839076,75556,4672,80228,completed,36
38645,Rigid,2758848,2835236,2843551,76388,8315,84703,completed,36
38646,Rigid,2758848,2835236,2843551,76388,8315,84703,completed,36
38647,Rigid,2758848,2835730,2843551,76882,7821,84703,completed,36
38648,Rigid,2758848,2835869,2843602,77021,7733,84754,completed,36
38649,Rigid,2758848,2835236,2874977,76388,39741,116129,completed,36
38650,Rigid,2759423,2759567,2764368,144,4801,4945,completed,144
38651,Rigid,2759565,2806493,2852899,46928,46406,93334,completed,144
38652,Rigid,2760380,2806600,2852849,46220,46249,92469,completed,144
38653,Rigid,2761539,2761539,2761541,0,2,2,completed,72
38654,Rigid,2761677,2761677,2761680,0,3,3,completed,72
38655,Rigid,2761797,2761797,2761800,0,3,3,completed,72
38656,Rigid,2761860,2761861,2761863,1,2,3,completed,72
38657,Rigid,2761916,2761916,2761919,0,3,3,completed,72
38658,Rigid,2761993,2761993,2761996,0,3,3,completed,72
38659,Rigid,2762146,2762146,2762189,0,43,43,completed,2
38660,Rigid,2762362,2762362,2762374,0,12,12,completed,2
38661,Rigid,2762573,2762574,2762577,1,3,4,completed,72
38662,Rigid,2762644,2762645,2762647,1,2,3,completed,72
38663,Rigid,2762723,2762724,2762726,1,2,3,completed,72
38664,Rigid,2762778,2762779,2762782,1,3,4,completed,72
38665,Rigid,2762854,2762854,2762858,0,4,4,completed,72
38666,Rigid,2762938,2762939,2762945,1,6,7,completed,72
38667,Rigid,2762984,2762984,2762991,0,7,7,completed,72
38668,Rigid,2763047,2763050,2763063,3,13,16,completed,72
38669,Rigid,2763132,2763132,2763155,0,23,23,completed,72
38670,Rigid,2763925,2764370,3098975,445,334605,335050,completed,144
38671,Rigid,2764126,2908387,3044354,144261,135967,280228,completed,108
38672,Rigid,2764792,2765017,2770956,225,5939,6164,completed,32
38673,Rigid,2764792,2765137,2774234,345,9097,9442,completed,32
38674,Rigid,2764792,2765435,2776238,643,10803,11446,completed,32
38675,Rigid,2764792,2765654,2776487,862,10833,11695,completed,32
38676,Rigid,2764792,2766011,2779332,1219,13321,14540,completed,32
38677,Rigid,2764792,2766390,2777993,1598,11603,13201,completed,32
38678,Rigid,2764792,2766390,2781219,1598,14829,16427,completed,32
38679,Rigid,2764792,2766390,2779735,1598,13345,14943,completed,32
38680,Rigid,2764792,2766390,2779686,1598,13296,14894,completed,32
38681,Rigid,2764792,2767113,2794187,2321,27074,29395,completed,32
38682,Rigid,2764792,2767671,2780894,2879,13223,16102,completed,32
38683,Rigid,2764792,2767671,2778335,2879,10664,13543,completed,32
38684,Rigid,2764793,2769043,2776279,4250,7236,11486,completed,32
38685,Rigid,2764793,2769405,2776539,4612,7134,11746,completed,32
38686,Rigid,2764793,2770313,2779675,5520,9362,14882,completed,32
38687,Rigid,2764793,2771543,2780382,6750,8839,15589,completed,32
38688,Rigid,2764793,2771543,2774407,6750,2864,9614,completed,32
38689,Rigid,2764793,2767671,2794879,2878,27208,30086,completed,32
38690,Rigid,2764793,2767672,2784802,2879,17130,20009,completed,32
38691,Rigid,2764793,2768389,2778763,3596,10374,13970,completed,32
38692,Rigid,2764793,2768447,2778785,3654,10338,13992,completed,32
38693,Rigid,2764793,2768758,2795490,3965,26732,30697,completed,32
38694,Rigid,2764793,2768758,2794321,3965,25563,29528,completed,32
38695,Rigid,2764793,2768759,2783399,3966,14640,18606,completed,32
38696,Rigid,2764793,2768759,2781919,3966,13160,17126,completed,32
38697,Rigid,2764793,2769043,2780721,4250,11678,15928,completed,32
38698,Rigid,2764793,2769043,2786180,4250,17137,21387,completed,32
38699,Rigid,2764793,2769043,2779136,4250,10093,14343,completed,32
38700,Rigid,2764793,2769315,2782713,4522,13398,17920,completed,32
38701,Rigid,2764793,2769315,2779953,4522,10638,15160,completed,32
38702,Rigid,2764793,2769315,2785275,4522,15960,20482,completed,32
38703,Rigid,2764793,2769315,2779989,4522,10674,15196,completed,32
38704,Rigid,2764793,2769404,2786559,4611,17155,21766,completed,32
38705,Rigid,2764793,2769405,2781051,4612,11646,16258,completed,32
38706,Rigid,2764793,2769412,2779465,4619,10053,14672,completed,32
38707,Rigid,2764793,2770313,2780902,5520,10589,16109,completed,32
38708,Rigid,2764793,2770313,2783635,5520,13322,18842,completed,32
38709,Rigid,2764793,2770313,2786376,5520,16063,21583,completed,32
38710,Rigid,2764793,2770555,2790009,5762,19454,25216,completed,32
38711,Rigid,2764793,2770958,2790335,6165,19377,25542,completed,32
38712,Rigid,2764793,2771087,2781212,6294,10125,16419,completed,32
38713,Rigid,2764793,2771160,2784463,6367,13303,19670,completed,32
38714,Rigid,2764793,2771270,2784408,6477,13138,19615,completed,32
38715,Rigid,2764794,2772188,2781340,7394,9152,16546,completed,32
38716,Rigid,2764794,2772188,2781769,7394,9581,16975,completed,32
38717,Rigid,2764794,2772188,2777340,7394,5152,12546,completed,32
38718,Rigid,2764794,2772310,2779411,7516,7101,14617,completed,32
38719,Rigid,2764794,2771543,2783206,6749,11663,18412,completed,32
38720,Rigid,2764794,2771543,2782119,6749,10576,17325,completed,32
38721,Rigid,2764794,2771922,2782041,7128,10119,17247,completed,32
38722,Rigid,2764794,2771922,2789053,7128,17131,24259,completed,32
38723,Rigid,2764794,2771922,2799128,7128,27206,34334,completed,32
38724,Rigid,2764794,2771922,2782055,7128,10133,17261,completed,32
38725,Rigid,2764794,2772188,2789201,7394,17013,24407,completed,32
38726,Rigid,2764794,2772188,2788251,7394,16063,23457,completed,32
38727,Rigid,2764794,2772188,2799287,7394,27099,34493,completed,32
38728,Rigid,2764794,2772188,2792042,7394,19854,27248,completed,32
38729,Rigid,2764794,2772188,2782840,7394,10652,18046,completed,32
38730,Rigid,2764794,2772188,2789298,7394,17110,24504,completed,32
38731,Rigid,2764794,2772188,2782546,7394,10358,17752,completed,32
38732,Rigid,2764794,2772188,2785510,7394,13322,20716,completed,32
38733,Rigid,2764794,2772188,2784210,7394,12022,19416,completed,32
38734,Rigid,2764794,2772188,2783827,7394,11639,19033,completed,32
38735,Rigid,2764794,2772188,2782467,7394,10279,17673,completed,32
38736,Rigid,2764794,2772188,2791700,7394,19512,26906,completed,32
38737,Rigid,2764794,2772247,2785985,7453,13738,21191,completed,32
38738,Rigid,2764794,2772310,2789424,7516,17114,24630,completed,32
38739,Rigid,2764794,2772310,2797770,7516,25460,32976,completed,32
38740,Rigid,2764794,2772310,2782617,7516,10307,17823,completed,32
38741,Rigid,2764802,2772547,2778010,7745,5463,13208,completed,32
38742,Rigid,2764802,2772547,2780882,7745,8335,16080,completed,32
38743,Rigid,2764802,2772548,2782449,7746,9901,17647,completed,32
38744,Rigid,2764802,2772548,2782461,7746,9913,17659,completed,32
38745,Rigid,2764802,2773368,2783282,8566,9914,18480,completed,32
38746,Rigid,2764802,2774408,2784240,9606,9832,19438,completed,32
38747,Rigid,2764802,2774939,2784292,10137,9353,19490,completed,32
38748,Rigid,2764802,2772586,2784810,7784,12224,20008,completed,32
38749,Rigid,2764802,2773032,2783911,8230,10879,19109,completed,32
38750,Rigid,2764802,2773032,2786537,8230,13505,21735,completed,32
38751,Rigid,2764802,2773032,2785045,8230,12013,20243,completed,32
38752,Rigid,2764802,2773032,2785382,8230,12350,20580,completed,32
38753,Rigid,2764802,2773129,2797793,8327,24664,32991,completed,32
38754,Rigid,2764802,2773199,2785201,8397,12002,20399,completed,32
38755,Rigid,2764802,2773600,2798113,8798,24513,33311,completed,32
38756,Rigid,2764802,2774236,2790278,9434,16042,25476,completed,32
38757,Rigid,2764802,2775086,2799926,10284,24840,35124,completed,32
38758,Rigid,2764802,2775086,2798259,10284,23173,33457,completed,32
38759,Rigid,2764802,2775087,2788742,10285,13655,23940,completed,32
38760,Rigid,2764803,2776239,2783076,11436,6837,18273,completed,32
38761,Rigid,2764803,2776280,2785695,11477,9415,20892,completed,32
38762,Rigid,2764803,2776540,2786421,11737,9881,21618,completed,32
38763,Rigid,2764803,2777994,2787907,13191,9913,23104,completed,32
38764,Rigid,2764803,2778336,2785042,13533,6706,20239,completed,32
38765,Rigid,2764803,2778786,2788234,13983,9448,23431,completed,32
38766,Rigid,2764803,2779137,2788964,14334,9827,24161,completed,32
38767,Rigid,2764803,2779412,2788095,14609,8683,23292,completed,32
38768,Rigid,2764803,2779736,2789081,14933,9345,24278,completed,32
38769,Rigid,2764803,2780383,2788745,15580,8362,23942,completed,32
38770,Rigid,2764803,2775087,2787142,10284,12055,22339,completed,32
38771,Rigid,2764803,2775349,2786192,10546,10843,21389,completed,32
38772,Rigid,2764803,2775688,2791819,10885,16131,27016,completed,32
38773,Rigid,2764803,2776488,2788708,11685,12220,23905,completed,32
38774,Rigid,2764803,2777341,2791707,12538,14366,26904,completed,32
38775,Rigid,2764803,2778011,2794172,13208,16161,29369,completed,32
38776,Rigid,2764803,2778765,2789634,13962,10869,24831,completed,32
38777,Rigid,2764803,2779333,2791379,14530,12046,26576,completed,32
38778,Rigid,2764803,2779466,2793738,14663,14272,28935,completed,32
38779,Rigid,2764803,2779676,2798002,14873,18326,33199,completed,32
38780,Rigid,2764803,2779687,2797982,14884,18295,33179,completed,32
38781,Rigid,2764803,2779955,2791977,15152,12022,27174,completed,32
38782,Rigid,2764803,2779990,2792206,15187,12216,27403,completed,32
38783,Rigid,2764804,2780722,2783383,15918,2661,18579,completed,32
38784,Rigid,2764804,2780895,2790702,16091,9807,25898,completed,32
38785,Rigid,2764804,2780904,2790337,16100,9433,25533,completed,32
38786,Rigid,2764804,2781220,2790631,16416,9411,25827,completed,32
38787,Rigid,2764804,2782042,2790359,17238,8317,25555,completed,32
38788,Rigid,2764804,2782056,2791001,17252,8945,26197,completed,32
38789,Rigid,2764804,2782450,2792374,17646,9924,27570,completed,32
38790,Rigid,2764804,2782463,2787452,17659,4989,22648,completed,32
38791,Rigid,2764804,2782547,2792354,17743,9807,27550,completed,32
38792,Rigid,2764804,2783078,2792427,18274,9349,27623,completed,32
38793,Rigid,2764804,2783636,2790271,18832,6635,25467,completed,32
38794,Rigid,2764804,2783828,2793234,19024,9406,28430,completed,32
38795,Rigid,2764804,2780883,2791778,16079,10895,26974,completed,32
38796,Rigid,2764804,2781052,2797108,16248,16056,32304,completed,32
38797,Rigid,2764804,2781214,2805740,16410,24526,40936,completed,32
38798,Rigid,2764804,2781341,2796754,16537,15413,31950,completed,32
38799,Rigid,2764804,2781771,2796174,16967,14403,31370,completed,32
38800,Rigid,2764804,2781920,2806762,17116,24842,41958,completed,32
38801,Rigid,2764804,2782120,2799902,17316,17782,35098,completed,32
38802,Rigid,2764804,2782468,2798491,17664,16023,33687,completed,32
38803,Rigid,2764804,2782619,2794996,17815,12377,30192,completed,32
38804,Rigid,2764804,2782714,2793616,17910,10902,28812,completed,32
38805,Rigid,2764804,2782841,2793679,18037,10838,28875,completed,32
38806,Rigid,2764804,2783207,2801591,18403,18384,36787,completed,32
38807,Rigid,2764804,2783283,2795877,18479,12594,31073,completed,32
38808,Rigid,2764804,2783385,2799461,18581,16076,34657,completed,32
38809,Rigid,2764804,2783400,2806624,18596,23224,41820,completed,32
38810,Rigid,2764813,2783912,2789086,19099,5174,24273,completed,32
38811,Rigid,2764813,2784211,2792330,19398,8119,27517,completed,32
38812,Rigid,2764813,2785276,2794426,20463,9150,29613,completed,32
38813,Rigid,2764813,2785696,2794886,20883,9190,30073,completed,32
38814,Rigid,2764813,2784241,2794515,19428,10274,29702,completed,32
38815,Rigid,2764813,2784293,2794490,19480,10197,29677,completed,32
38816,Rigid,2764813,2784409,2797070,19596,12661,32257,completed,32
38817,Rigid,2764813,2784464,2794498,19651,10034,29685,completed,32
38818,Rigid,2764813,2784804,2798029,19991,13225,33216,completed,32
38819,Rigid,2764813,2784811,2797011,19998,12200,32198,completed,32
38820,Rigid,2764813,2785043,2797575,20230,12532,32762,completed,32
38821,Rigid,2764813,2785046,2809685,20233,24639,44872,completed,32
38822,Rigid,2764813,2785202,2797376,20389,12174,32563,completed,32
38823,Rigid,2764813,2785384,2810087,20571,24703,45274,completed,32
38824,Rigid,2764813,2785511,2800881,20698,15370,36068,completed,32
38825,Rigid,2764814,2785987,2794972,21173,8985,30158,completed,32
38826,Rigid,2764814,2787144,2793868,22330,6724,29054,completed,32
38827,Rigid,2764814,2787453,2795821,22639,8368,31007,completed,32
38828,Rigid,2764814,2788096,2797243,23282,9147,32429,completed,32
38829,Rigid,2764814,2788252,2797430,23438,9178,32616,completed,32
38830,Rigid,2764814,2788743,2794890,23929,6147,30076,completed,32
38831,Rigid,2764814,2788965,2797302,24151,8337,32488,completed,32
38832,Rigid,2764814,2789088,2797704,24274,8616,32890,completed,32
38833,Rigid,2764814,2789635,2799353,24821,9718,34539,completed,32
38834,Rigid,2764814,2790279,2797767,25465,7488,32953,completed,32
38835,Rigid,2764814,2790337,2793088,25523,2751,28274,completed,32
38836,Rigid,2764814,2786181,2810911,21367,24730,46097,completed,32
38837,Rigid,2764814,2786194,2808101,21380,21907,43287,completed,32
38838,Rigid,2764814,2786377,2799158,21563,12781,34344,completed,32
38839,Rigid,2764814,2786422,2798464,21608,12042,33650,completed,32
38840,Rigid,2764814,2786539,2796632,21725,10093,31818,completed,32
38841,Rigid,2764814,2786560,2801828,21746,15268,37014,completed,32
38842,Rigid,2764814,2787908,2800559,23094,12651,35745,completed,32
38843,Rigid,2764814,2788235,2802729,23421,14494,37915,completed,32
38844,Rigid,2764814,2788710,2803976,23896,15266,39162,completed,32
38845,Rigid,2764814,2788747,2798869,23933,10122,34055,completed,32
38846,Rigid,2764814,2789054,2799370,24240,10316,34556,completed,32
38847,Rigid,2764814,2789082,2801348,24268,12266,36534,completed,32
38848,Rigid,2764814,2789202,2803641,24388,14439,38827,completed,32
38849,Rigid,2764814,2789301,2807029,24487,17728,42215,completed,32
38850,Rigid,2764814,2789425,2807142,24611,17717,42328,completed,32
38851,Rigid,2764814,2790010,2802272,25196,12262,37458,completed,32
38852,Rigid,2764814,2790272,2802058,25458,11786,37244,completed,32
38853,Rigid,2764814,2790339,2800447,25525,10108,35633,completed,32
38854,Rigid,2764814,2790360,2800688,25546,10328,35874,completed,32
38855,Rigid,2764815,2790632,2799088,25817,8456,34273,completed,32
38856,Rigid,2764815,2791382,2799727,26567,8345,34912,completed,32
38857,Rigid,2764815,2791820,2799869,27005,8049,35054,completed,32
38858,Rigid,2764815,2791978,2799847,27163,7869,35032,completed,32
38859,Rigid,2764815,2792207,2801396,27392,9189,36581,completed,32
38860,Rigid,2764815,2792331,2796775,27516,4444,31960,completed,32
38861,Rigid,2764815,2792374,2801598,27559,9224,36783,completed,32
38862,Rigid,2764815,2793618,2802581,28803,8963,37766,completed,32
38863,Rigid,2764815,2794188,2800803,29373,6615,35988,completed,32
38864,Rigid,2764815,2790703,2805942,25888,15239,41127,completed,32
38865,Rigid,2764815,2791003,2815646,26188,24643,50831,completed,32
38866,Rigid,2764815,2791702,2807883,26887,16181,43068,completed,32
38867,Rigid,2764815,2791708,2806190,26893,14482,41375,completed,32
38868,Rigid,2764815,2791779,2816586,26964,24807,51771,completed,32
38869,Rigid,2764815,2792044,2810509,27229,18465,45694,completed,32
38870,Rigid,2764815,2792355,2807702,27540,15347,42887,completed,32
38871,Rigid,2764815,2792428,2804907,27613,12479,40092,completed,32
38872,Rigid,2764815,2793090,2804280,28275,11190,39465,completed,32
38873,Rigid,2764815,2793235,2803338,28420,10103,38523,completed,32
38874,Rigid,2764815,2793680,2811439,28865,17759,46624,completed,32
38875,Rigid,2764815,2793740,2806318,28925,12578,41503,completed,32
38876,Rigid,2764815,2793869,2809158,29054,15289,44343,completed,32
38877,Rigid,2764815,2794173,2815957,29358,21784,51142,completed,32
38878,Rigid,2764816,2794322,2803265,29506,8943,38449,completed,32
38879,Rigid,2764832,2794427,2799303,29595,4876,34471,completed,32
38880,Rigid,2764832,2794491,2801788,29659,7297,36956,completed,32
38881,Rigid,2764832,2794499,2803906,29667,9407,39074,completed,32
38882,Rigid,2764832,2794516,2803936,29684,9420,39104,completed,32
38883,Rigid,2764832,2794887,2804436,30055,9549,39604,completed,32
38884,Rigid,2764832,2795879,2804413,31047,8534,39581,completed,32
38885,Rigid,2764832,2796755,2805126,31923,8371,40294,completed,32
38886,Rigid,2764832,2796776,2804962,31944,8186,40130,completed,32
38887,Rigid,2764832,2797303,2806846,32471,9543,42014,completed,32
38888,Rigid,2764832,2797431,2803905,32599,6474,39073,completed,32
38889,Rigid,2764832,2797577,2805312,32745,7735,40480,completed,32
38890,Rigid,2764832,2797768,2806300,32936,8532,41468,completed,32
38891,Rigid,2764832,2797795,2806347,32963,8552,41515,completed,32
38892,Rigid,2764832,2798003,2803879,33171,5876,39047,completed,32
38893,Rigid,2764832,2798030,2807585,33198,9555,42753,completed,32
38894,Rigid,2764832,2794880,2806492,30048,11612,41660,completed,32
38895,Rigid,2764832,2794891,2807122,30059,12231,42290,completed,32
38896,Rigid,2764832,2794974,2806214,30142,11240,41382,completed,32
38897,Rigid,2764832,2794997,2806567,30165,11570,41735,completed,32
38898,Rigid,2764832,2795492,2817838,30660,22346,53006,completed,32
38899,Rigid,2764832,2795822,2806960,30990,11138,42128,completed,32
38900,Rigid,2764832,2796175,2818695,31343,22520,53863,completed,32
38901,Rigid,2764832,2796634,2811265,31802,14631,46433,completed,32
38902,Rigid,2764832,2797012,2820076,32180,23064,55244,completed,32
38903,Rigid,2764832,2797071,2817439,32239,20368,52607,completed,32
38904,Rigid,2764832,2797109,2808958,32277,11849,44126,completed,32
38905,Rigid,2764832,2797244,2808780,32412,11536,43948,completed,32
38906,Rigid,2764832,2797377,2811906,32545,14529,47074,completed,32
38907,Rigid,2764832,2797705,2809310,32873,11605,44478,completed,32
38908,Rigid,2764832,2797771,2810986,32939,13215,46154,completed,32
38909,Rigid,2764832,2797983,2812518,33151,14535,47686,completed,32
38910,Rigid,2764833,2798114,2805860,33281,7746,41027,completed,32
38911,Rigid,2764833,2798492,2806353,33659,7861,41520,completed,32
38912,Rigid,2764833,2799160,2808191,34327,9031,43358,completed,32
38913,Rigid,2764833,2799354,2806189,34521,6835,41356,completed,32
38914,Rigid,2764833,2799371,2801907,34538,2536,37074,completed,32
38915,Rigid,2764833,2799463,2809072,34630,9609,44239,completed,32
38916,Rigid,2764833,2799848,2807559,35015,7711,42726,completed,32
38917,Rigid,2764833,2799927,2807634,35094,7707,42801,completed,32
38918,Rigid,2764833,2800804,2808167,35971,7363,43334,completed,32
38919,Rigid,2764833,2800882,2808046,36049,7164,43213,completed,32
38920,Rigid,2764833,2801397,2809937,36564,8540,45104,completed,32
38921,Rigid,2764833,2801592,2805662,36759,4070,40829,completed,32
38922,Rigid,2764833,2801789,2810125,36956,8336,45292,completed,32
38923,Rigid,2764833,2802060,2811634,37227,9574,46801,completed,32
38924,Rigid,2764833,2802275,2810479,37442,8204,45646,completed,32
38925,Rigid,2764833,2803642,2810010,38809,6368,45177,completed,32
38926,Rigid,2764833,2803880,2812006,39047,8126,47173,completed,32
38927,Rigid,2764833,2798260,2808569,33427,10309,43736,completed,32
38928,Rigid,2764833,2798465,2809758,33632,11293,44925,completed,32
38929,Rigid,2764833,2798870,2812115,34037,13245,47282,completed,32
38930,Rigid,2764833,2799089,2815725,34256,16636,50892,completed,32
38931,Rigid,2764833,2799129,2815872,34296,16743,51039,completed,32
38932,Rigid,2764833,2799288,2810467,34455,11179,45634,completed,32
38933,Rigid,2764833,2799304,2810091,34471,10787,45258,completed,32
38934,Rigid,2764833,2799728,2810042,34895,10314,45209,completed,32
38935,Rigid,2764833,2799870,2814388,35037,14518,49555,completed,32
38936,Rigid,2764833,2799903,2822274,35070,22371,57441,completed,32
38937,Rigid,2764833,2800448,2815024,35615,14576,50191,completed,32
38938,Rigid,2764833,2800560,2813837,35727,13277,49004,completed,32
38939,Rigid,2764833,2800689,2823187,35856,22498,58354,completed,32
38940,Rigid,2764833,2801349,2818564,36516,17215,53731,completed,32
38941,Rigid,2764833,2801599,2816218,36766,14619,51385,completed,32
38942,Rigid,2764833,2801829,2813421,36996,11592,48588,completed,32
38943,Rigid,2764833,2801908,2812210,37075,10302,47377,completed,32
38944,Rigid,2764833,2802582,2819356,37749,16774,54523,completed,32
38945,Rigid,2764833,2802730,2814410,37897,11680,49577,completed,32
38946,Rigid,2764833,2803266,2817769,38433,14503,52936,completed,32
38947,Rigid,2764833,2803339,2823692,38506,20353,58859,completed,32
38948,Rigid,2765166,2765166,2765173,0,7,7,completed,72
38949,Rigid,2765337,2765337,2765382,0,45,45,completed,72
38950,Rigid,2766084,2783522,2795840,17438,12318,29756,completed,72
38951,Rigid,2766119,2783554,2795855,17435,12301,29736,completed,72
38952,Rigid,2766120,2766120,2766165,0,45,45,completed,72
38953,Rigid,2766277,2766277,2766318,0,41,41,completed,72
38954,Rigid,2766388,2806847,2854478,40459,47631,88090,completed,144
38955,Rigid,2766404,2766404,2766407,0,3,3,completed,72
38956,Rigid,2766446,2766446,2766463,0,17,17,completed,72
38957,Rigid,2766753,2766754,2766765,1,11,12,completed,36
38958,Rigid,2766884,2766884,2766890,0,6,6,completed,72
38959,Rigid,2766913,2766914,2766926,1,12,13,completed,72
38960,Rigid,2766969,2766970,2766976,1,6,7,completed,72
38961,Rigid,2767003,2767004,2767012,1,8,9,completed,72
38962,Rigid,2767027,2767028,2767055,1,27,28,completed,72
38963,Rigid,2767670,2807143,2853643,39473,46500,85973,completed,144
38964,Rigid,2767795,2783943,2800796,16148,16853,33001,completed,144
38965,Rigid,2769042,2807492,2854172,38450,46680,85130,completed,144
38966,Rigid,2769331,2783943,2802557,14612,18614,33226,completed,144
38967,Rigid,2769362,2769362,2769372,0,10,10,completed,36
38968,Rigid,2769403,2807704,2854073,38301,46369,84670,completed,144
38969,Rigid,2769667,2769667,2769673,0,6,6,completed,36
38970,Rigid,2769807,2769807,2769818,0,11,11,completed,36
38971,Rigid,2769836,2769838,2769847,2,9,11,completed,36
38972,Rigid,2771392,2771392,2771399,0,7,7,completed,36
38973,Rigid,2771449,2771450,2771454,1,4,5,completed,36
38974,Rigid,2771541,2808168,2855051,36627,46883,83510,completed,144
38975,Rigid,2773673,2781667,2832873,7994,51206,59200,completed,32
38976,Rigid,2773673,2781667,2822941,7994,41274,49268,completed,32
38977,Rigid,2773673,2781667,2824193,7994,42526,50520,completed,32
38978,Rigid,2773673,2776137,2827331,2464,51194,53658,completed,32
38979,Rigid,2773673,2777218,2825775,3545,48557,52102,completed,32
38980,Rigid,2773673,2777255,2826179,3582,48924,52506,completed,32
38981,Rigid,2773673,2778426,2827589,4753,49163,53916,completed,32
38982,Rigid,2773673,2779102,2824139,5429,45037,50466,completed,32
38983,Rigid,2773673,2779102,2831638,5429,52536,57965,completed,32
38984,Rigid,2773673,2779102,2821194,5429,42092,47521,completed,32
38985,Rigid,2773673,2779102,2832832,5429,53730,59159,completed,32
38986,Rigid,2773673,2781667,2832287,7994,50620,58614,completed,32
38987,Rigid,2774367,2894428,2894430,120061,2,120063,completed,648
38988,Rigid,2778268,2778274,2778281,6,7,13,completed,2
38989,Rigid,2778571,2783501,2783510,4930,9,4939,completed,72
38990,Rigid,2779101,2808959,2860453,29858,51494,81352,completed,144
38991,Rigid,2779293,2783943,2806598,4650,22655,27305,completed,144
38992,Rigid,2779372,2779374,2779380,2,6,8,completed,36
38993,Rigid,2780098,2783511,2783520,3413,9,3422,completed,72
38994,Rigid,2783459,2783501,2783552,42,51,93,completed,72
38995,Rigid,2783659,2783943,2788315,284,4372,4656,completed,36
38996,Rigid,2783981,2786785,2799101,2804,12316,15120,completed,72
38997,Rigid,2785035,2836672,2836857,51637,185,51822,completed,36
38998,Rigid,2785035,2836862,2837053,51827,191,52018,completed,36
38999,Rigid,2785035,2836862,2836978,51827,116,51943,completed,36
39000,Rigid,2785035,2836863,2837420,51828,557,52385,completed,36
39001,Rigid,2785035,2836877,2837458,51842,581,52423,completed,36
39002,Rigid,2785035,2836979,2837278,51944,299,52243,completed,36
39003,Rigid,2785035,2837019,2839743,51984,2724,54708,completed,36
39004,Rigid,2785035,2837054,2839757,52019,2703,54722,completed,36
39005,Rigid,2785035,2837204,2838376,52169,1172,53341,completed,36
39006,Rigid,2785035,2837279,2843576,52244,6297,58541,completed,36
39007,Rigid,2785035,2837421,2843606,52386,6185,58571,completed,36
39008,Rigid,2785035,2837459,2840937,52424,3478,55902,completed,36
39009,Rigid,2785035,2837622,2843577,52587,5955,58542,completed,36
39010,Rigid,2785035,2838068,2840907,53033,2839,55872,completed,36
39011,Rigid,2785035,2838231,2843585,53196,5354,58550,completed,36
39012,Rigid,2785035,2838377,2843558,53342,5181,58523,completed,36
39013,Rigid,2785035,2838511,2843648,53476,5137,58613,completed,36
39014,Rigid,2785035,2838849,2843692,53814,4843,58657,completed,36
39015,Rigid,2785035,2838849,2843734,53814,4885,58699,completed,36
39016,Rigid,2785035,2839077,2843684,54042,4607,58649,completed,36
39017,Rigid,2785035,2837826,2874977,52791,37151,89942,completed,36
39018,Rigid,2785036,2843552,2843558,58516,6,58522,completed,36
39019,Rigid,2785036,2843552,2843558,58516,6,58522,completed,36
39020,Rigid,2785036,2843552,2843558,58516,6,58522,completed,36
39021,Rigid,2785036,2843552,2843558,58516,6,58522,completed,36
39022,Rigid,2785036,2843552,2843600,58516,48,58564,completed,36
39023,Rigid,2785036,2843552,2843634,58516,82,58598,completed,36
39024,Rigid,2785036,2839916,2840106,54880,190,55070,completed,36
39025,Rigid,2785036,2840107,2840304,55071,197,55268,completed,36
39026,Rigid,2785036,2840304,2840419,55268,115,55383,completed,36
39027,Rigid,2785036,2840306,2841137,55270,831,56101,completed,36
39028,Rigid,2785036,2840420,2840986,55384,566,55950,completed,36
39029,Rigid,2785036,2841253,2841561,56217,308,56525,completed,36
39030,Rigid,2785036,2842882,2843780,57846,898,58744,completed,36
39031,Rigid,2785036,2839338,2843935,54302,4597,58899,completed,36
39032,Rigid,2785036,2839471,2844252,54435,4781,59216,completed,36
39033,Rigid,2785036,2839745,2843648,54709,3903,58612,completed,36
39034,Rigid,2785036,2841253,2843552,56217,2299,58516,completed,36
39035,Rigid,2785036,2841253,2843562,56217,2309,58526,completed,36
39036,Rigid,2785036,2841373,2842881,56337,1508,57845,completed,36
39037,Rigid,2785036,2841424,2843593,56388,2169,58557,completed,36
39038,Rigid,2785036,2841562,2874977,56526,33415,89941,completed,36
39039,Rigid,2785036,2841663,2874977,56627,33314,89941,completed,36
39040,Rigid,2785037,2843552,2843558,58515,6,58521,completed,36
39041,Rigid,2785037,2843552,2843558,58515,6,58521,completed,36
39042,Rigid,2785037,2843553,2843559,58516,6,58522,completed,36
39043,Rigid,2785037,2843553,2843558,58516,5,58521,completed,36
39044,Rigid,2785037,2843553,2843558,58516,5,58521,completed,36
39045,Rigid,2785037,2843553,2843558,58516,5,58521,completed,36
39046,Rigid,2785037,2843557,2843561,58520,4,58524,completed,36
39047,Rigid,2785037,2843557,2843561,58520,4,58524,completed,36
39048,Rigid,2785037,2843559,2843562,58522,3,58525,completed,36
39049,Rigid,2785037,2843559,2843563,58522,4,58526,completed,36
39050,Rigid,2785037,2843560,2843564,58523,4,58527,completed,36
39051,Rigid,2785037,2843560,2843564,58523,4,58527,completed,36
39052,Rigid,2785037,2843560,2843564,58523,4,58527,completed,36
39053,Rigid,2785037,2843560,2843564,58523,4,58527,completed,36
39054,Rigid,2785037,2843560,2843564,58523,4,58527,completed,36
39055,Rigid,2785037,2843560,2843564,58523,4,58527,completed,36
39056,Rigid,2785037,2843561,2843564,58524,3,58527,completed,36
39057,Rigid,2785037,2843561,2843565,58524,4,58528,completed,36
39058,Rigid,2785037,2843561,2843565,58524,4,58528,completed,36
39059,Rigid,2785037,2843561,2843565,58524,4,58528,completed,36
39060,Rigid,2785037,2843553,2843603,58516,50,58566,completed,36
39061,Rigid,2785037,2843553,2843607,58516,54,58570,completed,36
39062,Rigid,2785037,2843554,2843602,58517,48,58565,completed,36
39063,Rigid,2785038,2843561,2843565,58523,4,58527,completed,36
39064,Rigid,2785038,2843563,2843567,58525,4,58529,completed,36
39065,Rigid,2785038,2843563,2843566,58525,3,58528,completed,36
39066,Rigid,2785038,2843563,2843567,58525,4,58529,completed,36
39067,Rigid,2785038,2843564,2843568,58526,4,58530,completed,36
39068,Rigid,2785038,2843565,2843568,58527,3,58530,completed,36
39069,Rigid,2785038,2843565,2843568,58527,3,58530,completed,36
39070,Rigid,2785038,2843566,2843569,58528,3,58531,completed,36
39071,Rigid,2785038,2843566,2843569,58528,3,58531,completed,36
39072,Rigid,2785038,2843566,2843569,58528,3,58531,completed,36
39073,Rigid,2785038,2843566,2843569,58528,3,58531,completed,36
39074,Rigid,2785038,2843566,2843569,58528,3,58531,completed,36
39075,Rigid,2785038,2843566,2843569,58528,3,58531,completed,36
39076,Rigid,2785038,2843566,2843569,58528,3,58531,completed,36
39077,Rigid,2785038,2843566,2843569,58528,3,58531,completed,36
39078,Rigid,2785038,2843566,2843570,58528,4,58532,completed,36
39079,Rigid,2785038,2843567,2843570,58529,3,58532,completed,36
39080,Rigid,2785038,2843568,2843571,58530,3,58533,completed,36
39081,Rigid,2785038,2843568,2843571,58530,3,58533,completed,36
39082,Rigid,2785038,2843568,2843571,58530,3,58533,completed,36
39083,Rigid,2785038,2843569,2843572,58531,3,58534,completed,36
39084,Rigid,2785038,2843569,2843572,58531,3,58534,completed,36
39085,Rigid,2785038,2843570,2843573,58532,3,58535,completed,36
39086,Rigid,2785038,2843564,2843973,58526,409,58935,completed,36
39087,Rigid,2785039,2843570,2843574,58531,4,58535,completed,36
39088,Rigid,2785039,2843570,2843574,58531,4,58535,completed,36
39089,Rigid,2785039,2843571,2843575,58532,4,58536,completed,36
39090,Rigid,2785039,2843571,2843575,58532,4,58536,completed,36
39091,Rigid,2785039,2843571,2843575,58532,4,58536,completed,36
39092,Rigid,2785039,2843571,2843575,58532,4,58536,completed,36
39093,Rigid,2785039,2843571,2843575,58532,4,58536,completed,36
39094,Rigid,2785039,2843571,2843575,58532,4,58536,completed,36
39095,Rigid,2785039,2843571,2843575,58532,4,58536,completed,36
39096,Rigid,2785039,2843571,2843575,58532,4,58536,completed,36
39097,Rigid,2785039,2843572,2843576,58533,4,58537,completed,36
39098,Rigid,2785039,2843572,2843576,58533,4,58537,completed,36
39099,Rigid,2785039,2843573,2843576,58534,3,58537,completed,36
39100,Rigid,2785039,2843573,2843576,58534,3,58537,completed,36
39101,Rigid,2785039,2843574,2843577,58535,3,58538,completed,36
39102,Rigid,2785039,2843574,2843577,58535,3,58538,completed,36
39103,Rigid,2785039,2843575,2843579,58536,4,58540,completed,36
39104,Rigid,2785039,2843575,2843579,58536,4,58540,completed,36
39105,Rigid,2785039,2843576,2843579,58537,3,58540,completed,36
39106,Rigid,2785039,2843576,2843580,58537,4,58541,completed,36
39107,Rigid,2785039,2843576,2843580,58537,4,58541,completed,36
39108,Rigid,2785040,2843577,2843581,58537,4,58541,completed,36
39109,Rigid,2785040,2843577,2843581,58537,4,58541,completed,36
39110,Rigid,2785040,2843577,2843580,58537,3,58540,completed,36
39111,Rigid,2785040,2843577,2843581,58537,4,58541,completed,36
39112,Rigid,2785040,2843577,2843581,58537,4,58541,completed,36
39113,Rigid,2785040,2843577,2843581,58537,4,58541,completed,36
39114,Rigid,2785040,2843577,2843581,58537,4,58541,completed,36
39115,Rigid,2785040,2843577,2843581,58537,4,58541,completed,36
39116,Rigid,2785040,2843577,2843581,58537,4,58541,completed,36
39117,Rigid,2785040,2843578,2843582,58538,4,58542,completed,36
39118,Rigid,2785040,2843578,2843582,58538,4,58542,completed,36
39119,Rigid,2785040,2843579,2843582,58539,3,58542,completed,36
39120,Rigid,2785040,2843579,2843582,58539,3,58542,completed,36
39121,Rigid,2785040,2843579,2843582,58539,3,58542,completed,36
39122,Rigid,2785040,2843580,2843583,58540,3,58543,completed,36
39123,Rigid,2785040,2843580,2843583,58540,3,58543,completed,36
39124,Rigid,2785040,2843580,2843583,58540,3,58543,completed,36
39125,Rigid,2785040,2843582,2843585,58542,3,58545,completed,36
39126,Rigid,2785040,2843582,2843585,58542,3,58545,completed,36
39127,Rigid,2785040,2843582,2843585,58542,3,58545,completed,36
39128,Rigid,2785040,2843582,2843585,58542,3,58545,completed,36
39129,Rigid,2785040,2843582,2843586,58542,4,58546,completed,36
39130,Rigid,2785040,2843582,2843586,58542,4,58546,completed,36
39131,Rigid,2785041,2843582,2843585,58541,3,58544,completed,36
39132,Rigid,2785041,2843582,2843586,58541,4,58545,completed,36
39133,Rigid,2785041,2843582,2843586,58541,4,58545,completed,36
39134,Rigid,2785041,2843582,2843586,58541,4,58545,completed,36
39135,Rigid,2785041,2843582,2843586,58541,4,58545,completed,36
39136,Rigid,2785041,2843583,2843586,58542,3,58545,completed,36
39137,Rigid,2785041,2843583,2843586,58542,3,58545,completed,36
39138,Rigid,2785041,2843583,2843586,58542,3,58545,completed,36
39139,Rigid,2785041,2843583,2843586,58542,3,58545,completed,36
39140,Rigid,2785041,2843583,2843587,58542,4,58546,completed,36
39141,Rigid,2785041,2843584,2843588,58543,4,58547,completed,36
39142,Rigid,2785041,2843585,2843588,58544,3,58547,completed,36
39143,Rigid,2785041,2843585,2843588,58544,3,58547,completed,36
39144,Rigid,2785041,2843586,2843589,58545,3,58548,completed,36
39145,Rigid,2785041,2843586,2843590,58545,4,58549,completed,36
39146,Rigid,2785041,2843587,2843590,58546,3,58549,completed,36
39147,Rigid,2785041,2843587,2843590,58546,3,58549,completed,36
39148,Rigid,2785041,2843587,2843590,58546,3,58549,completed,36
39149,Rigid,2785041,2843587,2843590,58546,3,58549,completed,36
39150,Rigid,2785041,2843587,2843590,58546,3,58549,completed,36
39151,Rigid,2785041,2843587,2843590,58546,3,58549,completed,36
39152,Rigid,2785041,2843587,2843590,58546,3,58549,completed,36
39153,Rigid,2785041,2843587,2843590,58546,3,58549,completed,36
39154,Rigid,2785042,2843587,2843591,58545,4,58549,completed,36
39155,Rigid,2785042,2843588,2843591,58546,3,58549,completed,36
39156,Rigid,2785042,2843588,2843591,58546,3,58549,completed,36
39157,Rigid,2785042,2843588,2843591,58546,3,58549,completed,36
39158,Rigid,2785042,2843588,2843591,58546,3,58549,completed,36
39159,Rigid,2785042,2843588,2843591,58546,3,58549,completed,36
39160,Rigid,2785042,2843588,2843591,58546,3,58549,completed,36
39161,Rigid,2785042,2843589,2843592,58547,3,58550,completed,36
39162,Rigid,2785042,2843589,2843592,58547,3,58550,completed,36
39163,Rigid,2785042,2843589,2843593,58547,4,58551,completed,36
39164,Rigid,2785042,2843591,2843594,58549,3,58552,completed,36
39165,Rigid,2785538,2843591,2843594,58053,3,58056,completed,36
39166,Rigid,2785540,2843591,2843594,58051,3,58054,completed,36
39167,Rigid,2785540,2843591,2843595,58051,4,58055,completed,36
39168,Rigid,2789740,2789741,2789746,1,5,6,completed,36
39169,Rigid,2789745,2789746,2789775,1,29,30,completed,36
39170,Rigid,2790868,2826181,2872019,35313,45838,81151,completed,144
39171,Rigid,2793958,2843610,2890101,49652,46491,96143,completed,144
39172,Rigid,2794143,2794318,2846071,175,51753,51928,completed,36
39173,Rigid,2794415,2843623,2852865,49208,9242,58450,completed,144
39174,Rigid,2796731,2843640,2894410,46909,50770,97679,completed,144
39175,Rigid,2796866,2802013,2809090,5147,7077,12224,completed,360
39176,Rigid,2796983,2803043,2809203,6060,6160,12220,completed,360
39177,Rigid,2803115,2809091,2834169,5976,25078,31054,completed,144
39178,Rigid,2803150,2809091,2987302,5941,178211,184152,completed,144
39179,Rigid,2803185,2809159,2821859,5974,12700,18674,completed,144
39180,Rigid,2803219,2809204,3079409,5985,270205,276190,completed,144
39181,Rigid,2803247,2809204,2911576,5957,102372,108329,completed,144
39182,Rigid,2803273,2809687,2854765,6414,45078,51492,completed,144
39183,Rigid,2803309,2810066,2835231,6757,25165,31922,completed,144
39184,Rigid,2803337,2810468,2985688,7131,175220,182351,completed,144
39185,Rigid,2803367,2810987,2824068,7620,13081,20701,completed,144
39186,Rigid,2803398,2811907,3082624,8509,270717,279226,completed,144
39187,Rigid,2803428,2812261,2913560,8833,101299,110132,completed,144
39188,Rigid,2803463,2812949,2857120,9486,44171,53657,completed,144
39189,Rigid,2803504,2813838,2823694,10334,9856,20190,completed,144
39190,Rigid,2803533,2814935,2860565,11402,45630,57032,completed,144
39191,Rigid,2803562,2815873,2822499,12311,6626,18937,completed,144
39192,Rigid,2803586,2835675,2836086,32089,411,32500,completed,144
39193,Rigid,2803613,2817440,2843213,13827,25773,39600,completed,144
39194,Rigid,2803643,2818696,2833533,15053,14837,29890,completed,144
39195,Rigid,2803682,2821195,2846577,17513,25382,42895,completed,144
39196,Rigid,2803709,2821860,3003406,18151,181546,199697,completed,144
39197,Rigid,2803738,2822501,2841065,18763,18564,37327,completed,144
39198,Rigid,2803762,2839475,3107842,35713,268367,304080,completed,144
39199,Rigid,2803796,2822942,2924848,19146,101906,121052,completed,144
39200,Rigid,2803831,2823695,2868526,19864,44831,64695,completed,144
39201,Rigid,2803865,2824070,2849401,20205,25331,45536,completed,144
39202,Rigid,2803895,2824140,3002197,20245,178057,198302,completed,144
39203,Rigid,2803926,2827122,2839915,23196,12793,35989,completed,144
39204,Rigid,2803948,2839920,3112624,35972,272704,308676,completed,144
39205,Rigid,2803975,2841783,2943429,37808,101646,139454,completed,144
39206,Rigid,2804008,2843214,2887832,39206,44618,83824,completed,144
39207,Rigid,2804044,2843592,2853536,39548,9944,49492,completed,144
39208,Rigid,2804071,2843592,2889284,39521,45692,85213,completed,144
39209,Rigid,2804099,2843592,2849985,39493,6393,45886,completed,144
39210,Rigid,2804121,2850326,2925342,46205,75016,121221,completed,144
39211,Rigid,2804149,2843594,2869134,39445,25540,64985,completed,144
39212,Rigid,2804176,2843596,2843660,39420,64,39484,completed,144
39213,Rigid,2806190,2844064,2890377,37874,46313,84187,completed,144
39214,Rigid,2807491,2844141,2894410,36650,50269,86919,completed,144
39215,Rigid,2812948,2846578,2894410,33630,47832,81462,completed,144
39216,Rigid,2826629,2826629,2826667,0,38,38,completed,1
39217,Rigid,2826947,2826947,2827996,0,1049,1049,completed,1
39218,Rigid,2826955,2826956,2836232,1,9276,9277,completed,1
39219,Rigid,2826960,2826960,2830976,0,4016,4016,completed,1
39220,Rigid,2826963,2826964,3086178,1,259214,259215,completed,1
39221,Rigid,2827278,2843601,2877797,16323,34196,50519,completed,144
39222,Rigid,2827334,2843603,2879494,16269,35891,52160,completed,144
39223,Rigid,2827371,2829914,2893396,2543,63482,66025,completed,32
39224,Rigid,2827371,2829945,2878783,2574,48838,51412,completed,32
39225,Rigid,2827371,2830696,2886500,3325,55804,59129,completed,32
39226,Rigid,2827371,2827372,2884854,1,57482,57483,completed,32
39227,Rigid,2827371,2827372,2878322,1,50950,50951,completed,32
39228,Rigid,2827371,2827591,2876255,220,48664,48884,completed,32
39229,Rigid,2827371,2827613,2874635,242,47022,47264,completed,32
39230,Rigid,2827371,2827702,2885126,331,57424,57755,completed,32
39231,Rigid,2827371,2827833,2891957,462,64124,64586,completed,32
39232,Rigid,2827371,2828128,2887148,757,59020,59777,completed,32
39233,Rigid,2827371,2828337,2894192,966,65855,66821,completed,32
39234,Rigid,2827371,2829914,2902864,2543,72950,75493,completed,32
39235,Rigid,2827926,2831122,2862244,3196,31122,34318,completed,32
39236,Rigid,2827926,2831434,2860619,3508,29185,32693,completed,32
39237,Rigid,2827926,2831640,2861664,3714,30024,33738,completed,32
39238,Rigid,2827926,2830846,2862144,2920,31298,34218,completed,32
39239,Rigid,2827926,2830933,2863967,3007,33034,36041,completed,32
39240,Rigid,2827926,2830933,2861690,3007,30757,33764,completed,32
39241,Rigid,2827926,2830933,2862424,3007,31491,34498,completed,32
39242,Rigid,2827926,2830933,2863504,3007,32571,35578,completed,32
39243,Rigid,2827926,2830933,2861850,3007,30917,33924,completed,32
39244,Rigid,2827926,2830933,2860779,3007,29846,32853,completed,32
39245,Rigid,2827926,2830959,2867711,3033,36752,39785,completed,32
39246,Rigid,2827926,2831122,2862282,3196,31160,34356,completed,32
39247,Rigid,2828585,2829848,2829913,1263,65,1328,completed,72
39248,Rigid,2830114,2901289,3012296,71175,111007,182182,completed,36
39249,Rigid,2830114,2901320,2950634,71206,49314,120520,completed,36
39250,Rigid,2830114,2902011,3021759,71897,119748,191645,completed,36
39251,Rigid,2830262,2902883,2961590,72621,58707,131328,completed,36
39252,Rigid,2830262,2903395,3013509,73133,110114,183247,completed,36
39253,Rigid,2830262,2908388,2970712,78126,62324,140450,completed,36
39254,Rigid,2830302,2908388,3016077,78086,107689,185775,completed,36
39255,Rigid,2830302,2908669,2947165,78367,38496,116863,completed,36
39256,Rigid,2830302,2909410,3017757,79108,108347,187455,completed,36
39257,Rigid,2830408,2843649,2935815,13241,92166,105407,completed,36
39258,Rigid,2830408,2843649,2918128,13241,74479,87720,completed,36
39259,Rigid,2830408,2843649,2917687,13241,74038,87279,completed,36
39260,Rigid,2830525,2843649,2951208,13124,107559,120683,completed,36
39261,Rigid,2830525,2843662,2943293,13137,99631,112768,completed,36
39262,Rigid,2830525,2843662,2893577,13137,49915,63052,completed,36
39263,Rigid,2830574,2843662,2901960,13088,58298,71386,completed,36
39264,Rigid,2830574,2843686,2949697,13112,106011,119123,completed,36
39265,Rigid,2830574,2843693,2918094,13119,74401,87520,completed,36
39266,Rigid,2830625,2843707,2939680,13082,95973,109055,completed,36
39267,Rigid,2830625,2843709,2963728,13084,120019,133103,completed,36
39268,Rigid,2830625,2843714,2967513,13089,123799,136888,completed,36
39269,Rigid,2830662,2843722,2943680,13060,99958,113018,completed,36
39270,Rigid,2830662,2843735,2932292,13073,88557,101630,completed,36
39271,Rigid,2830662,2843781,2969800,13119,126019,139138,completed,36
39272,Rigid,2830703,2911027,2937714,80324,26687,107011,completed,36
39273,Rigid,2830703,2911027,2989535,80324,78508,158832,completed,36
39274,Rigid,2830703,2911577,3028362,80874,116785,197659,completed,36
39275,Rigid,2830764,2843787,2918952,13023,75165,88188,completed,36
39276,Rigid,2830764,2843788,2975674,13024,131886,144910,completed,36
39277,Rigid,2830764,2843794,2970556,13030,126762,139792,completed,36
39278,Rigid,2831165,2832288,2836793,1123,4505,5628,completed,72
39279,Rigid,2832238,2846989,2849006,14751,2017,16768,completed,72
39280,Rigid,2832291,2849436,2953797,17145,104361,121506,completed,144
39281,Rigid,2832331,2851522,2978744,19191,127222,146413,completed,144
39282,Rigid,2832412,2853664,2879962,21252,26298,47550,completed,72
39283,Rigid,2833146,2833534,2833537,388,3,391,completed,144
39284,Rigid,2833872,2844419,2846516,10547,2097,12644,completed,36
39285,Rigid,2833872,2844813,2846901,10941,2088,13029,completed,36
39286,Rigid,2833872,2846052,2848141,12180,2089,14269,completed,36
39287,Rigid,2833872,2846578,2848668,12706,2090,14796,completed,36
39288,Rigid,2834237,2834359,2834403,122,44,166,completed,36
39289,Rigid,2834510,2834599,2846019,89,11420,11509,completed,36
39290,Rigid,2835000,2835001,2835005,1,4,5,completed,32
39291,Rigid,2835000,2835001,2835005,1,4,5,completed,32
39292,Rigid,2835000,2835001,2835005,1,4,5,completed,32
39293,Rigid,2835000,2835001,2835005,1,4,5,completed,32
39294,Rigid,2835000,2835001,2835005,1,4,5,completed,32
39295,Rigid,2835000,2835001,2835005,1,4,5,completed,32
39296,Rigid,2835000,2835001,2835005,1,4,5,completed,32
39297,Rigid,2835000,2835001,2835005,1,4,5,completed,32
39298,Rigid,2835000,2835001,2835005,1,4,5,completed,32
39299,Rigid,2835103,2835232,2835235,129,3,132,completed,144
39300,Rigid,2835115,2843820,2852824,8705,9004,17709,completed,144
39301,Rigid,2835582,2835671,2835673,89,2,91,completed,144
39302,Rigid,2835599,2835599,2918651,0,83052,83052,completed,36
39303,Rigid,2835698,2835702,2835740,4,38,42,completed,1
39304,Rigid,2835718,2835719,2835747,1,28,29,completed,1
39305,Rigid,2835725,2835725,2835728,0,3,3,completed,32
39306,Rigid,2835725,2835725,2835728,0,3,3,completed,32
39307,Rigid,2835725,2835725,2835728,0,3,3,completed,32
39308,Rigid,2835725,2835725,2835728,0,3,3,completed,32
39309,Rigid,2835725,2835725,2835728,0,3,3,completed,32
39310,Rigid,2835725,2835725,2835728,0,3,3,completed,32
39311,Rigid,2835725,2835725,2835728,0,3,3,completed,32
39312,Rigid,2835725,2835725,2835728,0,3,3,completed,32
39313,Rigid,2835725,2835725,2835728,0,3,3,completed,32
39314,Rigid,2835758,2835759,2864908,1,29149,29150,completed,9
39315,Rigid,2835759,2835759,2858451,0,22692,22692,completed,9
39316,Rigid,2835768,2835769,2870402,1,34633,34634,completed,9
39317,Rigid,2835768,2835769,2863378,1,27609,27610,completed,9
39318,Rigid,2835800,2836110,2858115,310,22005,22315,completed,36
39319,Rigid,2835922,2835922,2835929,0,7,7,completed,32
39320,Rigid,2835922,2835922,2835929,0,7,7,completed,32
39321,Rigid,2835922,2835926,2835929,4,3,7,completed,32
39322,Rigid,2835922,2835926,2835930,4,4,8,completed,32
39323,Rigid,2835923,2835926,2835929,3,3,6,completed,32
39324,Rigid,2835923,2835926,2835930,3,4,7,completed,32
39325,Rigid,2835923,2835926,2835929,3,3,6,completed,32
39326,Rigid,2835923,2835926,2835929,3,3,6,completed,32
39327,Rigid,2835923,2835926,2835930,3,4,7,completed,32
39328,Rigid,2836133,2836133,2836330,0,197,197,completed,32
39329,Rigid,2836133,2836137,2836331,4,194,198,completed,32
39330,Rigid,2836133,2836137,2836330,4,193,197,completed,32
39331,Rigid,2836133,2836137,2836311,4,174,178,completed,32
39332,Rigid,2836133,2836137,2836335,4,198,202,completed,32
39333,Rigid,2836133,2836137,2836333,4,196,200,completed,32
39334,Rigid,2836133,2836137,2836325,4,188,192,completed,32
39335,Rigid,2836134,2836137,2836312,3,175,178,completed,32
39336,Rigid,2836134,2836137,2836312,3,175,178,completed,32
39337,Rigid,2836227,2836227,3113516,0,277289,277289,completed,36
39338,Rigid,2836293,2836355,2838844,62,2489,2551,completed,36
39339,Rigid,2836639,2836640,2837029,1,389,390,completed,4
39340,Rigid,2836749,2836858,2836861,109,3,112,completed,144
39341,Rigid,2837268,2837269,2837492,1,223,224,completed,1
39342,Rigid,2837596,2837596,2837631,0,35,35,completed,1
39343,Rigid,2837730,2837730,2837745,0,15,15,completed,1
39344,Rigid,2837783,2868527,2872182,30744,3655,34399,completed,576
39345,Rigid,2837795,2837795,2837828,0,33,33,completed,1
39346,Rigid,2837798,2871023,2881365,33225,10342,43567,completed,576
39347,Rigid,2837823,2872184,2878973,34361,6789,41150,completed,576
39348,Rigid,2837915,2837916,2837972,1,56,57,completed,1
39349,Rigid,2838000,2838000,2838006,0,6,6,completed,1
39350,Rigid,2838088,2838089,2838242,1,153,154,completed,1
39351,Rigid,2838512,2838845,2838848,333,3,336,completed,144
39352,Rigid,2838529,2838849,2838902,320,53,373,completed,72
39353,Rigid,2839104,2839104,2839345,0,241,241,completed,1
39354,Rigid,2839341,2839471,2839474,130,3,133,completed,144
39355,Rigid,2839640,2839916,2839918,276,2,278,completed,144
39356,Rigid,2839915,2839916,2839956,1,40,41,completed,32
39357,Rigid,2839915,2839916,2839956,1,40,41,completed,32
39358,Rigid,2839915,2839916,2839953,1,37,38,completed,32
39359,Rigid,2839916,2839916,2839956,0,40,40,completed,32
39360,Rigid,2839916,2839916,2839955,0,39,39,completed,32
39361,Rigid,2839916,2839916,2839953,0,37,37,completed,32
39362,Rigid,2839916,2839916,2839956,0,40,40,completed,32
39363,Rigid,2839916,2839920,2839957,4,37,41,completed,32
39364,Rigid,2839916,2839920,2839955,4,35,39,completed,32
39365,Rigid,2840548,2840908,2847217,360,6309,6669,completed,72
39366,Rigid,2840748,2841237,2841241,489,4,493,completed,144
39367,Rigid,2840748,2841242,2841244,494,2,496,completed,144
39368,Rigid,2840748,2841246,2841248,498,2,500,completed,144
39369,Rigid,2840748,2841250,2841252,502,2,504,completed,144
39370,Rigid,2840748,2841066,2841236,318,170,488,completed,144
39371,Rigid,2840748,2841253,2841423,505,170,675,completed,144
39372,Rigid,2840767,2840768,2840785,1,17,18,completed,1
39373,Rigid,2840918,2840921,2841520,3,599,602,completed,4
39374,Rigid,2841460,2850766,2851008,9306,242,9548,completed,36
39375,Rigid,2841743,2841744,2842179,1,435,436,completed,32
39376,Rigid,2841743,2841744,2842106,1,362,363,completed,32
39377,Rigid,2841744,2841744,2842170,0,426,426,completed,32
39378,Rigid,2841745,2841748,2842195,3,447,450,completed,32
39379,Rigid,2841745,2841748,2842189,3,441,444,completed,32
39380,Rigid,2841745,2841748,2842125,3,377,380,completed,32
39381,Rigid,2841745,2841748,2842107,3,359,362,completed,32
39382,Rigid,2841745,2841748,2842182,3,434,437,completed,32
39383,Rigid,2841745,2841748,2853228,3,11480,11483,completed,5
39384,Rigid,2841807,2884873,3057676,43066,172803,215869,completed,22
39385,Rigid,2841887,2845122,3004803,3235,159681,162916,completed,216
39386,Rigid,2842116,2842117,2855024,1,12907,12908,completed,5
39387,Rigid,2842116,2842117,2855161,1,13044,13045,completed,5
39388,Rigid,2842126,2842126,2855961,0,13835,13835,completed,5
39389,Rigid,2842177,2842178,2857386,1,15208,15209,completed,5
39390,Rigid,2842187,2842188,2856194,1,14006,14007,completed,5
39391,Rigid,2842187,2842188,2857348,1,15160,15161,completed,5
39392,Rigid,2842197,2842198,2856421,1,14223,14224,completed,5
39393,Rigid,2842197,2842198,2853887,1,11689,11690,completed,5
39394,Rigid,2844358,2844359,2844363,1,4,5,completed,36
39395,Rigid,2845564,2873199,2873204,27635,5,27640,completed,144
39396,Rigid,2846038,2846038,2919865,0,73827,73827,completed,36
39397,Rigid,2846085,2846517,2846529,432,12,444,completed,36
39398,Rigid,2847160,2847209,2919865,49,72656,72705,completed,36
39399,Rigid,2847562,2873563,2882094,26001,8531,34532,completed,144
39400,Rigid,2847743,2874851,2889285,27108,14434,41542,completed,144
39401,Rigid,2847997,2849007,2871271,1010,22264,23274,completed,144
39402,Rigid,2848001,2874980,2876127,26979,1147,28126,completed,144
39403,Rigid,2848542,2848542,2848545,0,3,3,completed,72
39404,Rigid,2848856,2848856,2848859,0,3,3,completed,36
39405,Rigid,2848856,2848860,2848862,4,2,6,completed,36
39406,Rigid,2848857,2848860,2848862,3,2,5,completed,36
39407,Rigid,2848858,2848861,2848863,3,2,5,completed,36
39408,Rigid,2848858,2848864,2848866,6,2,8,completed,36
39409,Rigid,2848859,2848864,2848866,5,2,7,completed,36
39410,Rigid,2849376,2849402,2849405,26,3,29,completed,72
39411,Rigid,2849721,2876138,2877527,26417,1389,27806,completed,144
39412,Rigid,2849833,2849986,2849989,153,3,156,completed,72
39413,Rigid,2849911,2849986,2849989,75,3,78,completed,36
39414,Rigid,2849911,2849986,2849989,75,3,78,completed,36
39415,Rigid,2849911,2849986,2849989,75,3,78,completed,36
39416,Rigid,2849912,2849990,2849992,78,2,80,completed,36
39417,Rigid,2849912,2849990,2849992,78,2,80,completed,36
39418,Rigid,2849912,2849990,2849992,78,2,80,completed,36
39419,Rigid,2850005,2850005,2851452,0,1447,1447,completed,1
39420,Rigid,2850011,2850012,2850109,1,97,98,completed,36
39421,Rigid,2850290,2850291,2850480,1,189,190,completed,1
39422,Rigid,2850389,2850390,2850493,1,103,104,completed,1
39423,Rigid,2850872,2850872,2851958,0,1086,1086,completed,1
39424,Rigid,2851304,2851306,2851310,2,4,6,completed,36
39425,Rigid,2851517,2851517,2851522,0,5,5,completed,36
39426,Rigid,2852426,2852427,2852435,1,8,9,completed,36
39427,Rigid,2852433,2852433,2852859,0,426,426,completed,36
39428,Rigid,2852598,2852599,2852617,1,18,19,completed,36
39429,Rigid,2852805,2852806,2852853,1,47,48,completed,36
39430,Rigid,2852820,2852854,2852895,34,41,75,completed,36
39431,Rigid,2852849,2854480,2894410,1631,39930,41561,completed,144
39432,Rigid,2852889,2852889,2870186,0,17297,17297,completed,144
39433,Rigid,2852899,2860222,2894410,7323,34188,41511,completed,144
39434,Rigid,2853229,2853229,2853232,0,3,3,completed,72
39435,Rigid,2853396,2853397,2853441,1,44,45,completed,36
39436,Rigid,2853508,2853511,2853514,3,3,6,completed,72
39437,Rigid,2853632,2853632,2853703,0,71,71,completed,36
39438,Rigid,2853643,2866499,2894410,12856,27911,40767,completed,144
39439,Rigid,2853677,2911577,2975026,57900,63449,121349,completed,36
39440,Rigid,2853677,2911577,2988561,57900,76984,134884,completed,36
39441,Rigid,2853677,2911577,3027370,57900,115793,173693,completed,36
39442,Rigid,2853828,2853829,2889825,1,35996,35997,completed,144
39443,Rigid,2854023,2854023,2854026,0,3,3,completed,36
39444,Rigid,2854024,2854027,2854029,3,2,5,completed,36
39445,Rigid,2854025,2854027,2854030,2,3,5,completed,36
39446,Rigid,2854026,2854031,2854033,5,2,7,completed,36
39447,Rigid,2854026,2854027,2854029,1,2,3,completed,36
39448,Rigid,2854027,2854031,2854033,4,2,6,completed,36
39449,Rigid,2854073,2870211,2870986,16138,775,16913,completed,144
39450,Rigid,2854172,2870875,2894410,16703,23535,40238,completed,144
39451,Rigid,2854478,2871026,2894410,16548,23384,39932,completed,144
39452,Rigid,2855051,2878975,2894410,23924,15435,39359,completed,144
39453,Rigid,2855604,2855605,2923444,1,67839,67840,completed,108
39454,Rigid,2856146,2856147,2856487,1,340,341,completed,36
39455,Rigid,2856512,2856701,2889643,189,32942,33131,completed,72
39456,Rigid,2856831,2856831,2856835,0,4,4,completed,32
39457,Rigid,2856831,2856836,2856839,5,3,8,completed,32
39458,Rigid,2856831,2856837,2856839,6,2,8,completed,32
39459,Rigid,2856831,2856831,2856835,0,4,4,completed,32
39460,Rigid,2856831,2856831,2856836,0,5,5,completed,32
39461,Rigid,2856831,2856831,2856836,0,5,5,completed,32
39462,Rigid,2856831,2856831,2856835,0,4,4,completed,32
39463,Rigid,2856831,2856831,2856836,0,5,5,completed,32
39464,Rigid,2856831,2856831,2856835,0,4,4,completed,32
39465,Rigid,2856831,2856831,2856835,0,4,4,completed,32
39466,Rigid,2856831,2856831,2856835,0,4,4,completed,32
39467,Rigid,2856831,2856831,2856835,0,4,4,completed,32
39468,Rigid,2856963,2878975,2893651,22012,14676,36688,completed,144
39469,Rigid,2857061,2857062,2858385,1,1323,1324,completed,32
39470,Rigid,2857061,2857062,2858377,1,1315,1316,completed,32
39471,Rigid,2857061,2857122,2858410,61,1288,1349,completed,32
39472,Rigid,2857061,2857061,2943484,0,86423,86423,completed,32
39473,Rigid,2857061,2857062,2932594,1,75532,75533,completed,32
39474,Rigid,2857061,2857062,2916000,1,58938,58939,completed,32
39475,Rigid,2857061,2857062,2887022,1,29960,29961,completed,32
39476,Rigid,2857061,2857062,2893531,1,36469,36470,completed,32
39477,Rigid,2857061,2857062,2894456,1,37394,37395,completed,32
39478,Rigid,2857061,2857062,2903392,1,46330,46331,completed,32
39479,Rigid,2857061,2857062,2914283,1,57221,57222,completed,32
39480,Rigid,2857061,2857062,2928834,1,71772,71773,completed,32
39481,Rigid,2857076,2857122,2857130,46,8,54,completed,36
39482,Rigid,2857143,2857143,2857151,0,8,8,completed,36
39483,Rigid,2857176,2857179,2857182,3,3,6,completed,36
39484,Rigid,2857176,2857179,2857182,3,3,6,completed,36
39485,Rigid,2857177,2857179,2857182,2,3,5,completed,36
39486,Rigid,2857177,2857183,2857185,6,2,8,completed,36
39487,Rigid,2857178,2857183,2857185,5,2,7,completed,36
39488,Rigid,2857178,2857183,2857185,5,2,7,completed,36
39489,Rigid,2857205,2857207,2857216,2,9,11,completed,36
39490,Rigid,2857260,2857261,2857505,1,244,245,completed,36
39491,Rigid,2857266,2857267,2857269,1,2,3,completed,36
39492,Rigid,2857266,2857267,2857269,1,2,3,completed,36
39493,Rigid,2857267,2857267,2857269,0,2,2,completed,36
39494,Rigid,2857267,2857271,2857273,4,2,6,completed,36
39495,Rigid,2857267,2857271,2857273,4,2,6,completed,36
39496,Rigid,2857268,2857271,2857273,3,2,5,completed,36
39497,Rigid,2857346,2860509,2923003,3163,62494,65657,completed,180
39498,Rigid,2857422,2860455,2860483,3033,28,3061,completed,288
39499,Rigid,2857533,2857534,2857536,1,2,3,completed,36
39500,Rigid,2857533,2857534,2857536,1,2,3,completed,36
39501,Rigid,2857534,2857538,2857540,4,2,6,completed,36
39502,Rigid,2857534,2857538,2857540,4,2,6,completed,36
39503,Rigid,2857534,2857538,2857540,4,2,6,completed,36
39504,Rigid,2857535,2857541,2857543,6,2,8,completed,36
39505,Rigid,2857584,2857585,2858361,1,776,777,completed,36
39506,Rigid,2857719,2857720,2871537,1,13817,13818,completed,32
39507,Rigid,2857758,2857758,2857761,0,3,3,completed,36
39508,Rigid,2857758,2857761,2857764,3,3,6,completed,36
39509,Rigid,2857759,2857762,2857764,3,2,5,completed,36
39510,Rigid,2857760,2857765,2857767,5,2,7,completed,36
39511,Rigid,2857760,2857766,2857768,6,2,8,completed,36
39512,Rigid,2857761,2857769,2857771,8,2,10,completed,36
39513,Rigid,2857891,2858378,2858382,487,4,491,completed,144
39514,Rigid,2858370,2858408,2859159,38,751,789,completed,72
39515,Rigid,2858386,2858386,2865588,0,7202,7202,completed,36
39516,Rigid,2858502,2872691,2874829,14189,2138,16327,completed,252
39517,Rigid,2858568,2873258,3006448,14690,133190,147880,completed,288
39518,Rigid,2858818,2858819,2858824,1,5,6,completed,72
39519,Rigid,2859485,2859496,2860214,11,718,729,completed,72
39520,Rigid,2859968,2860485,2860507,517,22,539,completed,288
39521,Rigid,2860453,2878975,2894410,18522,15435,33957,completed,144
39522,Rigid,2861219,2861219,2861230,0,11,11,completed,2
39523,Rigid,2861219,2861219,2861230,0,11,11,completed,2
39524,Rigid,2861219,2861219,2861230,0,11,11,completed,2
39525,Rigid,2861356,2861357,2861718,1,361,362,completed,2
39526,Rigid,2861357,2861357,2861698,0,341,341,completed,2
39527,Rigid,2861357,2861357,2861699,0,342,342,completed,2
39528,Rigid,2861376,2862247,2862405,871,158,1029,completed,180
39529,Rigid,2861707,2861708,2862047,1,339,340,completed,2
39530,Rigid,2861707,2861708,2862050,1,342,343,completed,2
39531,Rigid,2861727,2861728,2862056,1,328,329,completed,2
39532,Rigid,2862048,2862048,2862164,0,116,116,completed,2
39533,Rigid,2862058,2862058,2862175,0,117,117,completed,2
39534,Rigid,2862058,2862058,2862177,0,119,119,completed,2
39535,Rigid,2862639,2862640,2862644,1,4,5,completed,36
39536,Rigid,2862728,2862728,2862732,0,4,4,completed,36
39537,Rigid,2862824,2862825,2862831,1,6,7,completed,36
39538,Rigid,2862965,2862967,2863044,2,77,79,completed,36
39539,Rigid,2864045,2864046,2923803,1,59757,59758,completed,180
39540,Rigid,2866174,2866175,2866183,1,8,9,completed,36
39541,Rigid,2866582,2866582,2866602,0,20,20,completed,36
39542,Rigid,2869855,2869880,2871169,25,1289,1314,completed,1
39543,Rigid,2869859,2869880,2871013,21,1133,1154,completed,1
39544,Rigid,2869862,2869880,2872147,18,2267,2285,completed,1
39545,Rigid,2870017,2870030,2871308,13,1278,1291,completed,1
39546,Rigid,2870020,2870030,2872219,10,2189,2199,completed,1
39547,Rigid,2870023,2870030,2871224,7,1194,1201,completed,1
39548,Rigid,2870183,2870211,2871477,28,1266,1294,completed,1
39549,Rigid,2870186,2870211,2871397,25,1186,1211,completed,1
39550,Rigid,2870188,2870211,2872304,23,2093,2116,completed,1
39551,Rigid,2871461,2872022,2904188,561,32166,32727,completed,72
39552,Rigid,2871464,2874859,2906262,3395,31403,34798,completed,72
39553,Rigid,2871466,2876256,2911026,4790,34770,39560,completed,72
39554,Rigid,2871956,2871957,2872006,1,49,50,completed,36
39555,Rigid,2872019,2879495,2894410,7476,14915,22391,completed,144
39556,Rigid,2872148,2872148,2919865,0,47717,47717,completed,36
39557,Rigid,2872228,2872229,2872234,1,5,6,completed,36
39558,Rigid,2873051,2873052,2873059,1,7,8,completed,36
39559,Rigid,2873090,2873195,2873198,105,3,108,completed,144
39560,Rigid,2873204,2873204,2873226,0,22,22,completed,36
39561,Rigid,2873386,2873559,2873562,173,3,176,completed,144
39562,Rigid,2873452,2873452,2873468,0,16,16,completed,36
39563,Rigid,2873559,2873559,2873609,0,50,50,completed,36
39564,Rigid,2874084,2878975,2880235,4891,1260,6151,completed,360
39565,Rigid,2874414,2874836,2874849,422,13,435,completed,144
39566,Rigid,2875245,2876128,2876137,883,9,892,completed,144
39567,Rigid,2876635,2879495,2879682,2860,187,3047,completed,36
39568,Rigid,2876635,2879495,2879696,2860,201,3061,completed,36
39569,Rigid,2876635,2879683,2879807,3048,124,3172,completed,36
39570,Rigid,2876635,2879697,2880264,3062,567,3629,completed,36
39571,Rigid,2876635,2879809,2880403,3174,594,3768,completed,36
39572,Rigid,2876635,2880241,2880546,3606,305,3911,completed,36
39573,Rigid,2876635,2880241,2882975,3606,2734,6340,completed,36
39574,Rigid,2876636,2880241,2882992,3605,2751,6356,completed,36
39575,Rigid,2876636,2880241,2881412,3605,1171,4776,completed,36
39576,Rigid,2876636,2880241,2889286,3605,9045,12650,completed,36
39577,Rigid,2876636,2880241,2883732,3605,3491,7096,completed,36
39578,Rigid,2876636,2880241,2890015,3605,9774,13379,completed,36
39579,Rigid,2876636,2880250,2883083,3614,2833,6447,completed,36
39580,Rigid,2876636,2880265,2887868,3629,7603,11232,completed,36
39581,Rigid,2876636,2880241,2894244,3605,14003,17608,completed,36
39582,Rigid,2876636,2880250,2893816,3614,13566,17180,completed,36
39583,Rigid,2876636,2880250,2909051,3614,28801,32415,completed,36
39584,Rigid,2876636,2880250,2912344,3614,32094,35708,completed,36
39585,Rigid,2876636,2880404,2901202,3768,20798,24566,completed,36
39586,Rigid,2876636,2880547,2908215,3911,27668,31579,completed,36
39587,Rigid,2876637,2881367,2881559,4730,192,4922,completed,36
39588,Rigid,2876637,2881367,2881567,4730,200,4930,completed,36
39589,Rigid,2876637,2881367,2881484,4730,117,4847,completed,36
39590,Rigid,2876637,2881367,2882205,4730,838,5568,completed,36
39591,Rigid,2876637,2881367,2881936,4730,569,5299,completed,36
39592,Rigid,2876637,2881367,2881673,4730,306,5036,completed,36
39593,Rigid,2876637,2881367,2886295,4730,4928,9658,completed,36
39594,Rigid,2876637,2881367,2884899,4730,3532,8262,completed,36
39595,Rigid,2876637,2881367,2885516,4730,4149,8879,completed,36
39596,Rigid,2876637,2881367,2882863,4730,1496,6226,completed,36
39597,Rigid,2876637,2881367,2947117,4730,65750,70480,completed,36
39598,Rigid,2876637,2881367,2945337,4730,63970,68700,completed,36
39599,Rigid,2876637,2881367,2894315,4730,12948,17678,completed,36
39600,Rigid,2876637,2881367,2901981,4730,20614,25344,completed,36
39601,Rigid,2876638,2881367,2885208,4729,3841,8570,completed,36
39602,Rigid,2876638,2881568,2885544,4930,3976,8906,completed,36
39603,Rigid,2876638,2881937,2890320,5299,8383,13682,completed,36
39604,Rigid,2876638,2882095,2887834,5457,5739,11196,completed,36
39605,Rigid,2876638,2881367,2893452,4729,12085,16814,completed,36
39606,Rigid,2876638,2881414,2896259,4776,14845,19621,completed,36
39607,Rigid,2876638,2881485,2892776,4847,11291,16138,completed,36
39608,Rigid,2876638,2881675,2916383,5037,34708,39745,completed,36
39609,Rigid,2876638,2881797,2928972,5159,47175,52334,completed,36
39610,Rigid,2876638,2882095,2906977,5457,24882,30339,completed,36
39611,Rigid,2876638,2882095,2906615,5457,24520,29977,completed,36
39612,Rigid,2876638,2882095,2966640,5457,84545,90002,completed,36
39613,Rigid,2876639,2883022,2883227,6383,205,6588,completed,36
39614,Rigid,2876639,2883237,2883446,6598,209,6807,completed,36
39615,Rigid,2876639,2883453,2883578,6814,125,6939,completed,36
39616,Rigid,2876639,2883608,2884121,6969,513,7482,completed,36
39617,Rigid,2876639,2883762,2884276,7123,514,7637,completed,36
39618,Rigid,2876639,2884286,2884589,7647,303,7950,completed,36
39619,Rigid,2876639,2884286,2885500,7647,1214,8861,completed,36
39620,Rigid,2876639,2882867,2897429,6228,14562,20790,completed,36
39621,Rigid,2876639,2882207,2990984,5568,108777,114345,completed,36
39622,Rigid,2876640,2884595,2885172,7955,577,8532,completed,36
39623,Rigid,2876640,2884286,2885515,7646,1229,8875,completed,36
39624,Rigid,2876640,2884903,2891163,8263,6260,14523,completed,36
39625,Rigid,2876640,2885181,2889981,8541,4800,13341,completed,36
39626,Rigid,2876640,2885212,2886876,8572,1664,10236,completed,36
39627,Rigid,2876640,2885521,2891159,8881,5638,14519,completed,36
39628,Rigid,2876640,2885521,2905961,8881,20440,29321,completed,36
39629,Rigid,2876640,2885521,2907054,8881,21533,30414,completed,36
39630,Rigid,2876640,2886881,2964114,10241,77233,87474,completed,36
39631,Rigid,2876640,2886881,2962449,10241,75568,85809,completed,36
39632,Rigid,2876640,2887035,2899340,10395,12305,22700,completed,36
39633,Rigid,2876640,2887159,2963363,10519,76204,86723,completed,36
39634,Rigid,2876641,2887900,2888141,11259,241,11500,completed,36
39635,Rigid,2876641,2888147,2888391,11506,244,11750,completed,36
39636,Rigid,2876641,2888394,2888519,11753,125,11878,completed,36
39637,Rigid,2876641,2888549,2889165,11908,616,12524,completed,36
39638,Rigid,2876641,2889196,2889811,12555,615,13170,completed,36
39639,Rigid,2876641,2889286,2889587,12645,301,12946,completed,36
39640,Rigid,2876641,2887190,2974579,10549,87389,97938,completed,36
39641,Rigid,2876641,2887839,2899430,11198,11591,22789,completed,36
39642,Rigid,2876641,2887839,2917455,11198,29616,40814,completed,36
39643,Rigid,2876641,2887839,3137993,11198,250154,261352,completed,36
39644,Rigid,2876641,2887839,3174022,11198,286183,297381,completed,36
39645,Rigid,2876642,2889644,2890207,13002,563,13565,completed,36
39646,Rigid,2876642,2889287,2890617,12645,1330,13975,completed,36
39647,Rigid,2876642,2889588,2890936,12946,1348,14294,completed,36
39648,Rigid,2876642,2889644,2895886,13002,6242,19244,completed,36
39649,Rigid,2876642,2889812,2895854,13170,6042,19212,completed,36
39650,Rigid,2876642,2889826,2891307,13184,1481,14665,completed,36
39651,Rigid,2876642,2889826,2893492,13184,3666,16850,completed,36
39652,Rigid,2876642,2889826,2909702,13184,19876,33060,completed,36
39653,Rigid,2876642,2889826,2912192,13184,22366,35550,completed,36
39654,Rigid,2876642,2889982,2972416,13340,82434,95774,completed,36
39655,Rigid,2876642,2890016,2971295,13374,81279,94653,completed,36
39656,Rigid,2876642,2890102,2900986,13460,10884,24344,completed,36
39657,Rigid,2876642,2890103,2982678,13461,92575,106036,completed,36
39658,Rigid,2876642,2890103,2981285,13461,91182,104643,completed,36
39659,Rigid,2876643,2890379,2890661,13736,282,14018,completed,36
39660,Rigid,2876643,2890379,2890673,13736,294,14030,completed,36
39661,Rigid,2876643,2890618,2890788,13975,170,14145,completed,36
39662,Rigid,2876643,2890662,2891584,14019,922,14941,completed,36
39663,Rigid,2876643,2890675,2891589,14032,914,14946,completed,36
39664,Rigid,2876643,2890789,2891260,14146,471,14617,completed,36
39665,Rigid,2876643,2891261,2891996,14618,735,15353,completed,36
39666,Rigid,2876643,2890103,2898555,13460,8452,21912,completed,36
39667,Rigid,2876643,2890937,2892450,14294,1513,15807,completed,36
39668,Rigid,2876643,2891164,2892679,14521,1515,16036,completed,36
39669,Rigid,2876643,2891284,2896849,14641,5565,20206,completed,36
39670,Rigid,2876643,2890379,2916897,13736,26518,40254,completed,36
39671,Rigid,2876643,2890209,3117960,13566,227751,241317,completed,36
39672,Rigid,2876643,2890321,3180075,13678,289754,303432,completed,36
39673,Rigid,2876644,2891308,2896833,14664,5525,20189,completed,36
39674,Rigid,2876644,2891374,2893528,14730,2154,16884,completed,36
39675,Rigid,2876644,2891590,2897131,14946,5541,20487,completed,36
39676,Rigid,2876644,2891561,2917571,14917,26010,40927,completed,36
39677,Rigid,2876644,2891585,2908022,14941,16437,31378,completed,36
39678,Rigid,2876644,2891958,2979720,15314,87762,103076,completed,36
39679,Rigid,2876644,2891998,2977285,15354,85287,100641,completed,36
39680,Rigid,2876644,2892452,2906104,15808,13652,29460,completed,36
39681,Rigid,2876644,2892680,2990101,16036,97421,113457,completed,36
39682,Rigid,2876645,2892713,2892959,16068,246,16314,completed,36
39683,Rigid,2876645,2892713,2892963,16068,250,16318,completed,36
39684,Rigid,2876645,2892713,2892857,16068,144,16212,completed,36
39685,Rigid,2876645,2892713,2893335,16068,622,16690,completed,36
39686,Rigid,2876645,2892713,2893324,16068,611,16679,completed,36
39687,Rigid,2876645,2892713,2893062,16068,349,16417,completed,36
39688,Rigid,2876645,2892713,2893399,16068,686,16754,completed,36
39689,Rigid,2876645,2892713,2894090,16068,1377,17445,completed,36
39690,Rigid,2876645,2892713,2894128,16068,1415,17483,completed,36
39691,Rigid,2876645,2892713,2897581,16068,4868,20936,completed,36
39692,Rigid,2876645,2892713,2988149,16068,95436,111504,completed,36
39693,Rigid,2876645,2892713,2908673,16068,15960,32028,completed,36
39694,Rigid,2876645,2892713,2924551,16068,31838,47906,completed,36
39695,Rigid,2876645,2892713,3180075,16068,287362,303430,completed,36
39696,Rigid,2876645,2892713,3180075,16068,287362,303430,completed,36
39697,Rigid,2876646,2893401,2893639,16755,238,16993,completed,36
39698,Rigid,2876646,2892713,2898536,16067,5823,21890,completed,36
39699,Rigid,2876646,2892713,2894849,16067,2136,18203,completed,36
39700,Rigid,2876646,2892713,2897652,16067,4939,21006,completed,36
39701,Rigid,2876646,2892713,2919388,16067,26675,42742,completed,36
39702,Rigid,2876646,2892713,2918779,16067,26066,42133,completed,36
39703,Rigid,2876646,2892713,2976782,16067,84069,100136,completed,36
39704,Rigid,2876646,2892777,2972306,16131,79529,95660,completed,36
39705,Rigid,2876646,2892859,2905675,16213,12816,29029,completed,36
39706,Rigid,2876646,2892960,2986814,16314,93854,110168,completed,36
39707,Rigid,2876646,2892965,2984213,16319,91248,107567,completed,36
39708,Rigid,2876646,2893063,2905591,16417,12528,28945,completed,36
39709,Rigid,2876646,2893397,2924876,16751,31479,48230,completed,36
39710,Rigid,2876646,2893326,3180175,16680,286849,303529,completed,36
39711,Rigid,2876646,2893336,3178375,16690,285039,301729,completed,36
39712,Rigid,2876647,2893453,2893690,16806,237,17043,completed,36
39713,Rigid,2876647,2893494,2893626,16847,132,16979,completed,36
39714,Rigid,2876647,2893529,2894132,16882,603,17485,completed,36
39715,Rigid,2876647,2893532,2894126,16885,594,17479,completed,36
39716,Rigid,2876647,2893578,2893922,16931,344,17275,completed,36
39717,Rigid,2876647,2893653,2894288,17006,635,17641,completed,36
39718,Rigid,2876647,2893628,2894976,16981,1348,18329,completed,36
39719,Rigid,2876647,2893641,2895003,16994,1362,18356,completed,36
39720,Rigid,2876647,2893653,2899977,17006,6324,23330,completed,36
39721,Rigid,2876647,2893653,2899249,17006,5596,22602,completed,36
39722,Rigid,2876647,2893653,2895839,17006,2186,19192,completed,36
39723,Rigid,2876647,2893924,2899754,17277,5830,23107,completed,36
39724,Rigid,2876647,2893691,2913105,17044,19414,36458,completed,36
39725,Rigid,2876647,2893818,2915404,17171,21586,38757,completed,36
39726,Rigid,2876648,2894091,2962275,17443,68184,85627,completed,36
39727,Rigid,2876648,2894127,2973431,17479,79304,96783,completed,36
39728,Rigid,2876648,2894129,2906400,17481,12271,29752,completed,36
39729,Rigid,2876648,2894133,2988243,17485,94110,111595,completed,36
39730,Rigid,2876648,2894194,2984878,17546,90684,108230,completed,36
39731,Rigid,2876648,2894245,2907558,17597,13313,30910,completed,36
39732,Rigid,2876648,2894419,2931927,17771,37508,55279,completed,36
39733,Rigid,2876648,2894289,3180075,17641,285786,303427,completed,36
39734,Rigid,2876648,2894317,3178375,17669,284058,301727,completed,36
39735,Rigid,2876668,2894419,2894501,17751,82,17833,completed,36
39736,Rigid,2876669,2894419,2894505,17750,86,17836,completed,36
39737,Rigid,2876669,2894419,2894463,17750,44,17794,completed,36
39738,Rigid,2876669,2894464,2895045,17795,581,18376,completed,36
39739,Rigid,2876669,2894502,2895086,17833,584,18417,completed,36
39740,Rigid,2876669,2894506,2894684,17837,178,18015,completed,36
39741,Rigid,2876669,2894977,2895327,18308,350,18658,completed,36
39742,Rigid,2876669,2894685,2896152,18016,1467,19483,completed,36
39743,Rigid,2876669,2894851,2896645,18182,1794,19976,completed,36
39744,Rigid,2876670,2895087,2895654,18417,567,18984,completed,36
39745,Rigid,2876670,2895004,2898068,18334,3064,21398,completed,36
39746,Rigid,2876670,2895046,2897445,18376,2399,20775,completed,36
39747,Rigid,2876670,2895328,2901388,18658,6060,24718,completed,36
39748,Rigid,2876670,2895655,2899110,18985,3455,22440,completed,36
39749,Rigid,2876670,2895840,2896966,19170,1126,20296,completed,36
39750,Rigid,2876670,2895855,2903610,19185,7755,26940,completed,36
39751,Rigid,2876670,2895888,2903627,19218,7739,26957,completed,36
39752,Rigid,2876671,2896153,2897534,19482,1381,20863,completed,36
39753,Rigid,2876671,2896834,2898677,20163,1843,22006,completed,36
39754,Rigid,2876671,2896260,2907041,19589,10781,30370,completed,36
39755,Rigid,2876671,2896646,2907697,19975,11051,31026,completed,36
39756,Rigid,2876671,2896850,2911528,20179,14678,34857,completed,36
39757,Rigid,2876671,2896967,2911675,20296,14708,35004,completed,36
39758,Rigid,2876672,2897582,2897660,20910,78,20988,completed,36
39759,Rigid,2876672,2897653,2897735,20981,82,21063,completed,36
39760,Rigid,2876672,2897132,2899581,20460,2449,22909,completed,36
39761,Rigid,2876672,2897535,2900596,20863,3061,23924,completed,36
39762,Rigid,2876672,2897430,2915748,20758,18318,39076,completed,36
39763,Rigid,2876672,2897446,2915289,20774,17843,38617,completed,36
39764,Rigid,2876673,2897661,2897697,20988,36,21024,completed,36
39765,Rigid,2876673,2897698,2898257,21025,559,21584,completed,36
39766,Rigid,2876673,2897736,2898305,21063,569,21632,completed,36
39767,Rigid,2876673,2898069,2898248,21396,179,21575,completed,36
39768,Rigid,2876673,2898250,2899317,21577,1067,22644,completed,36
39769,Rigid,2876673,2898259,2899353,21586,1094,22680,completed,36
39770,Rigid,2876674,2898307,2898642,21633,335,21968,completed,36
39771,Rigid,2876674,2898679,2899236,22005,557,22562,completed,36
39772,Rigid,2876674,2898538,2901475,21864,2937,24801,completed,36
39773,Rigid,2876674,2898556,2901517,21882,2961,24843,completed,36
39774,Rigid,2876674,2898643,2904607,21969,5964,27933,completed,36
39775,Rigid,2876674,2899111,2905158,22437,6047,28484,completed,36
39776,Rigid,2876674,2899237,2900363,22563,1126,23689,completed,36
39777,Rigid,2876675,2899250,2906682,22575,7432,30007,completed,36
39778,Rigid,2876675,2899318,2906936,22643,7618,30261,completed,36
39779,Rigid,2876675,2899342,2900728,22667,1386,24053,completed,36
39780,Rigid,2876675,2899354,2909652,22679,10298,32977,completed,36
39781,Rigid,2876675,2899431,2910646,22756,11215,33971,completed,36
39782,Rigid,2876676,2901203,2901289,24527,86,24613,completed,36
39783,Rigid,2876676,2899582,2901543,22906,1961,24867,completed,36
39784,Rigid,2876676,2900364,2902974,23688,2610,26298,completed,36
39785,Rigid,2876676,2900987,2904239,24311,3252,27563,completed,36
39786,Rigid,2876676,2899755,2914260,23079,14505,37584,completed,36
39787,Rigid,2876676,2899978,2914560,23302,14582,37884,completed,36
39788,Rigid,2876676,2900597,2918924,23921,18327,42248,completed,36
39789,Rigid,2876676,2900729,2919109,24053,18380,42433,completed,36
39790,Rigid,2876677,2901337,2901427,24660,90,24750,completed,36
39791,Rigid,2876677,2901289,2901335,24612,46,24658,completed,36
39792,Rigid,2876677,2901389,2901687,24712,298,25010,completed,36
39793,Rigid,2876677,2901428,2901740,24751,312,25063,completed,36
39794,Rigid,2876677,2901476,2901587,24799,111,24910,completed,36
39795,Rigid,2876677,2901518,2904165,24841,2647,27488,completed,36
39796,Rigid,2876677,2901544,2904104,24867,2560,27427,completed,36
39797,Rigid,2876678,2901589,2902057,24911,468,25379,completed,36
39798,Rigid,2876678,2901688,2905646,25010,3958,28968,completed,36
39799,Rigid,2876678,2901981,2906319,25303,4338,29641,completed,36
39800,Rigid,2876678,2901740,2902769,25062,1029,26091,completed,36
39801,Rigid,2876678,2902058,2910309,25380,8251,33631,completed,36
39802,Rigid,2876679,2902770,2911310,26091,8540,34631,completed,36
39803,Rigid,2876679,2902976,2904391,26297,1415,27712,completed,36
39804,Rigid,2876679,2904105,2906121,27426,2016,29442,completed,36
39805,Rigid,2876679,2904392,2906917,27713,2525,30238,completed,36
39806,Rigid,2876679,2903611,2915493,26932,11882,38814,completed,36
39807,Rigid,2876679,2903628,2915339,26949,11711,38660,completed,36
39808,Rigid,2876679,2904167,2919368,27488,15201,42689,completed,36
39809,Rigid,2876679,2904241,2919299,27562,15058,42620,completed,36
39810,Rigid,2876680,2906106,2906193,29426,87,29513,completed,36
39811,Rigid,2876680,2905592,2909031,28912,3439,32351,completed,36
39812,Rigid,2876680,2905963,2910753,29283,4790,34073,completed,36
39813,Rigid,2876680,2904609,2925565,27929,20956,48885,completed,36
39814,Rigid,2876680,2905159,2925454,28479,20295,48774,completed,36
39815,Rigid,2876680,2905647,2933708,28967,28061,57028,completed,36
39816,Rigid,2876680,2905676,2928019,28996,22343,51339,completed,36
39817,Rigid,2876681,2906122,2906218,29441,96,29537,completed,36
39818,Rigid,2876681,2906194,2906238,29513,44,29557,completed,36
39819,Rigid,2876681,2906220,2906540,29539,320,29859,completed,36
39820,Rigid,2876681,2906240,2906566,29559,326,29885,completed,36
39821,Rigid,2876681,2906320,2906431,29639,111,29750,completed,36
39822,Rigid,2876681,2906433,2908823,29752,2390,32142,completed,36
39823,Rigid,2876682,2906541,2907040,29859,499,30358,completed,36
39824,Rigid,2876682,2906400,2909262,29718,2862,32580,completed,36
39825,Rigid,2876682,2906567,2912854,29885,6287,36172,completed,36
39826,Rigid,2876682,2906616,2912717,29934,6101,36035,completed,36
39827,Rigid,2876682,2906683,2907758,30001,1075,31076,completed,36
39828,Rigid,2876682,2906918,2915157,30236,8239,38475,completed,36
39829,Rigid,2876683,2906937,2915810,30254,8873,39127,completed,36
39830,Rigid,2876683,2906978,2908462,30295,1484,31779,completed,36
39831,Rigid,2876683,2907055,2909142,30372,2087,32459,completed,36
39832,Rigid,2876683,2907041,2919216,30358,12175,42533,completed,36
39833,Rigid,2876683,2907041,2919443,30358,12402,42760,completed,36
39834,Rigid,2876683,2907560,2923903,30877,16343,47220,completed,36
39835,Rigid,2876683,2907698,2923490,31015,15792,46807,completed,36
39836,Rigid,2876684,2909052,2909155,32368,103,32471,completed,36
39837,Rigid,2876684,2907759,2910394,31075,2635,33710,completed,36
39838,Rigid,2876684,2908463,2911877,31779,3414,35193,completed,36
39839,Rigid,2876684,2909032,2913740,32348,4708,37056,completed,36
39840,Rigid,2876684,2908217,2928703,31533,20486,52019,completed,36
39841,Rigid,2876684,2908023,2928754,31339,20731,52070,completed,36
39842,Rigid,2876684,2908674,2936919,31990,28245,60235,completed,36
39843,Rigid,2876684,2908824,2938018,32140,29194,61334,completed,36
39844,Rigid,2876685,2909156,2909207,32471,51,32522,completed,36
39845,Rigid,2876685,2909143,2909251,32458,108,32566,completed,36
39846,Rigid,2876685,2909208,2909534,32523,326,32849,completed,36
39847,Rigid,2876685,2909253,2909608,32568,355,32923,completed,36
39848,Rigid,2876685,2909263,2909381,32578,118,32696,completed,36
39849,Rigid,2876686,2909382,2911233,32696,1851,34547,completed,36
39850,Rigid,2876686,2909536,2911266,32850,1730,34580,completed,36
39851,Rigid,2876687,2909609,2910158,32922,549,33471,completed,36
39852,Rigid,2876687,2909653,2916118,32966,6465,39431,completed,36
39853,Rigid,2876687,2909703,2915850,33016,6147,39163,completed,36
39854,Rigid,2876687,2910159,2911345,33472,1186,34658,completed,36
39855,Rigid,2876687,2910310,2917789,33623,7479,41102,completed,36
39856,Rigid,2876687,2910395,2919189,33708,8794,42502,completed,36
39857,Rigid,2876687,2910647,2912276,33960,1629,35589,completed,36
39858,Rigid,2876688,2910754,2920146,34066,9392,43458,completed,36
39859,Rigid,2876688,2911267,2913569,34579,2302,36881,completed,36
39860,Rigid,2876688,2911234,2923903,34546,12669,47215,completed,36
39861,Rigid,2876688,2911313,2927115,34625,15802,50427,completed,36
39862,Rigid,2876688,2911347,2926794,34659,15447,50106,completed,36
39863,Rigid,2876689,2911529,2914419,34840,2890,37730,completed,36
39864,Rigid,2876689,2912194,2915934,35505,3740,39245,completed,36
39865,Rigid,2876689,2911676,2932477,34987,20801,55788,completed,36
39866,Rigid,2876689,2911878,2927305,35189,15427,50616,completed,36
39867,Rigid,2876690,2912855,2912942,36165,87,36252,completed,36
39868,Rigid,2876690,2912718,2917893,36028,5175,41203,completed,36
39869,Rigid,2876690,2912277,2940885,35587,28608,64195,completed,36
39870,Rigid,2876690,2912345,2942634,35655,30289,65944,completed,36
39871,Rigid,2876691,2912943,2913037,36252,94,36346,completed,36
39872,Rigid,2876691,2913038,2913082,36347,44,36391,completed,36
39873,Rigid,2876691,2913083,2913399,36392,316,36708,completed,36
39874,Rigid,2876691,2913106,2913431,36415,325,36740,completed,36
39875,Rigid,2876692,2913401,2913520,36709,119,36828,completed,36
39876,Rigid,2876692,2913570,2914061,36878,491,37369,completed,36
39877,Rigid,2876692,2913432,2916224,36740,2792,39532,completed,36
39878,Rigid,2876692,2913521,2915804,36829,2283,39112,completed,36
39879,Rigid,2876692,2913741,2919909,37049,6168,43217,completed,36
39880,Rigid,2876693,2914062,2920450,37369,6388,43757,completed,36
39881,Rigid,2876693,2914261,2915472,37568,1211,38779,completed,36
39882,Rigid,2876693,2914420,2922672,37727,8252,45979,completed,36
39883,Rigid,2876693,2914562,2920941,37869,6379,44248,completed,36
39884,Rigid,2876693,2915158,2916763,38465,1605,40070,completed,36
39885,Rigid,2876693,2915290,2927677,38597,12387,50984,completed,36
39886,Rigid,2876694,2915405,2917765,38711,2360,41071,completed,36
39887,Rigid,2876694,2915749,2918714,39055,2965,42020,completed,36
39888,Rigid,2876694,2915851,2919707,39157,3856,43013,completed,36
39889,Rigid,2876694,2915340,2927684,38646,12344,50990,completed,36
39890,Rigid,2876694,2915477,2930532,38783,15055,53838,completed,36
39891,Rigid,2876694,2915494,2931927,38800,16433,55233,completed,36
39892,Rigid,2876694,2915806,2937987,39112,22181,61293,completed,36
39893,Rigid,2876694,2915811,2936274,39117,20463,59580,completed,36
39894,Rigid,2876695,2916384,2916475,39689,91,39780,completed,36
39895,Rigid,2876695,2916476,2916571,39781,95,39876,completed,36
39896,Rigid,2876695,2916572,2916618,39877,46,39923,completed,36
39897,Rigid,2876695,2916225,2921625,39530,5400,44930,completed,36
39898,Rigid,2876695,2915935,2944196,39240,28261,67501,completed,36
39899,Rigid,2876695,2916118,2944407,39423,28289,67712,completed,36
39900,Rigid,2876696,2916620,2916920,39924,300,40224,completed,36
39901,Rigid,2876696,2916764,2917092,40068,328,40396,completed,36
39902,Rigid,2876696,2916898,2917017,40202,119,40321,completed,36
39903,Rigid,2876696,2917093,2917622,40397,529,40926,completed,36
39904,Rigid,2876696,2916921,2918659,40225,1738,41963,completed,36
39905,Rigid,2876696,2917018,2918970,40322,1952,42274,completed,36
39906,Rigid,2876697,2917577,2923818,40880,6241,47121,completed,36
39907,Rigid,2876697,2917698,2923634,41001,5936,46937,completed,36
39908,Rigid,2876697,2917788,2918929,41091,1141,42232,completed,36
39909,Rigid,2876697,2917909,2926021,41212,8112,49324,completed,36
39910,Rigid,2876697,2918119,2926956,41422,8837,50259,completed,36
39911,Rigid,2876697,2918660,2920241,41963,1581,43544,completed,36
39912,Rigid,2876697,2918781,2930941,42084,12160,54244,completed,36
39913,Rigid,2876698,2918931,2921165,42233,2234,44467,completed,36
39914,Rigid,2876698,2919382,2922203,42684,2821,45505,completed,36
39915,Rigid,2876698,2918931,2931195,42233,12264,54497,completed,36
39916,Rigid,2876698,2918931,2934446,42233,15515,57748,completed,36
39917,Rigid,2876698,2919322,2934824,42624,15502,58126,completed,36
39918,Rigid,2876698,2919412,2939717,42714,20305,63019,completed,36
39919,Rigid,2876699,2919911,2923531,43212,3620,46832,completed,36
39920,Rigid,2876699,2920242,2925316,43543,5074,48617,completed,36
39921,Rigid,2876699,2919472,2940115,42773,20643,63416,completed,36
39922,Rigid,2876699,2920148,2948261,43449,28113,71562,completed,36
39923,Rigid,2876699,2920208,2948420,43509,28212,71721,completed,36
39924,Rigid,2877127,2877798,2877801,671,3,674,completed,144
39925,Rigid,2878163,2878163,2878353,0,190,190,completed,1
39926,Rigid,2879351,2879351,2879353,0,2,2,completed,1
39927,Rigid,2879351,2879351,2879353,0,2,2,completed,1
39928,Rigid,2879351,2879351,2879353,0,2,2,completed,1
39929,Rigid,2879785,2879785,2879816,0,31,31,completed,36
39930,Rigid,2879850,2879850,2879860,0,10,10,completed,36
39931,Rigid,2879865,2879865,2879895,0,30,30,completed,36
39932,Rigid,2879925,2879926,2879927,1,1,2,completed,1
39933,Rigid,2879925,2879926,2879927,1,1,2,completed,1
39934,Rigid,2879925,2879926,2879927,1,1,2,completed,1
39935,Rigid,2879942,2880241,2880248,299,7,306,completed,144
39936,Rigid,2880670,2880671,2880689,1,18,19,completed,36
39937,Rigid,2880877,2880877,2880887,0,10,10,completed,36
39938,Rigid,2880919,2880920,2880925,1,5,6,completed,36
39939,Rigid,2881078,2881078,2881108,0,30,30,completed,36
39940,Rigid,2881196,2881197,2881226,1,29,30,completed,36
39941,Rigid,2881208,2881230,2881260,22,30,52,completed,36
39942,Rigid,2881362,2881365,2881382,3,17,20,completed,36
39943,Rigid,2881378,2881384,2881396,6,12,18,completed,36
39944,Rigid,2881476,2925344,3173909,43868,248565,292433,completed,144
39945,Rigid,2881492,2881560,2881794,68,234,302,completed,36
39946,Rigid,2881586,2881586,2881596,0,10,10,completed,36
39947,Rigid,2881596,2881598,2881646,2,48,50,completed,36
39948,Rigid,2881758,2881759,2881845,1,86,87,completed,36
39949,Rigid,2881860,2881860,2881919,0,59,59,completed,36
39950,Rigid,2881946,2881947,2881981,1,34,35,completed,36
39951,Rigid,2881963,2881982,2882001,19,19,38,completed,36
39952,Rigid,2881983,2882003,2882015,20,12,32,completed,36
39953,Rigid,2882039,2882040,2882049,1,9,10,completed,36
39954,Rigid,2882048,2882049,2882057,1,8,9,completed,36
39955,Rigid,2882243,2882243,2882258,0,15,15,completed,36
39956,Rigid,2882264,2882264,2882287,0,23,23,completed,36
39957,Rigid,2882291,2882291,2882330,0,39,39,completed,36
39958,Rigid,2882298,2882331,2882398,33,67,100,completed,36
39959,Rigid,2882373,2882400,2882514,27,114,141,completed,36
39960,Rigid,2882550,2889286,2897237,6736,7951,14687,completed,432
39961,Rigid,2882561,2882562,2882820,1,258,259,completed,36
39962,Rigid,2883655,2883656,2883668,1,12,13,completed,36
39963,Rigid,2883665,2883669,2883682,4,13,17,completed,36
39964,Rigid,2883686,2883687,2883711,1,24,25,completed,36
39965,Rigid,2883694,2883712,2883752,18,40,58,completed,36
39966,Rigid,2883719,2883753,2883821,34,68,102,completed,36
39967,Rigid,2883757,2883822,2883948,65,126,191,completed,36
39968,Rigid,2884040,2884041,2884380,1,339,340,completed,36
39969,Rigid,2884047,2884048,2884225,1,177,178,completed,36
39970,Rigid,2884057,2884122,2884222,65,100,165,completed,36
39971,Rigid,2884064,2884223,2884280,159,57,216,completed,36
39972,Rigid,2884074,2884227,2884261,153,34,187,completed,36
39973,Rigid,2884081,2884262,2884281,181,19,200,completed,36
39974,Rigid,2884363,2884381,2884397,18,16,34,completed,36
39975,Rigid,2884371,2884398,2884408,27,10,37,completed,36
39976,Rigid,2884380,2884410,2884418,30,8,38,completed,36
39977,Rigid,2884388,2884419,2884425,31,6,37,completed,36
39978,Rigid,2884395,2884427,2884433,32,6,38,completed,36
39979,Rigid,2884402,2884434,2884440,32,6,38,completed,36
39980,Rigid,2887215,2887216,2887235,1,19,20,completed,36
39981,Rigid,2887317,2887317,2887336,0,19,19,completed,36
39982,Rigid,2887343,2887344,2887362,1,18,19,completed,36
39983,Rigid,2887372,2887372,2887392,0,20,20,completed,36
39984,Rigid,2887435,2887437,2887456,2,19,21,completed,36
39985,Rigid,2887464,2887464,2888004,0,540,540,completed,36
39986,Rigid,2889686,2889687,2889719,1,32,33,completed,36
39987,Rigid,2889921,2889922,2889955,1,33,34,completed,36
39988,Rigid,2890131,2890132,2890146,1,14,15,completed,36
39989,Rigid,2890162,2890162,2890177,0,15,15,completed,36
39990,Rigid,2890229,2890230,2890447,1,217,218,completed,36
39991,Rigid,2890257,2890448,2890474,191,26,217,completed,36
39992,Rigid,2890578,2890578,2890586,0,8,8,completed,36
39993,Rigid,2890582,2890588,2890619,6,31,37,completed,36
39994,Rigid,2890623,2890624,2890636,1,12,13,completed,36
39995,Rigid,2890665,2890665,2890677,0,12,12,completed,36
39996,Rigid,2890781,2890781,2890812,0,31,31,completed,36
39997,Rigid,2890818,2890819,2890835,1,16,17,completed,36
39998,Rigid,2890822,2890836,2890857,14,21,35,completed,36
39999,Rigid,2890888,2890888,2890980,0,92,92,completed,36
